%%MatrixMarket matrix coordinate real general
66 66 244
1 1 5.8139623425823261e-05
1 2 -1.3517867854986996e-05
1 7 -9.8730870451500543e-06
1 45 -9.5623621458958597e-06
2 1 -1.3517867854986996e-05
2 2 5.3159779323546136e-05
2 25 -8.4564641132906492e-06
2 34 -9.3633420514055881e-06
3 3 5.7655898874528347e-05
3 8 -1.4150772064603965e-05
3 20 -1.0481524854314180e-05
3 62 -1.1941683914850872e-05
4 4 5.2300078413425442e-05
4 6 -1.1927852582984422e-05
4 25 -1.1955456334244013e-05
4 64 -8.4108288802742614e-06
5 5 5.5959728401365229e-05
5 9 -1.3020193055980342e-05
5 30 -1.0238657536527999e-05
5 61 -1.1298404254915063e-05
6 4 -1.1927852582984422e-05
6 6 5.2201367340928709e-05
6 35 -9.7058205294686173e-06
6 63 -1.1257291309562919e-05
7 1 -9.8730870451500543e-06
7 7 4.8841655981866993e-05
7 36 -8.5311112835069949e-06
7 60 -1.0396102683154983e-05
8 3 -1.4150772064603965e-05
8 8 5.3068681335132587e-05
8 47 -8.3876036188700716e-06
8 49 -1.1990085003844482e-05
9 5 -1.3020193055980342e-05
9 9 5.0919347771865435e-05
9 46 -1.1315338741443953e-05
9 48 -7.7598741723195126e-06
10 10 5.6625596683755730e-05
10 19 -8.6200212193107938e-06
10 21 -9.3368596306296578e-06
11 11 6.5128228140413479e-05
11 23 -1.0680075664083612e-05
11 32 -1.1001022883018776e-05
12 12 6.4645141511368950e-05
12 24 -1.0314267711600729e-05
12 31 -1.1046408471956631e-05
13 13 5.2878108985089180e-05
13 15 -1.0977093993279057e-05
13 20 -1.0912499220094083e-05
13 30 -1.0505876170774293e-05
14 14 5.5002405093769550e-05
14 33 -7.7331288193125155e-06
14 34 -8.0645566483838500e-06
15 13 -1.0977093993279057e-05
15 15 5.8654959580837639e-05
15 47 -1.2125629207255237e-05
15 48 -1.2211016551902576e-05
16 16 6.1432757456820279e-05
16 21 -9.4840772245900643e-06
16 56 -1.2356241545990852e-05
17 17 6.8364752238040302e-05
17 23 -1.1084200004633881e-05
17 57 -1.2991266019218863e-05
18 18 6.5352792091955415e-05
18 24 -1.0953553958340808e-05
18 58 -1.2429456397060819e-05
19 10 -8.6200212193107938e-06
19 19 4.6358017216878028e-05
19 22 -9.3220812213290601e-06
19 36 -9.3638003215886454e-06
20 3 -1.0481524854314180e-05
20 13 -1.0912499220094083e-05
20 20 5.3728500294832307e-05
20 23 -1.2003268311117368e-05
21 10 -9.3368596306296578e-06
21 16 -9.4840772245900643e-06
21 21 5.0814956983322039e-05
21 46 -1.0694787223798384e-05
22 19 -9.3220812213290601e-06
22 22 5.8410846835260977e-05
22 59 -1.0444714991462102e-05
23 11 -1.0680075664083612e-05
23 17 -1.1084200004633881e-05
23 20 -1.2003268311117368e-05
23 23 5.4926815511588701e-05
24 12 -1.0314267711600729e-05
24 18 -1.0953553958340808e-05
24 24 5.3064041882537591e-05
24 35 -1.1400806159669350e-05
25 2 -8.4564641132906492e-06
25 4 -1.1955456334244013e-05
25 25 4.9730073642426860e-05
25 33 -9.5177460481449863e-06
26 26 7.0535297259236962e-05
26 31 -1.1485747620988366e-05
26 54 -1.4727536049229031e-05
27 27 6.4046251738505858e-05
27 32 -9.9598764537374084e-06
27 53 -1.2045730553540221e-05
28 28 6.1916773818441773e-05
28 33 -1.0084037805525407e-05
28 55 -1.2391299735070894e-05
29 29 5.9100675140800891e-05
29 34 -9.2086189410163785e-06
29 52 -1.1196505195424794e-05
30 5 -1.0238657536527999e-05
30 13 -1.0505876170774293e-05
30 30 5.2766091514948556e-05
30 32 -1.1851189425183803e-05
31 12 -1.1046408471956631e-05
31 26 -1.1485747620988366e-05
31 31 5.7711530469382989e-05
31 49 -1.2319675148787947e-05
32 11 -1.1001022883018776e-05
32 27 -9.9598764537374084e-06
32 30 -1.1851189425183803e-05
32 32 5.3383794139354090e-05
33 14 -7.7331288193125155e-06
33 25 -9.5177460481449863e-06
33 28 -1.0084037805525407e-05
33 33 4.4533813540400074e-05
34 2 -9.3633420514055881e-06
34 14 -8.0645566483838500e-06
34 29 -9.2086189410163785e-06
34 34 4.4410811129608972e-05
35 6 -9.7058205294686173e-06
35 24 -1.1400806159669350e-05
35 35 5.2278408953056792e-05
35 65 -1.2544892689840382e-05
36 7 -8.5311112835069949e-06
36 19 -9.3638003215886454e-06
36 36 4.8661847856453611e-05
36 66 -1.1834232465196634e-05
37 37 6.7570904453802751e-05
37 41 -1.4496430391253024e-05
37 54 -8.4196409762640382e-06
38 38 5.6868847579066257e-05
38 42 -1.2218306605229973e-05
38 53 -7.5003883075924126e-06
39 39 5.7251030976566403e-05
39 40 -1.2212522537207725e-05
39 55 -7.0880967615012558e-06
40 39 -1.2212522537207725e-05
40 40 5.6836088919594591e-05
40 58 -7.4937540169252245e-06
41 37 -1.4496430391253024e-05
41 41 6.8153694904036043e-05
41 57 -8.9773603603345026e-06
42 38 -1.2218306605229973e-05
42 42 5.7332824181953065e-05
42 56 -7.1513092204282569e-06
43 43 5.5670245330976502e-05
43 44 -1.1225085507551105e-05
43 59 -7.0329442356099947e-06
44 43 -1.1225085507551105e-05
44 44 5.5342567951238306e-05
44 52 -6.7024240667106956e-06
45 1 -9.5623621458958597e-06
45 45 4.9903094900014333e-05
45 51 -1.1299416828408838e-05
45 64 -9.0491579455631184e-06
46 9 -1.1315338741443953e-05
46 21 -1.0694787223798384e-05
46 46 4.6852298994712213e-05
46 66 -7.7163849176636187e-06
47 8 -8.3876036188700716e-06
47 15 -1.2125629207255237e-05
47 47 5.0919772358400426e-05
47 50 -1.1995128287141257e-05
48 9 -7.7598741723195126e-06
48 15 -1.2211016551902576e-05
48 48 5.0806770202192640e-05
48 51 -1.1786727028202110e-05
49 8 -1.1990085003844482e-05
49 31 -1.2319675148787947e-05
49 49 5.1415943919353367e-05
49 65 -9.3377274924371314e-06
50 47 -1.1995128287141257e-05
50 50 5.2182200164920212e-05
50 64 -1.3408151936415929e-05
50 65 -8.8175842580543841e-06
51 45 -1.1299416828408838e-05
51 48 -1.1786727028202110e-05
51 51 4.9175587509716626e-05
51 66 -8.1136553805634906e-06
52 29 -1.1196505195424794e-05
52 44 -6.7024240667106956e-06
52 52 4.2815088913406405e-05
52 60 -9.0667763372077926e-06
53 27 -1.2045730553540221e-05
53 38 -7.5003883075924126e-06
53 53 4.4603122389141884e-05
53 61 -9.7126591444338412e-06
54 26 -1.4727536049229031e-05
54 37 -8.4196409762640382e-06
54 54 5.2295017954741101e-05
54 62 -1.1473537059446167e-05
55 28 -1.2391299735070894e-05
55 39 -7.0880967615012558e-06
55 55 4.5929027912896516e-05
55 63 -1.0227369090134780e-05
56 16 -1.2356241545990852e-05
56 42 -7.1513092204282569e-06
56 56 4.5211880826305751e-05
56 61 -9.8166624050937185e-06
57 17 -1.2991266019218863e-05
57 41 -8.9773603603345026e-06
57 57 4.7506229846101843e-05
57 62 -9.9486131619964357e-06
58 18 -1.2429456397060819e-05
58 40 -7.4937540169252245e-06
58 58 4.4418332658391793e-05
58 63 -9.3119922187377745e-06
59 22 -1.0444714991462102e-05
59 43 -7.0329442356099947e-06
59 59 3.9383680080938422e-05
59 60 -7.7341676718935771e-06
60 7 -1.0396102683154983e-05
60 52 -9.0667763372077926e-06
60 59 -7.7341676718935771e-06
60 60 4.2544558244186159e-05
61 5 -1.1298404254915063e-05
61 53 -9.7126591444338412e-06
61 56 -9.8166624050937185e-06
61 61 4.6891762067433987e-05
62 3 -1.1941683914850872e-05
62 54 -1.1473537059446167e-05
62 57 -9.9486131619964357e-06
62 62 4.9901574229775880e-05
63 6 -1.1257291309562919e-05
63 55 -1.0227369090134780e-05
63 58 -9.3119922187377745e-06
63 63 4.6441876694040861e-05
64 4 -8.4108288802742614e-06
64 45 -9.0491579455631184e-06
64 50 -1.3408151936415929e-05
64 64 4.8816894983297964e-05
65 35 -1.2544892689840382e-05
65 49 -9.3377274924371314e-06
65 50 -8.8175842580543841e-06
65 65 4.5790411644056156e-05
66 36 -1.1834232465196634e-05
66 46 -7.7163849176636187e-06
66 51 -8.1136553805634906e-06
66 66 4.2420933162930510e-05
