%%MatrixMarket matrix coordinate real general
66 66 244
1 1 5.8181342965320746e-05
1 2 -1.3526890023379392e-05
1 7 -9.8797373078553351e-06
1 45 -9.5693588412147867e-06
2 1 -1.3526890023379392e-05
2 2 5.3192606854451200e-05
2 25 -8.4671618541163069e-06
2 34 -9.3673952909794623e-06
3 3 5.7683991749078134e-05
3 8 -1.4157360707914325e-05
3 20 -1.0486591609112035e-05
3 62 -1.1945794956594052e-05
4 4 5.2364717697969118e-05
4 6 -1.1946036615225130e-05
4 25 -1.1968605793057651e-05
4 64 -8.4199757239452015e-06
5 5 5.6044827332588777e-05
5 9 -1.3038434541872645e-05
5 30 -1.0252112532987865e-05
5 61 -1.1316131448916513e-05
6 4 -1.1946036615225130e-05
6 6 5.2288317619310977e-05
6 35 -9.7197729249334813e-06
6 63 -1.1276642256414068e-05
7 1 -9.8797373078553351e-06
7 7 4.8864921717427058e-05
7 36 -8.5358653531276799e-06
7 60 -1.0400099277601622e-05
8 3 -1.4157360707914325e-05
8 8 5.3098487004719225e-05
8 47 -8.3916411211679698e-06
8 49 -1.1999483142035603e-05
9 5 -1.3038434541872645e-05
9 9 5.0979108705340730e-05
9 46 -1.1327211910947615e-05
9 48 -7.7682833638206543e-06
10 10 5.6666323563471869e-05
10 19 -8.6245173161453389e-06
10 21 -9.3459334944705686e-06
11 11 6.5817917126428970e-05
11 23 -1.0779344149426721e-05
11 32 -1.1103473494842286e-05
12 12 6.5352575757388591e-05
12 24 -1.0414058998880743e-05
12 31 -1.1152578834376256e-05
13 13 5.2920634349451712e-05
13 15 -1.0985658385176758e-05
13 20 -1.0919296865224763e-05
13 30 -1.0514584170742073e-05
14 14 5.5045738465495743e-05
14 33 -7.7403246616315874e-06
14 34 -8.0700996792018592e-06
15 13 -1.0985658385176758e-05
15 15 5.8703533304696774e-05
15 47 -1.2136045458409652e-05
15 48 -1.2220188763702458e-05
16 16 6.1548707893870151e-05
16 21 -9.4942855863229930e-06
16 56 -1.2395203770444060e-05
17 17 6.8797819712156848e-05
17 23 -1.1145019276455523e-05
17 57 -1.3063985093959725e-05
18 18 6.6458101591478238e-05
18 24 -1.1116058514976720e-05
18 58 -1.2618392711591484e-05
19 10 -8.6245173161453389e-06
19 19 4.6382635305274755e-05
19 22 -9.3264404696664272e-06
19 36 -9.3693022709750207e-06
20 3 -1.0486591609112035e-05
20 13 -1.0919296865224763e-05
20 20 5.3758368664663599e-05
20 23 -1.2005991111154909e-05
21 10 -9.3459334944705686e-06
21 16 -9.4942855863229930e-06
21 21 5.0872096762603488e-05
21 46 -1.0709707895220885e-05
22 19 -9.3264404696664272e-06
22 22 5.8425148192276779e-05
22 59 -1.0446597131718134e-05
23 11 -1.0779344149426721e-05
23 17 -1.1145019276455523e-05
23 20 -1.2005991111154909e-05
23 23 5.5094157441034864e-05
24 12 -1.0414058998880743e-05
24 18 -1.1116058514976720e-05
24 24 5.3346838434441972e-05
24 35 -1.1408223658992847e-05
25 2 -8.4671618541163069e-06
25 4 -1.1968605793057651e-05
25 25 4.9796434913299129e-05
25 33 -9.5306039422058603e-06
26 26 7.0967316683889737e-05
26 31 -1.1545824225475057e-05
26 54 -1.4805782671832236e-05
27 27 6.5173170582058618e-05
27 32 -1.0112637104512542e-05
27 53 -1.2235106172118124e-05
28 28 6.2030985270853891e-05
28 33 -1.0094423294950969e-05
28 55 -1.2428498358359829e-05
29 29 5.9116380402777814e-05
29 34 -9.2142790951698031e-06
29 52 -1.1198422469611413e-05
30 5 -1.0252112532987865e-05
30 13 -1.0514584170742073e-05
30 30 5.2825566473783778e-05
30 32 -1.1858581371045781e-05
31 12 -1.1152578834376256e-05
31 26 -1.1545824225475057e-05
31 31 5.7887539301932766e-05
31 49 -1.2323221596006058e-05
32 11 -1.1103473494842286e-05
32 27 -1.0112637104512542e-05
32 30 -1.1858581371045781e-05
32 32 5.3658808473200029e-05
33 14 -7.7403246616315874e-06
33 25 -9.5306039422058603e-06
33 28 -1.0094423294950969e-05
33 33 4.4581569701572835e-05
34 2 -9.3673952909794623e-06
34 14 -8.0700996792018592e-06
34 29 -9.2142790951698031e-06
34 34 4.4439046414077991e-05
35 6 -9.7197729249334813e-06
35 24 -1.1408223658992847e-05
35 35 5.2340843814718596e-05
35 65 -1.2555795444160849e-05
36 7 -8.5358653531276799e-06
36 19 -9.3693022709750207e-06
36 36 4.8693566301917607e-05
36 66 -1.1843748800693204e-05
37 37 6.7773702491087223e-05
37 41 -1.4537403429203572e-05
37 54 -8.4414752716256551e-06
38 38 5.8727740592632571e-05
38 42 -1.2591894312356832e-05
38 53 -7.7205844978799302e-06
39 39 5.8180925989208016e-05
39 40 -1.2586496735842695e-05
39 55 -7.1203681798359177e-06
40 39 -1.2586496735842695e-05
40 40 5.8697690363199601e-05
40 58 -7.7139438215377655e-06
41 37 -1.4537403429203572e-05
41 41 6.8352452346019093e-05
41 57 -9.0001602925429026e-06
42 38 -1.2591894312356832e-05
42 42 5.8263565163523410e-05
42 56 -7.1850637286114576e-06
43 43 5.5674547256937191e-05
43 44 -1.1225883138239626e-05
43 59 -7.0340760328322264e-06
44 43 -1.1225883138239626e-05
44 44 5.5347055708506137e-05
44 52 -6.7034564887734300e-06
45 1 -9.5693588412147867e-06
45 45 4.9943642728115175e-05
45 51 -1.1307987333627010e-05
45 64 -9.0587748588092337e-06
46 9 -1.1327211910947615e-05
46 21 -1.0709707895220885e-05
46 46 4.6916737719455005e-05
46 66 -7.7270209423396804e-06
47 8 -8.3916411211679698e-06
47 15 -1.2136045458409652e-05
47 47 5.0963415858176108e-05
47 50 -1.2005682464013310e-05
48 9 -7.7682833638206543e-06
48 15 -1.2220188763702458e-05
48 48 5.0859088471193135e-05
48 51 -1.1799390842661719e-05
49 8 -1.1999483142035603e-05
49 31 -1.2323221596006058e-05
49 49 5.1454132702854692e-05
49 65 -9.3453548826912483e-06
50 47 -1.2005682464013310e-05
50 50 5.2231205693702043e-05
50 64 -1.3420088584899634e-05
50 65 -8.8248119590762538e-06
51 45 -1.1307987333627010e-05
51 48 -1.1799390842661719e-05
51 51 4.9219137106082988e-05
51 66 -8.1199816411861668e-06
52 29 -1.1198422469611413e-05
52 44 -6.7034564887734300e-06
52 52 4.2825019476625693e-05
52 60 -9.0706984731161622e-06
53 27 -1.2235106172118124e-05
53 38 -7.7205844978799302e-06
53 53 4.5068041656546799e-05
53 61 -9.7324532054480702e-06
54 26 -1.4805782671832236e-05
54 37 -8.4414752716256551e-06
54 54 5.2358970285738104e-05
54 62 -1.1474633193194734e-05
55 28 -1.2428498358359829e-05
55 39 -7.1203681798359177e-06
55 55 4.6087820341805202e-05
55 63 -1.0258759948629420e-05
56 16 -1.2395203770444060e-05
56 42 -7.1850637286114576e-06
56 56 4.5372200471891893e-05
56 61 -9.8454797386737605e-06
57 17 -1.3063985093959725e-05
57 41 -9.0001602925429026e-06
57 57 4.7603573803972427e-05
57 62 -9.9493980335636326e-06
58 18 -1.2618392711591484e-05
58 40 -7.7139438215377655e-06
58 58 4.4880877038427293e-05
58 63 -9.3309949684616927e-06
59 22 -1.0446597131718134e-05
59 43 -7.0340760328322264e-06
59 59 3.9393003618654930e-05
59 60 -7.7375477944585832e-06
60 7 -1.0400099277601622e-05
60 52 -9.0706984731161622e-06
60 59 -7.7375477944585832e-06
60 60 4.2563675190475489e-05
61 5 -1.1316131448916513e-05
61 53 -9.7324532054480702e-06
61 56 -9.8454797386737605e-06
61 61 4.7011684331241496e-05
62 3 -1.1945794956594052e-05
62 54 -1.1474633193194734e-05
62 57 -9.9493980335636326e-06
62 62 4.9914955056505787e-05
63 6 -1.1276642256414068e-05
63 55 -1.0258759948629420e-05
63 58 -9.3309949684616927e-06
63 63 4.6567247208775968e-05
64 4 -8.4199757239452015e-06
64 45 -9.0587748588092337e-06
64 50 -1.3420088584899634e-05
64 64 4.8719170274858624e-05
65 35 -1.2555795444160849e-05
65 49 -9.3453548826912483e-06
65 50 -8.8248119590762538e-06
65 65 4.5830585251501389e-05
66 36 -1.1843748800693204e-05
66 46 -7.7270209423396804e-06
66 51 -8.1199816411861668e-06
66 66 4.2460533086438338e-05
