%%MatrixMarket matrix coordinate real general
66 66 244
1 1 2.4603263666891901e-04
1 2 -1.2470387145407878e-07
1 7 -9.1021868566885181e-08
1 45 -8.4724988218759476e-08
2 1 -1.2470387145407878e-07
2 2 2.1311500572872806e-04
2 25 -7.7357960243900395e-08
2 34 -8.7180172294996580e-08
3 3 1.9361240165746601e-04
3 8 -1.1135700447602257e-07
3 20 -8.2573433548605456e-08
3 62 -9.2184772050152021e-08
4 4 1.9100191008447338e-04
4 6 -1.0138846752102020e-07
4 25 -1.0450195404252298e-07
4 64 -7.2445897901407032e-08
5 5 2.0347038841782495e-04
5 9 -1.1021673479807709e-07
5 30 -8.3059466893199220e-08
5 61 -9.5866081998707678e-08
6 4 -1.0138846752102020e-07
6 6 1.8245905212674102e-04
6 35 -7.8987956708215819e-08
6 63 -9.5961530569092385e-08
7 1 -9.1021868566885181e-08
7 7 1.9574781079752390e-04
7 36 -8.0070962904644764e-08
7 60 -9.7926771917887853e-08
8 3 -1.1135700447602257e-07
8 8 1.7117061802179048e-04
8 47 -6.6769161383604594e-08
8 49 -9.5326246441084395e-08
9 5 -1.1021673479807709e-07
9 9 1.8033877825780230e-04
9 46 -9.8280026832856705e-08
9 48 -6.6736894654111423e-08
10 10 1.9623152054161177e-04
10 19 -8.3475139758978313e-08
10 21 -8.8189286457154099e-08
11 11 2.0164625432119774e-04
11 23 -8.4938960227534269e-08
11 32 -8.7353095929405752e-08
12 12 2.0164065213861725e-04
12 24 -8.2075705070261424e-08
12 31 -8.8036067209238909e-08
13 13 1.9079409695421318e-04
13 15 -8.8856665507120758e-08
13 20 -8.6064351931641121e-08
13 30 -8.5271365795794757e-08
14 14 1.5776437862841073e-04
14 33 -7.3396111734832366e-08
14 34 -7.8011434906276558e-08
15 13 -8.8856665507120758e-08
15 15 2.1911459764462792e-04
15 47 -9.9960282230187325e-08
15 48 -1.0135432453628793e-07
16 16 2.2088849061218960e-04
16 21 -8.9744365182167167e-08
16 56 -1.1287620515391722e-07
17 17 2.0467666315764527e-04
17 23 -8.6285725587521141e-08
17 57 -1.0119152900858498e-07
18 18 2.0993105822628209e-04
18 24 -8.9998971903825009e-08
18 58 -1.0195251158653152e-07
19 10 -8.3475139758978313e-08
19 19 1.8927203082510054e-04
19 22 -9.0195158448709429e-08
19 36 -8.7733122016592239e-08
20 3 -8.2573433548605456e-08
20 13 -8.6064351931641121e-08
20 20 1.8775048268979838e-04
20 23 -9.2622817287751895e-08
21 10 -8.8189286457154099e-08
21 16 -8.9744365182167167e-08
21 21 2.0878613364161980e-04
21 46 -9.6927823971503962e-08
22 19 -9.0195158448709429e-08
22 22 2.0194228479230008e-04
22 59 -1.0289935346981327e-07
23 11 -8.4938960227534269e-08
23 17 -8.6285725587521141e-08
23 20 -9.2622817287751895e-08
23 23 1.9579130741971429e-04
24 12 -8.2075705070261424e-08
24 18 -8.9998971903825009e-08
24 24 1.8905087495238863e-04
24 35 -8.9434597980450616e-08
25 2 -7.7357960243900395e-08
25 4 -1.0450195404252298e-07
25 25 1.9185588061841589e-04
25 33 -8.7002110401494890e-08
26 26 2.3048935663727606e-04
26 31 -8.9479522700893894e-08
26 54 -1.1484364408598166e-07
27 27 1.9665342346260120e-04
27 32 -8.1858438987110562e-08
27 53 -9.8815533981513499e-08
28 28 2.1861214398616666e-04
28 33 -9.5899370338879482e-08
28 55 -1.1327669542509269e-07
29 29 2.0889225921563904e-04
29 34 -8.9017683312431833e-08
29 52 -1.1015308362815186e-07
30 5 -8.3059466893199220e-08
30 13 -8.5271365795794757e-08
30 30 1.8899930630911728e-04
30 32 -9.2825862493592756e-08
31 12 -8.8036067209238909e-08
31 26 -8.9479522700893894e-08
31 31 2.0956950020441473e-04
31 49 -9.5319292389726260e-08
32 11 -8.7353095929405752e-08
32 27 -8.1858438987110562e-08
32 30 -9.2825862493592756e-08
32 32 1.9048867978204386e-04
33 14 -7.3396111734832366e-08
33 25 -8.7002110401494890e-08
33 28 -9.5899370338879482e-08
33 33 1.6950574008119172e-04
34 2 -8.7180172294996580e-08
34 14 -7.8011434906276558e-08
34 29 -8.9017683312431833e-08
34 34 1.7643258381612220e-04
35 6 -7.8987956708215819e-08
35 24 -8.9434597980450616e-08
35 35 1.7521479171362576e-04
35 65 -1.0221661508593617e-07
36 7 -8.0070962904644764e-08
36 19 -8.7733122016592239e-08
36 36 1.8625570028801952e-04
36 66 -1.0787276082035311e-07
37 37 1.8303162347176012e-04
37 41 -1.1015339376239353e-07
37 54 -6.4280968097635312e-08
38 38 1.8241293076864116e-04
38 42 -1.1111343472294427e-07
38 53 -6.8616673360508250e-08
39 39 1.7518533354667082e-04
39 40 -1.1111375058271669e-07
39 55 -6.5356627240544471e-08
40 39 -1.1111375058271669e-07
40 40 1.8240352729646152e-04
40 58 -6.8583585635823526e-08
41 37 -1.1015339376239353e-07
41 41 1.8299378649395834e-04
41 57 -6.8478620816007572e-08
42 38 -1.1111343472294427e-07
42 42 1.7518573862126215e-04
42 56 -6.5894416653444581e-08
43 43 1.7447790553487680e-04
43 44 -1.1207540861603710e-07
43 59 -6.9242843213255877e-08
44 43 -1.1207540861603710e-07
44 44 1.7447396412958305e-04
44 52 -6.5896356194402007e-08
45 1 -8.4724988218759476e-08
45 45 1.9159369043013477e-04
45 51 -9.9826346073226496e-08
45 64 -7.7835364972315862e-08
46 9 -9.8280026832856705e-08
46 21 -9.6927823971503962e-08
46 46 1.6649011255766177e-04
46 66 -7.0136303120745739e-08
47 8 -6.6769161383604594e-08
47 15 -9.9960282230187325e-08
47 47 1.7300670224930389e-04
47 50 -9.8860113514961329e-08
48 9 -6.6736894654111423e-08
48 15 -1.0135432453628793e-07
48 48 1.8199134264871000e-04
48 51 -1.0123784515224711e-07
49 8 -9.5326246441084395e-08
49 31 -9.5319292389726260e-08
49 49 1.6530640949249356e-04
49 65 -7.4118351913363467e-08
50 47 -9.8860113514961329e-08
50 50 1.6966207417409769e-04
50 64 -1.1185335195536129e-07
50 65 -7.1639579490210610e-08
51 45 -9.9826346073226496e-08
51 48 -1.0123784515224711e-07
51 51 1.7317156529151503e-04
51 66 -7.1545915133296285e-08
52 29 -1.1015308362815186e-07
52 44 -6.5896356194402007e-08
52 52 1.5820001349468410e-04
52 60 -8.7756512471299574e-08
53 27 -9.8815533981513499e-08
53 38 -6.8616673360508250e-08
53 53 1.4565485223418963e-04
53 61 -7.8384103125273035e-08
54 26 -1.1484364408598166e-07
54 37 -6.4280968097635312e-08
54 54 1.6333588645187950e-04
54 62 -8.7672826723104468e-08
55 28 -1.1327669542509269e-07
55 39 -6.5356627240544471e-08
55 55 1.5964985365855545e-04
55 63 -8.7778678190741303e-08
56 16 -1.1287620515391722e-07
56 42 -6.5894416653444581e-08
56 56 1.5625933006261852e-04
56 61 -8.3892025605295970e-08
57 17 -1.0119152900858498e-07
57 41 -6.8478620816007572e-08
57 57 1.4494241549863152e-04
57 62 -7.5898830986280534e-08
58 18 -1.0195251158653152e-07
58 40 -6.8583585635823526e-08
58 58 1.4407556977479884e-04
58 63 -7.5193916785115082e-08
59 22 -1.0289935346981327e-07
59 43 -6.9242843213255877e-08
59 59 1.4167302320757007e-04
59 60 -7.4857760150375900e-08
60 7 -9.7926771917887853e-08
60 52 -8.7756512471299574e-08
60 59 -7.4857760150375900e-08
60 60 1.5257101909084550e-04
61 5 -9.5866081998707678e-08
61 53 -7.8384103125273035e-08
61 56 -8.3892025605295970e-08
61 61 1.5360581637980039e-04
62 3 -9.2184772050152021e-08
62 54 -8.7672826723104468e-08
62 57 -7.5898830986280534e-08
62 62 1.5225748958045974e-04
63 6 -9.5961530569092385e-08
63 55 -8.7778678190741303e-08
63 58 -7.5193916785115082e-08
63 63 1.5033331296268105e-04
64 4 -7.2445897901407032e-08
64 45 -7.7835364972315862e-08
64 50 -1.1185335195536129e-07
64 64 1.7003442903926755e-04
65 35 -1.0221661508593617e-07
65 49 -7.4118351913363467e-08
65 50 -7.1639579490210610e-08
65 65 1.4123692690203092e-04
66 36 -1.0787276082035311e-07
66 46 -7.0136303120745739e-08
66 51 -7.1545915133296285e-08
66 66 1.4253595763179795e-04
