%%MatrixMarket matrix coordinate real general
66 66 244
1 1 5.7541936125938401e-05
1 2 -1.3391190610045078e-05
1 7 -9.7798002776715785e-06
1 45 -9.4668877563285226e-06
2 1 -1.3391190610045078e-05
2 2 5.2709378718645731e-05
2 25 -8.3071671610315940e-06
2 34 -9.3105301302870085e-06
3 3 5.7246513592930358e-05
3 8 -1.4054988995514512e-05
3 20 -1.0406768350810045e-05
3 62 -1.1875239077396429e-05
4 4 5.1447154367242219e-05
4 6 -1.1683416525328509e-05
4 25 -1.1780452222541844e-05
4 64 -8.2808346430946762e-06
5 5 5.4807195540349773e-05
5 9 -1.2775776529472508e-05
5 30 -1.0044168745799569e-05
5 61 -1.1055944386845946e-05
6 4 -1.1683416525328509e-05
6 6 5.1011714563639979e-05
6 35 -9.5031138615585944e-06
6 63 -1.0991781091351258e-05
7 1 -9.7798002776715785e-06
7 7 4.8521892919263233e-05
7 36 -8.4646221521835860e-06
7 60 -1.0341885833960956e-05
8 3 -1.4054988995514512e-05
8 8 5.2646921870380025e-05
8 47 -8.3323571749792030e-06
8 49 -1.1845993764456599e-05
9 5 -1.2775776529472508e-05
9 9 5.0125733318491649e-05
9 46 -1.1158900006743955e-05
9 48 -7.6392516264411470e-06
10 10 5.6071032565254637e-05
10 19 -8.5547357542004083e-06
10 21 -9.2123947024411811e-06
11 11 5.7479063258841921e-05
11 23 -9.5673021907149174e-06
11 32 -9.8478515685912068e-06
12 12 5.6877134936631243e-05
12 24 -9.2063645917049691e-06
12 31 -9.8729772782699309e-06
13 13 5.2266138705798506e-05
13 15 -1.0856323812557223e-05
13 20 -1.0809620411883764e-05
13 30 -1.0380371837767510e-05
14 14 5.4399975389000714e-05
14 33 -7.6348733172736916e-06
14 34 -7.9836021500272326e-06
15 13 -1.0856323812557223e-05
15 15 5.7994566866967138e-05
15 47 -1.1973840481819249e-05
15 48 -1.2085152327827517e-05
16 16 5.9905674701207538e-05
16 21 -9.3414162621105987e-06
16 56 -1.1868101845767140e-05
17 17 6.2780074047972634e-05
17 23 -1.0291142615884394e-05
17 57 -1.2041403631585868e-05
18 18 5.5452324649025108e-05
18 24 -9.4580726076821736e-06
18 58 -1.0671471558989909e-05
19 10 -8.5547357542004083e-06
19 19 4.6003231821980903e-05
19 22 -9.2594787197960589e-06
19 36 -9.2865622988887972e-06
20 3 -1.0406768350810045e-05
20 13 -1.0809620411883764e-05
20 20 5.3314778354257361e-05
20 23 -1.1990485469286418e-05
21 10 -9.2123947024411811e-06
21 16 -9.3414162621105987e-06
21 21 5.0017400663131557e-05
21 46 -1.0484368554875500e-05
22 19 -9.2594787197960589e-06
22 22 5.8200553777829045e-05
22 59 -1.0417318135925927e-05
23 11 -9.5673021907149174e-06
23 17 -1.0291142615884394e-05
23 20 -1.1990485469286418e-05
23 23 5.3092548796557175e-05
24 12 -9.2063645917049691e-06
24 18 -9.4580726076821736e-06
24 24 5.0183229040081101e-05
24 35 -1.1296795405586493e-05
25 2 -8.3071671610315940e-06
25 4 -1.1780452222541844e-05
25 25 4.8789974363287655e-05
25 33 -9.3366888668982267e-06
26 26 6.4983668951636771e-05
26 31 -1.0693459462838987e-05
26 54 -1.3694034433282846e-05
27 27 5.4186647111820650e-05
27 32 -8.5823451681575722e-06
27 53 -1.0317397341042474e-05
28 28 6.0414780614806229e-05
28 33 -9.9394801788590000e-06
28 55 -1.1926226063534876e-05
29 29 5.8869690622798067e-05
29 34 -9.1265785132612998e-06
29 52 -1.1168912895569816e-05
30 5 -1.0044168745799569e-05
30 13 -1.0380371837767510e-05
30 30 5.1896219776986092e-05
30 32 -1.1748527269543409e-05
31 12 -9.8729772782699309e-06
31 26 -1.0693459462838987e-05
31 31 5.5705941982600195e-05
31 49 -1.2295555352037411e-05
32 11 -9.8478515685912068e-06
32 27 -8.5823451681575722e-06
32 30 -1.1748527269543409e-05
32 32 5.0582742163266930e-05
33 14 -7.6348733172736916e-06
33 25 -9.3366888668982267e-06
33 28 -9.9394801788590000e-06
33 33 4.3870254930522200e-05
34 2 -9.3105301302870085e-06
34 14 -7.9836021500272326e-06
34 29 -9.1265785132612998e-06
34 34 4.4004035994721439e-05
35 6 -9.5031138615585944e-06
35 24 -1.1296795405586493e-05
35 35 5.1557135740422301e-05
35 65 -1.2391132270882830e-05
36 7 -8.4646221521835860e-06
36 19 -9.2865622988887972e-06
36 36 4.8215137240843783e-05
36 66 -1.1701552362284399e-05
37 37 6.4535789070443674e-05
37 41 -1.3881765336403595e-05
37 54 -8.0953935685238094e-06
38 38 4.6578811444497146e-05
38 42 -9.9448400989862416e-06
38 53 -6.2579960817933037e-06
39 39 4.7623965326825888e-05
39 40 -9.9394648570922412e-06
39 55 -6.6191403542167358e-06
40 39 -9.9394648570922412e-06
40 40 4.6553127477971341e-05
40 58 -6.2537786233888256e-06
41 37 -1.3881765336403595e-05
41 41 6.5149475314784028e-05
41 57 -8.6372830292700159e-06
42 38 -9.9448400989862416e-06
42 42 4.7694238412688078e-05
42 56 -6.6631388382710838e-06
43 43 5.5606964272233854e-05
43 44 -1.1213170463913548e-05
43 59 -7.0167296119221894e-06
44 43 -1.1213170463913548e-05
44 44 5.5276520229900971e-05
44 52 -6.6878461761548617e-06
45 1 -9.4668877563285226e-06
45 45 4.9336067186483878e-05
45 51 -1.1182475091923924e-05
45 64 -8.9132053611987774e-06
46 9 -1.1158900006743955e-05
46 21 -1.0484368554875500e-05
46 46 4.5949682122822192e-05
46 66 -7.5666569013893067e-06
47 8 -8.3323571749792030e-06
47 15 -1.1973840481819249e-05
47 47 5.0273312929994307e-05
47 50 -1.1840738644468747e-05
48 9 -7.6392516264411470e-06
48 15 -1.2085152327827517e-05
48 48 5.0023932387960397e-05
48 51 -1.1605701983015085e-05
49 8 -1.1845993764456599e-05
49 31 -1.2295555352037411e-05
49 49 5.1031175152783600e-05
49 65 -9.2198843729692006e-06
50 47 -1.1840738644468747e-05
50 50 5.1508363883455772e-05
50 64 -1.3240787777644498e-05
50 65 -8.7180101660304390e-06
51 45 -1.1182475091923924e-05
51 48 -1.1605701983015085e-05
51 51 4.8584270585846285e-05
51 66 -8.0270029618289086e-06
52 29 -1.1168912895569816e-05
52 44 -6.6878461761548617e-06
52 52 4.2671761815225864e-05
52 60 -9.0098243773571035e-06
53 27 -1.0317397341042474e-05
53 38 -6.2579960817933037e-06
53 53 4.0652549102999184e-05
53 61 -9.3610990551736711e-06
54 26 -1.3694034433282846e-05
54 37 -8.0953935685238094e-06
54 54 5.1077668522270059e-05
54 62 -1.1471885465980153e-05
55 28 -1.1926226063534876e-05
55 39 -6.6191403542167358e-06
55 55 4.4062252197747399e-05
55 63 -9.8132832874196190e-06
56 16 -1.1868101845767140e-05
56 42 -6.6631388382710838e-06
56 56 4.3121863706625361e-05
56 61 -9.4377212076690839e-06
57 17 -1.2041403631585868e-05
57 41 -8.6372830292700159e-06
57 57 4.6232631473456045e-05
57 62 -9.9508431892994909e-06
58 18 -1.0671471558989909e-05
58 40 -6.2537786233888256e-06
58 58 4.0480110600222969e-05
58 63 -8.9788445087171121e-06
59 22 -1.0417318135925927e-05
59 43 -7.0167296119221894e-06
59 59 3.9248051655324320e-05
59 60 -7.6850522710004266e-06
60 7 -1.0341885833960956e-05
60 52 -9.0098243773571035e-06
60 59 -7.6850522710004266e-06
60 60 4.2269092512234647e-05
61 5 -1.1055944386845946e-05
61 53 -9.3610990551736711e-06
61 56 -9.4377212076690839e-06
61 61 4.5245356173277278e-05
62 3 -1.1875239077396429e-05
62 54 -1.1471885465980153e-05
62 57 -9.9508431892994909e-06
62 62 4.9724764022048359e-05
63 6 -1.0991781091351258e-05
63 55 -9.8132832874196190e-06
63 58 -8.9788445087171121e-06
63 63 4.4727916311555773e-05
64 4 -8.2808346430946762e-06
64 45 -8.9132053611987774e-06
64 50 -1.3240787777644498e-05
64 64 4.8058011711057864e-05
65 35 -1.2391132270882830e-05
65 49 -9.2198843729692006e-06
65 50 -8.7180101660304390e-06
65 65 4.5250696950154871e-05
66 36 -1.1701552362284399e-05
66 46 -7.5666569013893067e-06
66 51 -8.0270029618289086e-06
66 66 4.1863469040928976e-05
