%%MatrixMarket matrix coordinate real general
66 66 244
1 1 5.6991287006781653e-05
1 2 -1.3272208711759243e-05
1 7 -9.6923372735795496e-06
1 45 -9.3797288984759018e-06
2 1 -1.3272208711759243e-05
2 2 5.2303707062976125e-05
2 25 -8.1703118068452341e-06
2 34 -9.2618148182098797e-06
3 3 5.6836234568292466e-05
3 8 -1.3963640836455014e-05
3 20 -1.0333598401245291e-05
3 62 -1.1797804757928336e-05
4 4 5.0676951545663336e-05
4 6 -1.1465521702250881e-05
4 25 -1.1622598742438304e-05
4 64 -8.1589998982826892e-06
5 5 5.3772601954889105e-05
5 9 -1.2557393040434688e-05
5 30 -9.8661206580427443e-06
5 61 -1.0840333070784059e-05
6 4 -1.1465521702250881e-05
6 6 4.9962386219811985e-05
6 35 -9.3176084741262168e-06
6 63 -1.0756776643401722e-05
7 1 -9.6923372735795496e-06
7 7 4.8223633017112417e-05
7 36 -8.4017516825625277e-06
7 60 -1.0291745552355426e-05
8 3 -1.3963640836455014e-05
8 8 5.2249925237133471e-05
8 47 -8.2836486323528714e-06
8 49 -1.1695092422515686e-05
9 5 -1.2557393040434688e-05
9 9 4.9418749994124083e-05
9 46 -1.1018852941513536e-05
9 48 -7.5246737628935813e-06
10 10 5.5533947262014174e-05
10 19 -8.4913083836931346e-06
10 21 -9.0949470051770961e-06
11 11 5.3257569774754648e-05
11 23 -8.9341777641058810e-06
11 32 -9.1762157878460742e-06
12 12 5.2678633244373536e-05
12 24 -8.5732014505376469e-06
12 31 -9.2179712506587733e-06
13 13 5.1670414020636885e-05
13 15 -1.0743895368374976e-05
13 20 -1.0702863978867004e-05
13 30 -1.0262089294034416e-05
14 14 5.3823511631642681e-05
14 33 -7.5419931867721142e-06
14 34 -7.9059760008424856e-06
15 13 -1.0743895368374976e-05
15 15 5.7390078166248618e-05
15 47 -1.1825456086671234e-05
15 48 -1.1971381863807576e-05
16 16 5.8499941471759632e-05
16 21 -9.2036682610452447e-06
16 56 -1.1474899943747826e-05
17 17 5.8883968583435487e-05
17 23 -9.7206552469511990e-06
17 57 -1.1361432321088513e-05
18 18 5.1339097493433198e-05
18 24 -8.8097542207719675e-06
18 58 -9.8743389920153656e-06
19 10 -8.4913083836931346e-06
19 19 4.5660281383238019e-05
19 22 -9.1990637108528212e-06
19 36 -9.2134411507832447e-06
20 3 -1.0333598401245291e-05
20 13 -1.0702863978867004e-05
20 20 5.2869687475110773e-05
20 23 -1.1960394950324638e-05
21 10 -9.0949470051770961e-06
21 16 -9.2036682610452447e-06
21 21 4.9279835088715701e-05
21 46 -1.0290723216813283e-05
22 19 -9.1990637108528212e-06
22 22 5.7987862458813201e-05
22 59 -1.0390151152846159e-05
23 11 -8.9341777641058810e-06
23 17 -9.7206552469511990e-06
23 20 -1.1960394950324638e-05
23 23 5.1943069879848816e-05
24 12 -8.5732014505376469e-06
24 18 -8.8097542207719675e-06
24 24 4.8139797815087311e-05
24 35 -1.1057300686310846e-05
25 2 -8.1703118068452341e-06
25 4 -1.1622598742438304e-05
25 25 4.7944302145513064e-05
25 33 -9.1699560948892572e-06
26 26 6.1042309399499188e-05
26 31 -1.0112621916890275e-05
26 54 -1.2940899458412516e-05
27 27 5.0217360918759476e-05
27 32 -8.0035055965550294e-06
27 53 -9.5536464730345588e-06
28 28 5.9033042263208858e-05
28 33 -9.7996313444692668e-06
28 55 -1.1545151313268764e-05
29 29 5.8635870659106548e-05
29 34 -9.0482007951810013e-06
29 52 -1.1141653113594196e-05
30 5 -9.8661206580427443e-06
30 13 -1.0262089294034416e-05
30 30 5.0966095506612492e-05
30 32 -1.1510364551227020e-05
31 12 -9.2179712506587733e-06
31 26 -1.0112621916890275e-05
31 31 5.4352345042827430e-05
31 49 -1.2248844809418087e-05
32 11 -9.1762157878460742e-06
32 27 -8.0035055965550294e-06
32 30 -1.1510364551227020e-05
32 32 4.8585622595772643e-05
33 14 -7.5419931867721142e-06
33 25 -9.1699560948892572e-06
33 28 -9.7996313444692668e-06
33 33 4.3255666127969806e-05
34 2 -9.2618148182098797e-06
34 14 -7.9059760008424856e-06
34 29 -9.0482007951810013e-06
34 34 4.3622232034715413e-05
35 6 -9.3176084741262168e-06
35 24 -1.1057300686310846e-05
35 35 5.0582842731545786e-05
35 65 -1.2250842784014160e-05
36 7 -8.4017516825625277e-06
36 19 -9.2134411507832447e-06
36 36 4.7786996048880764e-05
36 66 -1.1577323550535894e-05
37 37 6.1876694507098100e-05
37 41 -1.3331062279479857e-05
37 54 -7.8089902829496250e-06
38 38 4.4595496038691211e-05
38 42 -9.3969262882022954e-06
38 53 -5.9928573641196305e-06
39 39 4.3339708984407207e-05
39 40 -9.3922624184236042e-06
39 55 -6.2774225018600785e-06
40 39 -9.3922624184236042e-06
40 40 4.4576735281827959e-05
40 58 -5.9904419691361812e-06
41 37 -1.3331062279479857e-05
41 41 6.2507715811080822e-05
41 57 -8.3346420616094120e-06
42 38 -9.3969262882022954e-06
42 42 4.3406155522331203e-05
42 56 -6.3112130348440542e-06
43 43 5.5544084196346261e-05
43 44 -1.1201238828084898e-05
43 59 -7.0008403076143417e-06
44 43 -1.1201238828084898e-05
44 44 5.5210950652652798e-05
44 52 -6.6736901808887727e-06
45 1 -9.3797288984759018e-06
45 45 4.8813420056703446e-05
45 51 -1.1075779696161628e-05
45 64 -8.7859944165228975e-06
46 9 -1.1018852941513536e-05
46 21 -1.0290723216813283e-05
46 46 4.5126947749238628e-05
46 66 -7.4289954081273868e-06
47 8 -8.2836486323528714e-06
47 15 -1.1825456086671234e-05
47 47 4.9646114425427228e-05
47 50 -1.1689310966372845e-05
48 9 -7.5246737628935813e-06
48 15 -1.1971381863807576e-05
48 48 4.9503287337456614e-05
48 51 -1.1433761255857971e-05
49 8 -1.1695092422515686e-05
49 31 -1.2248844809418087e-05
49 49 5.0423105936510976e-05
49 65 -9.0962024044340680e-06
50 47 -1.1689310966372845e-05
50 50 5.1039850014977788e-05
50 64 -1.3086172941784884e-05
50 65 -8.6283974930378992e-06
51 45 -1.1075779696161628e-05
51 48 -1.1433761255857971e-05
51 51 4.8032193690515792e-05
51 66 -7.9476750190629628e-06
52 29 -1.1141653113594196e-05
52 44 -6.6736901808887727e-06
52 52 4.2536208467286145e-05
52 60 -8.9550895680160694e-06
53 27 -9.5536464730345588e-06
53 38 -5.9928573641196305e-06
53 53 3.7936585107131607e-05
53 61 -8.7754242683724127e-06
54 26 -1.2940899458412516e-05
54 37 -7.8089902829496250e-06
54 54 5.0093574416582452e-05
54 62 -1.1484189820716073e-05
55 28 -1.1545151313268764e-05
55 39 -6.2774225018600785e-06
55 55 4.2400355881450693e-05
55 63 -9.4810459873499987e-06
56 16 -1.1474899943747826e-05
56 42 -6.3112130348440542e-06
56 56 4.1517270136315988e-05
56 61 -9.1320261926916195e-06
57 17 -1.1361432321088513e-05
57 41 -8.3346420616094120e-06
57 57 4.5467124294924820e-05
57 62 -9.9654097731981838e-06
58 18 -9.8743389920153656e-06
58 40 -5.9904419691361812e-06
58 58 3.7790077963662818e-05
58 63 -8.4223798834556029e-06
59 22 -1.0390151152846159e-05
59 43 -7.0008403076143417e-06
59 59 3.9119662190278173e-05
59 60 -7.6378276126695547e-06
60 7 -1.0291745552355426e-05
60 52 -8.9550895680160694e-06
60 59 -7.6378276126695547e-06
60 60 4.2004823990967593e-05
61 5 -1.0840333070784059e-05
61 53 -8.7754242683724127e-06
61 56 -9.1320261926916195e-06
61 61 4.3613141302210544e-05
62 3 -1.1797804757928336e-05
62 54 -1.1484189820716073e-05
62 57 -9.9654097731981838e-06
62 62 4.9542240284873305e-05
63 6 -1.0756776643401722e-05
63 55 -9.4810459873499987e-06
63 58 -8.4223798834556029e-06
63 63 4.3062984730878913e-05
64 4 -8.1589998982826892e-06
64 45 -8.7859944165228975e-06
64 50 -1.3086172941784884e-05
64 64 4.7359006047119103e-05
65 35 -1.2250842784014160e-05
65 49 -9.0962024044340680e-06
65 50 -8.6283974930378992e-06
65 65 4.4848572520295829e-05
66 36 -1.1577323550535894e-05
66 46 -7.4289954081273868e-06
66 51 -7.9476750190629628e-06
66 66 4.1342733396826699e-05
