%%MatrixMarket matrix coordinate real general
66 66 244
1 1 2.4603036285166874e-04
1 2 -1.2470429494471804e-07
1 7 -9.1022007105662614e-08
1 45 -8.4725030838452082e-08
2 1 -1.2470429494471804e-07
2 2 2.1310094794694883e-04
2 25 -7.7358433735899742e-08
2 34 -8.7182024537272893e-08
3 3 1.9393033962229668e-04
3 8 -1.1134430399088387e-07
3 20 -8.2549986718153242e-08
3 62 -9.2134545974008203e-08
4 4 1.9101915863966009e-04
4 6 -1.0138301805037748e-07
4 25 -1.0450180604521940e-07
4 64 -7.2445526821930094e-08
5 5 2.0368106027534045e-04
5 9 -1.1021049287053469e-07
5 30 -8.3038097315259337e-08
5 61 -9.5838217945085621e-08
6 4 -1.0138301805037748e-07
6 6 1.8265446931757615e-04
6 35 -7.8967493853851347e-08
6 63 -9.5933744910164644e-08
7 1 -9.1022007105662614e-08
7 7 1.9574298403344351e-04
7 36 -8.0071285043709657e-08
7 60 -9.7927561332156133e-08
8 3 -1.1134430399088387e-07
8 8 1.7128960508102763e-04
8 47 -6.6766770859009825e-08
8 49 -9.5304073133802887e-08
9 5 -1.1021049287053469e-07
9 9 1.8035701385267616e-04
9 46 -9.8279759144353806e-08
9 48 -6.6736540123263407e-08
10 10 1.9610778598607665e-04
10 19 -8.3479178002506953e-08
10 21 -8.8193219856837434e-08
11 11 2.0431828497758010e-04
11 23 -8.4588159394448418e-08
11 32 -8.6986458958700546e-08
12 12 2.0425812482208173e-04
12 24 -8.1734604175380531e-08
12 31 -8.7689967178993810e-08
13 13 1.9096442885489708e-04
13 15 -8.8852839626954749e-08
13 20 -8.6042881619371141e-08
13 30 -8.5249514441542231e-08
14 14 1.5765708376881712e-04
14 33 -7.3399832805885948e-08
14 34 -7.8015519740113782e-08
15 13 -8.8852839626954749e-08
15 15 2.1912910371023900e-04
15 47 -9.9959696773008302e-08
15 48 -1.0135393226417989e-07
16 16 2.2083419526214756e-04
16 21 -8.9746748934267615e-08
16 56 -1.1286615742283302e-07
17 17 2.0739562850581551e-04
17 23 -8.5930370696776020e-08
17 57 -1.0071169871894743e-07
18 18 2.1007081778793885e-04
18 24 -8.9628766376947118e-08
18 58 -1.0148920616194358e-07
19 10 -8.3479178002506953e-08
19 19 1.8920028076898116e-04
19 22 -9.0199529615486326e-08
19 36 -8.7734971817920490e-08
20 3 -8.2549986718153242e-08
20 13 -8.6042881619371141e-08
20 20 1.8857164217813774e-04
20 23 -9.2484647088975782e-08
21 10 -8.8193219856837434e-08
21 16 -8.9746748934267615e-08
21 21 2.0872057745604147e-04
21 46 -9.6929638473740173e-08
22 19 -9.0199529615486326e-08
22 22 2.0181532935325869e-04
22 59 -1.0290504074568639e-07
23 11 -8.4588159394448418e-08
23 17 -8.5930370696776020e-08
23 20 -9.2484647088975782e-08
23 23 1.9823117579937277e-04
24 12 -8.1734604175380531e-08
24 18 -8.9628766376947118e-08
24 24 1.9147148673012492e-04
24 35 -8.9297668396023051e-08
25 2 -7.7358433735899742e-08
25 4 -1.0450180604521940e-07
25 25 1.9184399387369181e-04
25 33 -8.7003915932885744e-08
26 26 2.3279501157829759e-04
26 31 -8.9149334968695804e-08
26 54 -1.1436881727979781e-07
27 27 1.9933190848162404e-04
27 32 -8.1511213906644201e-08
27 53 -9.8350012506383435e-08
28 28 2.1855489288272878e-04
28 33 -9.5902277495784669e-08
28 55 -1.1326680948257976e-07
29 29 2.0876370844547456e-04
29 34 -8.9022176305680060e-08
29 52 -1.1015886650402398e-07
30 5 -8.3038097315259337e-08
30 13 -8.5249514441542231e-08
30 30 1.8985130130099657e-04
30 32 -9.2684085819610549e-08
31 12 -8.7689967178993810e-08
31 26 -8.9149334968695804e-08
31 31 2.1168297202411518e-04
31 49 -9.5181210391367449e-08
32 11 -8.6986458958700546e-08
32 27 -8.1511213906644201e-08
32 30 -9.2684085819610549e-08
32 32 1.9303418411266890e-04
33 14 -7.3399832805885948e-08
33 25 -8.7003915932885744e-08
33 28 -9.5902277495784669e-08
33 33 1.6943951083917228e-04
34 2 -8.7182024537272893e-08
34 14 -7.8015519740113782e-08
34 29 -8.9022176305680060e-08
34 34 1.7635716383615187e-04
35 6 -7.8967493853851347e-08
35 24 -8.9297668396023051e-08
35 35 1.7599380992707961e-04
35 65 -1.0218760466017849e-07
36 7 -8.0071285043709657e-08
36 19 -8.7734971817920490e-08
36 36 1.8624441720071049e-04
36 66 -1.0787318310849988e-07
37 37 1.8564809124722284e-04
37 41 -1.0934508828745688e-07
37 54 -6.3946996252186188e-08
38 38 1.8241701565250892e-04
38 42 -1.1071304273868217e-07
38 53 -6.8302551495194240e-08
39 39 1.7779472778156488e-04
39 40 -1.1071405529440551e-07
39 55 -6.5300209579877207e-08
40 39 -1.1071405529440551e-07
40 40 1.8239000949741039e-04
40 58 -6.8273090270086223e-08
41 37 -1.0934508828745688e-07
41 41 1.8562983618646632e-04
41 57 -6.8096319067152926e-08
42 38 -1.1071304273868217e-07
42 42 1.7779658876061882e-04
42 56 -6.5836992947385738e-08
43 43 1.7433072488681428e-04
43 44 -1.1208442969171484e-07
43 59 -6.9247404415707420e-08
44 43 -1.1208442969171484e-07
44 44 1.7432686177549055e-04
44 52 -6.5900506753415938e-08
45 1 -8.4725030838452082e-08
45 45 1.9159367312833293e-04
45 51 -9.9826348453590314e-08
45 64 -7.7835319375276638e-08
46 9 -9.8279759144353806e-08
46 21 -9.6929638473740173e-08
46 46 1.6648146955275248e-04
46 66 -7.0136535680441467e-08
47 8 -6.6766770859009825e-08
47 15 -9.9959696773008302e-08
47 47 1.7301622891412229e-04
47 50 -9.8859447465212324e-08
48 9 -6.6736540123263407e-08
48 15 -1.0135393226417989e-07
48 48 1.8199317372598670e-04
48 51 -1.0123779690979324e-07
49 8 -9.5304073133802887e-08
49 31 -9.5181210391367449e-08
49 49 1.6601739038419274e-04
49 65 -7.4098335520599132e-08
50 47 -9.8859447465212324e-08
50 50 1.6967669340915058e-04
50 64 -1.1185281754512845e-07
50 65 -7.1635645206987750e-08
51 45 -9.9826348453590314e-08
51 48 -1.0123779690979324e-07
51 51 1.7317149180691554e-04
51 66 -7.1545965253807788e-08
52 29 -1.1015886650402398e-07
52 44 -6.5900506753415938e-08
52 52 1.5812653852489495e-04
52 60 -8.7759186095553812e-08
53 27 -9.8350012506383435e-08
53 38 -6.8302551495194240e-08
53 53 1.4651843733283772e-04
53 61 -7.8239552586153358e-08
54 26 -1.1436881727979781e-07
54 37 -6.3946996252186188e-08
54 54 1.6396548109560722e-04
54 62 -8.7490771214409558e-08
55 28 -1.1326680948257976e-07
55 39 -6.5300209579877207e-08
55 55 1.6005235884842850e-04
55 63 -8.7746113682044743e-08
56 16 -1.1286615742283302e-07
56 42 -6.5836992947385738e-08
56 56 1.5666546372617709e-04
56 61 -8.3859138880268344e-08
57 17 -1.0071169871894743e-07
57 41 -6.8096319067152926e-08
57 57 1.4614809987819027e-04
57 62 -7.5729024941849296e-08
58 18 -1.0148920616194358e-07
58 40 -6.8273090270086223e-08
58 58 1.4481904586248994e-04
58 63 -7.5057741558044744e-08
59 22 -1.0290504074568639e-07
59 43 -6.9247404415707420e-08
59 59 1.4160096092006176e-04
59 60 -7.4860130377472998e-08
60 7 -9.7927561332156133e-08
60 52 -8.7759186095553812e-08
60 59 -7.4860130377472998e-08
60 60 1.5254630141007467e-04
61 5 -9.5838217945085621e-08
61 53 -7.8239552586153358e-08
61 56 -8.3859138880268344e-08
61 61 1.5449116869871630e-04
62 3 -9.2134545974008203e-08
62 54 -8.7490771214409558e-08
62 57 -7.5729024941849296e-08
62 62 1.5199515771982275e-04
63 6 -9.5933744910164644e-08
63 55 -8.7746113682044743e-08
63 58 -7.5057741558044744e-08
63 63 1.5115457713807913e-04
64 4 -7.2445526821930094e-08
64 45 -7.7835319375276638e-08
64 50 -1.1185281754512845e-07
64 64 1.7003663175054558e-04
65 35 -1.0218760466017849e-07
65 49 -7.4098335520599132e-08
65 50 -7.1635645206987750e-08
65 65 1.4139966979893220e-04
66 36 -1.0787318310849988e-07
66 46 -7.0136535680441467e-08
66 51 -7.1545965253807788e-08
66 66 1.4253376659959633e-04
