%%MatrixMarket matrix coordinate real general
66 66 244
1 1 5.6976602684091880e-05
1 2 -1.3269042776374558e-05
1 7 -9.6900138648348398e-06
1 45 -9.3774146866339579e-06
2 1 -1.3269042776374558e-05
2 2 5.2293108821942338e-05
2 25 -8.1667700662788449e-06
2 34 -9.2604837952122244e-06
3 3 5.6824791384156689e-05
3 8 -1.3961216606212796e-05
3 20 -1.0331636293479892e-05
3 62 -1.1795529072196433e-05
4 4 5.0656915412328565e-05
4 6 -1.1459868013126581e-05
4 25 -1.1618442706343699e-05
4 64 -8.1557881854582513e-06
5 5 5.3744828277945409e-05
5 9 -1.2551719979514251e-05
5 30 -9.8616504874657407e-06
5 61 -1.0834721230779762e-05
6 4 -1.1459868013126581e-05
6 6 4.9935411449877257e-05
6 35 -9.3129746896448161e-06
6 63 -1.0750686922556560e-05
7 1 -9.6900138648348398e-06
7 7 4.8215629580427632e-05
7 36 -8.4000662409372815e-06
7 60 -1.0290394917936792e-05
8 3 -1.3961216606212796e-05
8 8 5.2239296108260218e-05
8 47 -8.2823866203846409e-06
8 49 -1.1690971860566492e-05
9 5 -1.2551719979514251e-05
9 9 4.9399612894193404e-05
9 46 -1.1015181199406955e-05
9 48 -7.5216394224594715e-06
10 10 5.5520063596082295e-05
10 19 -8.4896107582672603e-06
10 21 -9.0918027033698003e-06
11 11 5.3173437250941103e-05
11 23 -8.9211903100836386e-06
11 32 -9.1621473045647384e-06
12 12 5.2595210788219189e-05
12 24 -8.5600250661688902e-06
12 31 -9.2046195495191012e-06
13 13 5.1654759524589839e-05
13 15 -1.0740924441608231e-05
13 20 -1.0699938721168481e-05
13 30 -1.0258984426406295e-05
14 14 5.3807950231972055e-05
14 33 -7.5395085265128033e-06
14 34 -7.9039228644963636e-06
15 13 -1.0740924441608231e-05
15 15 5.7374071776595067e-05
15 47 -1.1821455982805267e-05
15 48 -1.1968403244791675e-05
16 16 5.8460967209206395e-05
16 21 -9.1999468071842185e-06
16 56 -1.1465156442157591e-05
17 17 5.8797922904163356e-05
17 23 -9.7077040068589420e-06
17 57 -1.1346098315623313e-05
18 18 5.1267826511008250e-05
18 24 -8.7976830943470924e-06
18 58 -9.8590507754354495e-06
19 10 -8.4896107582672603e-06
19 19 4.5651593317154265e-05
19 22 -9.1974480175428628e-06
19 36 -9.2114838005006298e-06
20 3 -1.0331636293479892e-05
20 13 -1.0699938721168481e-05
20 20 5.2856936631611670e-05
20 23 -1.1958777509696098e-05
21 10 -9.0918027033698003e-06
21 16 -9.1999468071842185e-06
21 21 4.9259574691361357e-05
21 46 -1.0285710737129815e-05
22 19 -9.1974480175428628e-06
22 22 5.7981997177347110e-05
22 59 -1.0389408124577124e-05
23 11 -8.9211903100836386e-06
23 17 -9.7077040068589420e-06
23 20 -1.1958777509696098e-05
23 23 5.1912457745958495e-05
24 12 -8.5600250661688902e-06
24 18 -8.7976830943470924e-06
24 24 4.8086403768635239e-05
24 35 -1.1048505670198483e-05
25 2 -8.1667700662788449e-06
25 4 -1.1618442706343699e-05
25 25 4.7921659939306467e-05
25 33 -9.1656373653324679e-06
26 26 6.0949761796578370e-05
26 31 -1.0099320637479982e-05
26 54 -1.2923782315593225e-05
27 27 5.0144294815127612e-05
27 32 -7.9928478280638928e-06
27 53 -9.5391006564745948e-06
28 28 5.8994735067388452e-05
28 33 -9.7958530833511390e-06
28 55 -1.1535595186621687e-05
29 29 5.8629420965031257e-05
29 34 -9.0461265932171317e-06
29 52 -1.1140905432911457e-05
30 5 -9.8616504874657407e-06
30 13 -1.0258984426406295e-05
30 30 5.0940499631576878e-05
30 32 -1.1501565319501430e-05
31 12 -9.2046195495191012e-06
31 26 -1.0099320637479982e-05
31 31 5.4319221974252679e-05
31 49 -1.2246664425210330e-05
32 11 -9.1621473045647384e-06
32 27 -7.9928478280638928e-06
32 30 -1.1501565319501430e-05
32 32 4.8533245763335638e-05
33 14 -7.5395085265128033e-06
33 25 -9.1656373653324679e-06
33 28 -9.7958530833511390e-06
33 33 4.3238777098396030e-05
34 2 -9.2604837952122244e-06
34 14 -7.9039228644963636e-06
34 29 -9.0461265932171317e-06
34 34 4.3611832955686819e-05
35 6 -9.3129746896448161e-06
35 24 -1.1048505670198483e-05
35 35 5.0554899009708248e-05
35 65 -1.2247225819296229e-05
36 7 -8.4000662409372815e-06
36 19 -9.2114838005006298e-06
36 36 4.7776265035876111e-05
36 66 -1.1574020448748134e-05
37 37 6.1812718736136034e-05
37 41 -1.3317303453470852e-05
37 54 -7.8018945125642961e-06
38 38 4.4570356911698616e-05
38 42 -9.3893491359204776e-06
38 53 -5.9888185395757052e-06
39 39 4.3270056598744962e-05
39 40 -9.3846947379498610e-06
39 55 -6.2700958693887530e-06
40 39 -9.3846947379498610e-06
40 40 4.4551722394633195e-05
40 58 -5.9864355358870102e-06
41 37 -1.3317303453470852e-05
41 41 6.2440972751612027e-05
41 57 -8.3270969284282388e-06
42 38 -9.3893491359204776e-06
42 42 4.3336426858914053e-05
42 56 -6.3037194273652802e-06
43 43 5.5542370091099312e-05
43 44 -1.1200914283002650e-05
43 59 -7.0004056145144592e-06
44 43 -1.1200914283002650e-05
44 44 5.5209165257103838e-05
44 52 -6.6733026770885365e-06
45 1 -9.3774146866339579e-06
45 45 4.8799801794903615e-05
45 51 -1.1072950146377512e-05
45 64 -8.7826410200389819e-06
46 9 -1.1015181199406955e-05
46 21 -1.0285710737129815e-05
46 46 4.5106032503171729e-05
46 66 -7.4254367137449415e-06
47 8 -8.2823866203846409e-06
47 15 -1.1821455982805267e-05
47 47 4.9629880849136228e-05
47 50 -1.1685226309333412e-05
48 9 -7.5216394224594715e-06
48 15 -1.1968403244791675e-05
48 48 4.9484195192461426e-05
48 51 -1.1429206600501239e-05
49 8 -1.1690971860566492e-05
49 31 -1.2246664425210330e-05
49 49 5.0405467464616606e-05
49 65 -9.0928268519207507e-06
50 47 -1.1685226309333412e-05
50 50 5.1042945064762562e-05
50 64 -1.3082095099220460e-05
50 65 -8.6260687937663108e-06
51 45 -1.1072950146377512e-05
51 48 -1.1429206600501239e-05
51 51 4.8017201361304364e-05
51 66 -7.9455706324997240e-06
52 29 -1.1140905432911457e-05
52 44 -6.6733026770885365e-06
52 52 4.2532543875052307e-05
52 60 -8.9536301538512399e-06
53 27 -9.5391006564745948e-06
53 38 -5.9888185395757052e-06
53 53 3.7864347366242828e-05
53 61 -8.7580905517576169e-06
54 26 -1.2923782315593225e-05
54 37 -7.8018945125642961e-06
54 54 5.0070963229605927e-05
54 62 -1.1484542337040074e-05
55 28 -1.1535595186621687e-05
55 39 -6.2700958693887530e-06
55 55 4.2355710579087328e-05
55 63 -9.4726001809393747e-06
56 16 -1.1465156442157591e-05
56 42 -6.3037194273652802e-06
56 56 4.1480600335733419e-05
56 61 -9.1241684100871125e-06
57 17 -1.1346098315623313e-05
57 41 -8.3270969284282388e-06
57 57 4.5445999350276383e-05
57 62 -9.9658073352394956e-06
58 18 -9.8590507754354495e-06
58 40 -5.9864355358870102e-06
58 58 3.7723462247790065e-05
58 63 -8.4058120540730498e-06
59 22 -1.0389408124577124e-05
59 43 -7.0004056145144592e-06
59 59 3.9116181266908963e-05
59 60 -7.6365684922600496e-06
60 7 -1.0290394917936792e-05
60 52 -8.9536301538512399e-06
60 59 -7.6365684922600496e-06
60 60 4.1997755442809428e-05
61 5 -1.0834721230779762e-05
61 53 -8.7580905517576169e-06
61 56 -9.1241684100871125e-06
61 61 4.3567700570451265e-05
62 3 -1.1795529072196433e-05
62 54 -1.1484542337040074e-05
62 57 -9.9658073352394956e-06
62 62 4.9536691673998575e-05
63 6 -1.0750686922556560e-05
63 55 -9.4726001809393747e-06
63 58 -8.4058120540730498e-06
63 63 4.3016836930298539e-05
64 4 -8.1557881854582513e-06
64 45 -8.7826410200389819e-06
64 50 -1.3082095099220460e-05
64 64 4.7340707981400506e-05
65 35 -1.2247225819296229e-05
65 49 -9.0928268519207507e-06
65 50 -8.6260687937663108e-06
65 65 4.4835114909969750e-05
66 36 -1.1574020448748134e-05
66 46 -7.4254367137449415e-06
66 51 -7.9455706324997240e-06
66 66 4.1329050324761418e-05
