%%MatrixMarket matrix coordinate real general
66 66 244
1 1 5.6762007767876440e-05
1 2 -1.3222807653326965e-05
1 7 -9.6561097655896623e-06
1 45 -9.3436579569662507e-06
2 1 -1.3222807653326965e-05
2 2 5.2134140574226168e-05
2 25 -8.1156263834657829e-06
2 34 -9.2408121559579805e-06
3 3 5.6656251527916640e-05
3 8 -1.3925850198083806e-05
3 20 -1.0302940351440092e-05
3 62 -1.1760901443230527e-05
4 4 5.0365022501808783e-05
4 6 -1.1378075334606322e-05
4 25 -1.1557897556725598e-05
4 64 -8.1090565933014628e-06
5 5 5.3589881352737921e-05
5 9 -1.2469422987905824e-05
5 30 -9.7985121335196506e-06
5 61 -1.0752686030324738e-05
6 4 -1.1378075334606322e-05
6 6 4.9545185032036562e-05
6 35 -9.2473687813493654e-06
6 63 -1.0662024558295207e-05
7 1 -9.6561097655896623e-06
7 7 4.8098254359949640e-05
7 36 -8.3753370787480573e-06
7 60 -1.0270593572421785e-05
8 3 -1.3925850198083806e-05
8 8 5.2085325190292670e-05
8 47 -8.2641120409491680e-06
8 49 -1.1630690881483928e-05
9 5 -1.2469422987905824e-05
9 9 4.9124792520347097e-05
9 46 -1.0961692005802379e-05
9 48 -7.4775036475409391e-06
10 10 5.5311983968886445e-05
10 19 -8.4647393663948371e-06
10 21 -9.0457443474126191e-06
11 11 5.2039613084809504e-05
11 23 -8.7482842205213315e-06
11 32 -8.9730920196095262e-06
12 12 5.1472258277796148e-05
12 24 -8.3834312011206836e-06
12 31 -9.0273028481607119e-06
13 13 5.1426016363891028e-05
13 15 -1.0697586052286171e-05
13 20 -1.0657082753696175e-05
13 30 -1.0213874766488357e-05
14 14 5.3578433608299156e-05
14 33 -7.5030281527203114e-06
14 34 -7.8740753153021799e-06
15 13 -1.0697586052286171e-05
15 15 5.7140633917229993e-05
15 47 -1.1762756961926561e-05
15 48 -1.1925036830343920e-05
16 16 5.7914741860428518e-05
16 21 -9.1453165028662380e-06
16 56 -1.1326922443910672e-05
17 17 5.7607184654861381e-05
17 23 -9.5292934851384877e-06
17 57 -1.1135619261054488e-05
18 18 5.0317446488522064e-05
18 24 -8.6412674241505111e-06
18 58 -9.6592186142571293e-06
19 10 -8.4647393663948371e-06
19 19 4.5524299868846402e-05
19 22 -9.1737733464335155e-06
19 36 -9.1827844961876306e-06
20 3 -1.0302940351440092e-05
20 13 -1.0657082753696175e-05
20 20 5.2654204452239733e-05
20 23 -1.1929088556347557e-05
21 10 -9.0457443474126191e-06
21 16 -9.1453165028662380e-06
21 21 4.8963123663465290e-05
21 46 -1.0213473216206274e-05
22 19 -9.1737733464335155e-06
22 22 5.7895591810416821e-05
22 59 -1.0378426913433014e-05
23 11 -8.7482842205213315e-06
23 17 -9.5292934851384877e-06
23 20 -1.1929088556347557e-05
23 23 5.1471447470622061e-05
24 12 -8.3834312011206836e-06
24 18 -8.6412674241505111e-06
24 24 4.7297562691241642e-05
24 35 -1.0907105953799053e-05
25 2 -8.1156263834657829e-06
25 4 -1.1557897556725598e-05
25 25 4.7603319042453085e-05
25 33 -9.1032682276566765e-06
26 26 5.9743524806730124e-05
26 31 -9.9154331581978552e-06
26 54 -1.2688067457571356e-05
27 27 4.9232470311266866e-05
27 32 -7.8555084272665983e-06
27 53 -9.3497368818332076e-06
28 28 5.8456466118841940e-05
28 33 -9.7402586662667590e-06
28 55 -1.1398786582422601e-05
29 29 5.8534406445609264e-05
29 34 -9.0159616973619779e-06
29 52 -1.1129837864848052e-05
30 5 -9.7985121335196506e-06
30 13 -1.0213874766488357e-05
30 30 5.0540840780361627e-05
30 32 -1.1359785919822847e-05
31 12 -9.0273028481607119e-06
31 26 -9.9154331581978552e-06
31 31 5.3838915136072616e-05
31 49 -1.2207972893086680e-05
32 11 -8.9730920196095262e-06
32 27 -7.8555084272665983e-06
32 30 -1.1359785919822847e-05
32 32 4.7754356803596452e-05
33 14 -7.5030281527203114e-06
33 25 -9.1032682276566765e-06
33 28 -9.7402586662667590e-06
33 33 4.2991505633953980e-05
34 2 -9.2408121559579805e-06
34 14 -7.8740753153021799e-06
34 29 -9.0159616973619779e-06
34 34 4.3460779363243240e-05
35 6 -9.2473687813493654e-06
35 24 -1.0907105953799053e-05
35 35 5.0151807164363907e-05
35 65 -1.2195039556370042e-05
36 7 -8.3753370787480573e-06
36 19 -9.1827844961876306e-06
36 36 4.7618691193404748e-05
36 66 -1.1525888955309296e-05
37 37 6.0883278894227773e-05
37 41 -1.3122153711904811e-05
37 54 -7.7010807394405185e-06
38 38 4.4283660807550595e-05
38 42 -9.3013593264421085e-06
38 53 -5.9379870996485872e-06
39 39 4.2421515271259030e-05
39 40 -9.2968130139311977e-06
39 55 -6.1712709102823849e-06
40 39 -9.2968130139311977e-06
40 40 4.4266605286041435e-05
40 58 -5.9359819817937378e-06
41 37 -1.3122153711904811e-05
41 41 6.1510993941872708e-05
41 57 -8.2200503121803482e-06
42 38 -9.3013593264421085e-06
42 42 4.2488520559835049e-05
42 56 -6.2032809282102842e-06
43 43 5.5517097889526309e-05
43 44 -1.1196135489982261e-05
43 59 -6.9939815375350018e-06
44 43 -1.1196135489982261e-05
44 44 5.5182854785644842e-05
44 52 -6.6675726687184913e-06
45 1 -9.3436579569662507e-06
45 45 4.8600737391415942e-05
45 51 -1.1031540854124031e-05
45 64 -8.7338593885999670e-06
46 9 -1.0961692005802379e-05
46 21 -1.0213473216206274e-05
46 46 4.4799725177902166e-05
46 66 -7.3742145004952078e-06
47 8 -8.2641120409491680e-06
47 15 -1.1762756961926561e-05
47 47 4.9459460281852240e-05
47 50 -1.1625256954865437e-05
48 9 -7.4775036475409391e-06
48 15 -1.1925036830343920e-05
48 48 4.9205593563008966e-05
48 51 -1.1362945370376355e-05
49 8 -1.1630690881483928e-05
49 31 -1.2207972893086680e-05
49 49 5.0139938827716904e-05
49 65 -9.0434364474696784e-06
50 47 -1.1625256954865437e-05
50 50 5.0821451895859220e-05
50 64 -1.3022751112674284e-05
50 65 -8.5922469084279922e-06
51 45 -1.1031540854124031e-05
51 48 -1.1362945370376355e-05
51 51 4.7802558106676407e-05
51 66 -7.9147969369840243e-06
52 29 -1.1129837864848052e-05
52 44 -6.6675726687184913e-06
52 52 4.2478634311711936e-05
52 60 -8.9323518485679492e-06
53 27 -9.3497368818332076e-06
53 38 -5.9379870996485872e-06
53 53 3.6916653583360132e-05
53 61 -8.5038156535179866e-06
54 26 -1.2688067457571356e-05
54 37 -7.7010807394405185e-06
54 54 4.9756959371108905e-05
54 62 -1.1489307952205873e-05
55 28 -1.1398786582422601e-05
55 39 -6.1712709102823849e-06
55 55 4.1772658649384273e-05
55 63 -9.3480061881175429e-06
56 16 -1.1326922443910672e-05
56 42 -6.2032809282102842e-06
56 56 4.0934657435951834e-05
56 61 -9.0077070410457167e-06
57 17 -1.1135619261054488e-05
57 41 -8.2200503121803482e-06
57 57 4.5153027049948747e-05
57 62 -9.9712239764526850e-06
58 18 -9.6592186142571293e-06
58 40 -5.9359819817937378e-06
58 58 3.6774936054301830e-05
58 63 -8.1623467180626983e-06
59 22 -1.0378426913433014e-05
59 43 -6.9939815375350018e-06
59 59 3.9065054930479456e-05
59 60 -7.6182117938425031e-06
60 7 -1.0270593572421785e-05
60 52 -8.9323518485679492e-06
60 59 -7.6182117938425031e-06
60 60 4.1899447326886009e-05
61 5 -1.0752686030324738e-05
61 53 -8.5038156535179866e-06
61 56 -9.0077070410457167e-06
61 61 4.2915593508670533e-05
62 3 -1.1760901443230527e-05
62 54 -1.1489307952205873e-05
62 57 -9.9712239764526850e-06
62 62 4.9453123571431478e-05
63 6 -1.0662024558295207e-05
63 55 -9.3480061881175429e-06
63 58 -8.1623467180626983e-06
63 63 4.2363306298627752e-05
64 4 -8.1090565933014628e-06
64 45 -8.7338593885999670e-06
64 50 -1.3022751112674284e-05
64 64 4.7073959444047093e-05
65 35 -1.2195039556370042e-05
65 49 -9.0434364474696784e-06
65 50 -8.5922469084279922e-06
65 65 4.4631106684744630e-05
66 36 -1.1525888955309296e-05
66 46 -7.3742145004952078e-06
66 51 -7.9147969369840243e-06
66 66 4.1137037298998359e-05
