%%MatrixMarket matrix coordinate real general
66 66 244
1 1 5.6890215160208151e-05
1 2 -1.3250403625326758e-05
1 7 -9.6763396965231691e-06
1 45 -9.3638283950371778e-06
2 1 -1.3250403625326758e-05
2 2 5.2230145305608589e-05
2 25 -8.1460250946577052e-06
2 34 -9.2526130792516542e-06
3 3 5.6757215353580928e-05
3 8 -1.3946960756882725e-05
3 20 -1.0320084947468826e-05
3 62 -1.1781893744399578e-05
4 4 5.0539165107737058e-05
4 6 -1.1426734503650842e-05
4 25 -1.1594026442841529e-05
4 64 -8.1369190466181441e-06
5 5 5.3625374258756401e-05
5 9 -1.2518434787048229e-05
5 30 -9.8357816684404799e-06
5 61 -1.0801699652175145e-05
6 4 -1.1426734503650842e-05
6 6 4.9777361914596661e-05
6 35 -9.2860506092195321e-06
6 63 -1.0714923482054964e-05
7 1 -9.6763396965231691e-06
7 7 4.8168455111562752e-05
7 36 -8.3901319314435626e-06
7 60 -1.0282433078977078e-05
8 3 -1.3946960756882725e-05
8 8 5.2176842500081482e-05
8 47 -8.2749895913607086e-06
8 49 -1.1666663783175342e-05
9 5 -1.2518434787048229e-05
9 9 4.9287179317106442e-05
9 46 -1.0993612663656334e-05
9 48 -7.5038103615756943e-06
10 10 5.5438216794309183e-05
10 19 -8.4796105665689034e-06
10 21 -9.0732763902050406e-06
11 11 5.2697454587039100e-05
11 23 -8.8478774156949452e-06
11 32 -9.0824151901305844e-06
12 12 5.2114198859624076e-05
12 24 -8.4854803627573728e-06
12 31 -9.1293740858239396e-06
13 13 5.1562605373504755e-05
13 15 -1.0723455490236197e-05
13 20 -1.0682720261438489e-05
13 30 -1.0240750445718571e-05
14 14 5.3716365131295979e-05
14 33 -7.5248575155290041e-06
14 34 -7.8918782258411773e-06
15 13 -1.0723455490236197e-05
15 15 5.7279958059530410e-05
15 47 -1.1797851832123233e-05
15 48 -1.1950913970591146e-05
16 16 5.8245200945149791e-05
16 21 -9.1780170716584663e-06
16 56 -1.1408690457366239e-05
17 17 5.8294104101771597e-05
17 23 -9.6334650175588044e-06
17 57 -1.1258334526974364e-05
18 18 5.0861801172442909e-05
18 24 -8.7304263567413289e-06
18 58 -9.7734882220298964e-06
19 10 -8.4796105665689034e-06
19 19 4.5600414412848408e-05
19 22 -9.1879299730599826e-06
19 36 -9.1999502874071694e-06
20 3 -1.0320084947468826e-05
20 13 -1.0682720261438489e-05
20 20 5.2777449897093714e-05
20 23 -1.1948200714566720e-05
21 10 -9.0732763902050406e-06
21 16 -9.1780170716584663e-06
21 21 4.9140244665019371e-05
21 46 -1.0256377744492852e-05
22 19 -9.1879299730599826e-06
22 22 5.7947363312668869e-05
22 59 -1.0385014536360788e-05
23 11 -8.8478774156949452e-06
23 17 -9.6334650175588044e-06
23 20 -1.1948200714566720e-05
23 23 5.1733703693117578e-05
24 12 -8.4854803627573728e-06
24 18 -8.7304263567413289e-06
24 24 4.7770327325800991e-05
24 35 -1.0994421849528928e-05
25 2 -8.1460250946577052e-06
25 4 -1.1594026442841529e-05
25 25 4.7791676423983642e-05
25 33 -9.1403429365357215e-06
26 26 6.0448957055453471e-05
26 31 -1.0022927071986288e-05
26 54 -1.2825636943613321e-05
27 27 4.9752298780050879e-05
27 32 -7.9337066657711302e-06
27 53 -9.4579562212636875e-06
28 28 5.8781292965521829e-05
28 33 -9.7735715223374729e-06
28 55 -1.1479862591809441e-05
29 29 5.8591348047187495e-05
29 34 -9.0339575303954121e-06
29 52 -1.1136481392037415e-05
30 5 -9.8357816684404799e-06
30 13 -1.0240750445718571e-05
30 30 5.0775533906720918e-05
30 32 -1.1447409684306208e-05
31 12 -9.1293740858239396e-06
31 26 -1.0022927071986288e-05
31 31 5.4125261896538325e-05
31 49 -1.2232650864447862e-05
32 11 -9.0824151901305844e-06
32 27 -7.9337066657711302e-06
32 30 -1.1447409684306208e-05
32 32 4.8222884979489051e-05
33 14 -7.5248575155290041e-06
33 25 -9.1403429365357215e-06
33 28 -9.7735715223374729e-06
33 33 4.3139349631344460e-05
34 2 -9.2526130792516542e-06
34 14 -7.8918782258411773e-06
34 29 -9.0339575303954121e-06
34 34 4.3550655887688699e-05
35 6 -9.2860506092195321e-06
35 24 -1.0994421849528928e-05
35 35 5.0389519480500366e-05
35 65 -1.2226062359062935e-05
36 7 -8.3901319314435626e-06
36 19 -9.1999502874071694e-06
36 36 4.7713098646458253e-05
36 66 -1.1554627687870034e-05
37 37 6.1428366758466461e-05
37 41 -1.3237499126343423e-05
37 54 -7.7606356933159141e-06
38 38 4.4438025268898211e-05
38 42 -9.3491766151437760e-06
38 53 -5.9666572319834861e-06
39 39 4.2892621117687375e-05
39 40 -9.3445712848484296e-06
39 55 -6.2285075495944019e-06
40 39 -9.3445712848484296e-06
40 40 4.4420075370122007e-05
40 58 -5.9644487370098858e-06
41 37 -1.3237499126343423e-05
41 41 6.2061579811615794e-05
41 57 -8.2833152069560684e-06
42 38 -9.3491766151437760e-06
42 42 4.2959025067829709e-05
42 56 -6.2613698943025256e-06
43 43 5.5532244855978764e-05
43 44 -1.1198998290462404e-05
43 59 -6.9978352672893620e-06
44 43 -1.1198998290462404e-05
44 44 5.5198621259944892e-05
44 52 -6.6710108188785725e-06
45 1 -9.3638283950371778e-06
45 45 4.8719639900216100e-05
45 51 -1.1056287134500535e-05
45 64 -8.7629417037118733e-06
46 9 -1.0993612663656334e-05
46 21 -1.0256377744492852e-05
46 46 4.4986466429104574e-05
46 66 -7.4046291639183102e-06
47 8 -8.2749895913607086e-06
47 15 -1.1797851832123233e-05
47 47 4.9534908091095589e-05
47 50 -1.1661117125627345e-05
48 9 -7.5038103615756943e-06
48 15 -1.1950913970591146e-05
48 48 4.9371860025790159e-05
48 51 -1.1402441905120751e-05
49 8 -1.1666663783175342e-05
49 31 -1.2232650864447862e-05
49 49 5.0300247571855746e-05
49 65 -9.0729163243439076e-06
50 47 -1.1661117125627345e-05
50 50 5.0961479020352575e-05
50 64 -1.3058149141801083e-05
50 65 -8.6124023516426156e-06
51 45 -1.1056287134500535e-05
51 48 -1.1402441905120751e-05
51 51 4.7928970989120087e-05
51 66 -7.9331842422022324e-06
52 29 -1.1136481392037415e-05
52 44 -6.6710108188785725e-06
52 52 4.2510924136979375e-05
52 60 -8.9450566081954142e-06
53 27 -9.4579562212636875e-06
53 38 -5.9666572319834861e-06
53 53 3.7476781060532920e-05
53 61 -8.6556461735469134e-06
54 26 -1.2825636943613321e-05
54 37 -7.7606356933159141e-06
54 54 4.9940861830693344e-05
54 62 -1.1486558310754833e-05
55 28 -1.1479862591809441e-05
55 39 -6.2285075495944019e-06
55 55 4.2108010406717681e-05
55 63 -9.4228122680938901e-06
56 16 -1.1408690457366239e-05
56 42 -6.2613698943025256e-06
56 56 4.1254639634581488e-05
56 61 -9.0778062590169166e-06
57 17 -1.1258334526974364e-05
57 41 -8.2833152069560684e-06
57 57 4.5324609081497181e-05
57 62 -9.9680982721702883e-06
58 18 -9.7734882220298964e-06
58 40 -5.9644487370098858e-06
58 58 3.7330691709229462e-05
58 63 -8.3078754595630064e-06
59 22 -1.0385014536360788e-05
59 43 -6.9978352672893620e-06
59 59 3.9095645682179440e-05
59 60 -7.6291718359199601e-06
60 7 -1.0282433078977078e-05
60 52 -8.9450566081954142e-06
60 59 -7.6291718359199601e-06
60 60 4.1957651741150006e-05
61 5 -1.0801699652175145e-05
61 53 -8.6556461735469134e-06
61 56 -9.0778062590169166e-06
61 61 4.3306119274627970e-05
62 3 -1.1781893744399578e-05
62 54 -1.1486558310754833e-05
62 57 -9.9680982721702883e-06
62 62 4.9503199686126362e-05
63 6 -1.0714923482054964e-05
63 55 -9.4228122680938901e-06
63 58 -8.3078754595630064e-06
63 63 4.2758773181977155e-05
64 4 -8.1369190466181441e-06
64 45 -8.7629417037118733e-06
64 50 -1.3058149141801083e-05
64 64 4.7233135233269488e-05
65 35 -1.2226062359062935e-05
65 49 -9.0729163243439076e-06
65 50 -8.6124023516426156e-06
65 65 4.4756117165412344e-05
66 36 -1.1554627687870034e-05
66 46 -7.4046291639183102e-06
66 51 -7.9331842422022324e-06
66 66 4.1250980269859439e-05
