%%MatrixMarket matrix coordinate real general
66 66 244
1 1 2.4603077550601130e-04
1 2 -1.2470423074696862e-07
1 7 -9.1021982581656936e-08
1 45 -8.4725023228616287e-08
2 1 -1.2470423074696862e-07
2 2 2.1310301168573302e-04
2 25 -7.7358367143425778e-08
2 34 -8.7181798322042907e-08
3 3 1.9387493430735671e-04
3 8 -1.1134654190146661e-07
3 20 -8.2553622530505686e-08
3 62 -9.2142135499124652e-08
4 4 1.9101559281533618e-04
4 6 -1.0138397479887793e-07
4 25 -1.0450185920779882e-07
4 64 -7.2445604813523601e-08
5 5 2.0364454643856131e-04
5 9 -1.1021159036824128e-07
5 30 -8.3041340643189106e-08
5 61 -9.5842359867081606e-08
6 4 -1.0138397479887793e-07
6 6 1.8262068312562869e-04
6 35 -7.8970598189092837e-08
6 63 -9.5937880600736489e-08
7 1 -9.1021982581656936e-08
7 7 1.9574382842307744e-04
7 36 -8.0071234675846958e-08
7 60 -9.7927443596819050e-08
8 3 -1.1134654190146661e-07
8 8 1.7126795496386985e-04
8 47 -6.6767211652520105e-08
8 49 -9.5307443621973196e-08
9 5 -1.1021159036824128e-07
9 9 1.8035325615024269e-04
9 46 -9.8279832146572146e-08
9 48 -6.6736614195510782e-08
10 10 1.9611966086138818e-04
10 19 -8.3478755009660755e-08
10 21 -8.8192817577302530e-08
11 11 2.0362837140746776e-04
11 23 -8.4625272218904521e-08
11 32 -8.7025150255240000e-08
12 12 2.0357616879449844e-04
12 24 -8.1770583224987086e-08
12 31 -8.7726705391565892e-08
13 13 1.9093450050611588e-04
13 15 -8.8853521300409214e-08
13 20 -8.6046154425895238e-08
13 30 -8.5252820537261482e-08
14 14 1.5766658996876239e-04
14 33 -7.3399473097225065e-08
14 34 -7.8015110477770459e-08
15 13 -8.8853521300409214e-08
15 15 2.1912607505733523e-04
15 47 -9.9959820807851783e-08
15 48 -1.0135401546977658e-07
16 16 2.2083434749035205e-04
16 21 -8.9746597618714168e-08
16 56 -1.1286788223635484e-07
17 17 2.0668136929479470e-04
17 23 -8.5968419038120563e-08
17 57 -1.0076287076795287e-07
18 18 2.1178769822922654e-04
18 24 -8.9668380795579754e-08
18 58 -1.0153828882637600e-07
19 10 -8.3478755009660755e-08
19 19 1.8920887747691213e-04
19 22 -9.0199064374933397e-08
19 36 -8.7734742980641054e-08
20 3 -8.2553622530505686e-08
20 13 -8.6046154425895238e-08
20 20 1.8845015659545459e-04
20 23 -9.2501772267328995e-08
21 10 -8.8192817577302530e-08
21 16 -8.9746597618714168e-08
21 21 2.0872806031118135e-04
21 46 -9.6929428237891967e-08
22 19 -9.0199064374933397e-08
22 22 2.0182787716775793e-04
22 59 -1.0290443834002009e-07
23 11 -8.4625272218904521e-08
23 17 -8.5968419038120563e-08
23 20 -9.2501772267328995e-08
23 23 1.9763971576581245e-04
24 12 -8.1770583224987086e-08
24 18 -8.9668380795579754e-08
24 24 1.9089413857429114e-04
24 35 -8.9314554077775147e-08
25 2 -7.7358367143425778e-08
25 4 -1.0450185920779882e-07
25 25 1.9184557522369252e-04
25 33 -8.7003711278524881e-08
26 26 2.3475882284388822e-04
26 31 -8.9185343638346093e-08
26 54 -1.1442061040056237e-07
27 27 1.9865303776157189e-04
27 32 -8.1547677106722290e-08
27 53 -9.8398355263781858e-08
28 28 2.1855555782979117e-04
28 33 -9.5902090642159040e-08
28 55 -1.1326850995567274e-07
29 29 2.0877656661110152e-04
29 34 -8.9021698204083646e-08
29 52 -1.1015824657499311e-07
30 5 -8.3041340643189106e-08
30 13 -8.5252820537261482e-08
30 30 1.8972626518354082e-04
30 32 -9.2701526285039788e-08
31 12 -8.7726705391565892e-08
31 26 -8.9185343638346093e-08
31 31 2.1110375536735826e-04
31 49 -9.5198508067935424e-08
32 11 -8.7025150255240000e-08
32 27 -8.1547677106722290e-08
32 30 -9.2701526285039788e-08
32 32 1.9244171210229725e-04
33 14 -7.3399473097225065e-08
33 25 -8.7003711278524881e-08
33 28 -9.5902090642159040e-08
33 33 1.6944678882697498e-04
34 2 -8.7181798322042907e-08
34 14 -7.8015110477770459e-08
34 29 -8.9021698204083646e-08
34 34 1.7636599947754876e-04
35 6 -7.8970598189092837e-08
35 24 -8.9314554077775147e-08
35 35 1.7587952056401644e-04
35 65 -1.0219198563789409e-07
36 7 -8.0071234675846958e-08
36 19 -8.7734742980641054e-08
36 36 1.8624609189839535e-04
36 66 -1.0787311892897785e-07
37 37 1.8481264533930838e-04
37 41 -1.0942458248580567e-07
37 54 -6.3982035135812420e-08
38 38 1.8385859416843498e-04
38 42 -1.1075278854280591e-07
38 53 -6.8334816699354676e-08
39 39 1.7750532604141853e-04
39 40 -1.1075368823825312e-07
39 55 -6.5306723351305265e-08
40 39 -1.1075368823825312e-07
40 40 1.8383363075995951e-04
40 58 -6.8305008274035174e-08
41 37 -1.0942458248580567e-07
41 41 1.8479002946725041e-04
41 57 -6.8136159026131843e-08
42 38 -1.1075278854280591e-07
42 42 1.7750688380450787e-04
42 56 -6.5843628384435357e-08
43 43 1.7434489911630221e-04
43 44 -1.1208356137697634e-07
43 59 -6.9246931079732759e-08
44 43 -1.1208356137697634e-07
44 44 1.7434100081628468e-04
44 52 -6.5900074458794832e-08
45 1 -8.4725023228616287e-08
45 45 1.9159366965103915e-04
45 51 -9.9826348375285956e-08
45 64 -7.7835330359486131e-08
46 9 -9.8279832146572146e-08
46 21 -9.6929428237891967e-08
46 46 1.6648258246975721e-04
46 66 -7.0136503726589678e-08
47 8 -6.6767211652520105e-08
47 15 -9.9959820807851783e-08
47 47 1.7301416419749065e-04
47 50 -9.8859587211676879e-08
48 9 -6.6736614195510782e-08
48 15 -1.0135401546977658e-07
48 48 1.8199273632044398e-04
48 51 -1.0123780872793818e-07
49 8 -9.5307443621973196e-08
49 31 -9.5198508067935424e-08
49 49 1.6591275272158875e-04
49 65 -7.4101375154402453e-08
50 47 -9.8859587211676879e-08
50 50 1.6967368965584129e-04
50 64 -1.1185292949865500e-07
50 65 -7.1636336983937792e-08
51 45 -9.9826348375285956e-08
51 48 -1.0123780872793818e-07
51 51 1.7317149828232993e-04
51 66 -7.1545956838239194e-08
52 29 -1.1015824657499311e-07
52 44 -6.5900074458794832e-08
52 52 1.5813532829372077e-04
52 60 -8.7758850301449044e-08
53 27 -9.8398355263781858e-08
53 38 -6.8334816699354676e-08
53 53 1.4599689803064658e-04
53 61 -7.8256953916777321e-08
54 26 -1.1442061040056237e-07
54 37 -6.3982035135812420e-08
54 54 1.6546972577788016e-04
54 62 -8.7514033109464674e-08
55 28 -1.1326850995567274e-07
55 39 -6.5306723351305265e-08
55 55 1.5999219283272835e-04
55 63 -8.7750841739707978e-08
56 16 -1.1286788223635484e-07
56 42 -6.5843628384435357e-08
56 56 1.5660482227223128e-04
56 61 -8.3863900680669215e-08
57 17 -1.0076287076795287e-07
57 41 -6.8136159026131843e-08
57 57 1.4557518491484898e-04
57 62 -7.5750315084997352e-08
58 18 -1.0153828882637600e-07
58 40 -6.8305008274035174e-08
58 58 1.4431417017727753e-04
58 63 -7.5074202272472069e-08
59 22 -1.0290443834002009e-07
59 43 -6.9246931079732759e-08
59 59 1.4160948828089600e-04
59 60 -7.4859834671605823e-08
60 7 -9.7927443596819050e-08
60 52 -8.7758850301449044e-08
60 59 -7.4859834671605823e-08
60 60 1.5254986287069279e-04
61 5 -9.5842359867081606e-08
61 53 -7.8256953916777321e-08
61 56 -8.3863900680669215e-08
61 61 1.5436447016275911e-04
62 3 -9.2142135499124652e-08
62 54 -8.7514033109464674e-08
62 57 -7.5750315084997352e-08
62 62 1.5368626484773597e-04
63 6 -9.5937880600736489e-08
63 55 -8.7750841739707978e-08
63 58 -7.5074202272472069e-08
63 63 1.5103677270999062e-04
64 4 -7.2445604813523601e-08
64 45 -7.7835330359486131e-08
64 50 -1.1185292949865500e-07
64 64 1.7003610830660949e-04
65 35 -1.0219198563789409e-07
65 49 -7.4101375154402453e-08
65 50 -7.1636336983937792e-08
65 65 1.4137145452101354e-04
66 36 -1.0787311892897785e-07
66 46 -7.0136503726589678e-08
66 51 -7.1545956838239194e-08
66 66 1.4253414029258407e-04
