%%MatrixMarket matrix coordinate real general
66 66 244
1 1 5.7005992958769008e-05
1 2 -1.3275379006431764e-05
1 7 -9.6946641230486071e-06
1 45 -9.3820463542625314e-06
2 1 -1.3275379006431764e-05
2 2 5.2314317343706950e-05
2 25 -8.1738630244881886e-06
2 34 -9.2631456887549910e-06
3 3 5.6847683450510453e-05
3 8 -1.3966069250211580e-05
3 20 -1.0335563115765638e-05
3 62 -1.1800072070624358e-05
4 4 5.0697025290683690e-05
4 6 -1.1471189055841746e-05
4 25 -1.1626762222195302e-05
4 64 -8.1622174520046220e-06
5 5 5.3800299123040797e-05
5 9 -1.2563081818017417e-05
5 30 -9.8706133712574924e-06
5 61 -1.0845956972068978e-05
6 4 -1.1471189055841746e-05
6 6 4.9989441983468893e-05
6 35 -9.3222707777087471e-06
6 63 -1.0762878464514418e-05
7 1 -9.6946641230486071e-06
7 7 4.8231644525737129e-05
7 36 -8.4034388848807617e-06
7 60 -1.0293097304229557e-05
8 3 -1.3966069250211580e-05
8 8 5.2260575056497922e-05
8 47 -8.2849142884923500e-06
8 49 -1.1699215596392189e-05
9 5 -1.2563081818017417e-05
9 9 4.9437777447222954e-05
9 46 -1.1022536234323869e-05
9 48 -7.5277131018735569e-06
10 10 5.5547844119550600e-05
10 19 -8.4930080041658572e-06
10 21 -9.0980943460872747e-06
11 11 5.3342831305470701e-05
11 23 -8.9473488216414621e-06
11 32 -9.1904661114008464e-06
12 12 5.2763221157784593e-05
12 24 -8.5865553233313008e-06
12 31 -9.2315191068462961e-06
13 13 5.1686092861938313e-05
13 15 -1.0746871432843317e-05
13 20 -1.0705790622800981e-05
13 30 -1.0265201306312356e-05
14 14 5.3839103112538917e-05
14 33 -7.5444880380166073e-06
14 34 -7.9080329911401893e-06
15 13 -1.0746871432843317e-05
15 15 5.7406110353236679e-05
15 47 -1.1829461970254178e-05
15 48 -1.1974371231384802e-05
16 16 5.8538946185751922e-05
16 21 -9.2073920704945380e-06
16 56 -1.1484685676715095e-05
17 17 5.8970832342915809e-05
17 23 -9.7337441778221295e-06
17 57 -1.1376935014565918e-05
18 18 5.1417613897852393e-05
18 24 -8.8220368081305990e-06
18 58 -9.8898800049177651e-06
19 10 -8.4930080041658572e-06
19 19 4.5668984390328499e-05
19 22 -9.2006812665531416e-06
19 36 -9.2154007178023840e-06
20 3 -1.0335563115765638e-05
20 13 -1.0705790622800981e-05
20 20 5.2882395941807782e-05
20 23 -1.1961964032893354e-05
21 10 -9.0980943460872747e-06
21 16 -9.2073920704945380e-06
21 21 4.9300129975929175e-05
21 46 -1.0295756708589808e-05
22 19 -9.2006812665531416e-06
22 22 5.7993730400830772e-05
22 59 -1.0390894248762764e-05
23 11 -8.9473488216414621e-06
23 17 -9.7337441778221295e-06
23 20 -1.1961964032893354e-05
23 23 5.1973833044445632e-05
24 12 -8.5865553233313008e-06
24 18 -8.8220368081305990e-06
24 24 4.8193169241527128e-05
24 35 -1.1065995298549153e-05
25 2 -8.1738630244881886e-06
25 4 -1.1626762222195302e-05
25 25 4.7967003201761511e-05
25 33 -9.1742861755495379e-06
26 26 6.1133449255433594e-05
26 31 -1.0126042260361374e-05
26 54 -1.2958177564793949e-05
27 27 5.0292148305984544e-05
27 32 -8.0143560534744659e-06
27 53 -9.5684343360981971e-06
28 28 5.9071404809840438e-05
28 33 -9.8034218411804451e-06
28 55 -1.1554761358990174e-05
29 29 5.8642323354736303e-05
29 34 -9.0502787375586909e-06
29 52 -1.1142400752469539e-05
30 5 -9.8706133712574924e-06
30 13 -1.0265201306312356e-05
30 30 5.0991666661891801e-05
30 32 -1.1519057176925447e-05
31 12 -9.2315191068462961e-06
31 26 -1.0126042260361374e-05
31 31 5.4385587206175525e-05
31 49 -1.2250971095099234e-05
32 11 -9.1904661114008464e-06
32 27 -8.0143560534744659e-06
32 30 -1.1519057176925447e-05
32 32 4.8637963357728600e-05
33 14 -7.5444880380166073e-06
33 25 -9.1742861755495379e-06
33 28 -9.8034218411804451e-06
33 33 4.3271755468645296e-05
34 2 -9.2631456887549910e-06
34 14 -7.9080329911401893e-06
34 29 -9.0502787375586909e-06
34 34 4.3632648144645537e-05
35 6 -9.3222707777087471e-06
35 24 -1.1065995298549153e-05
35 35 5.0609519600319249e-05
35 65 -1.2254471638424970e-05
36 7 -8.4034388848807617e-06
36 19 -9.2154007178023840e-06
36 36 4.7797739801040622e-05
36 66 -1.1580631209846997e-05
37 37 6.1943644179292089e-05
37 41 -1.3344872403052496e-05
37 54 -7.8161482505555942e-06
38 38 4.4621504605757317e-05
38 42 -9.4047366091129748e-06
38 53 -5.9969894142645354e-06
39 39 4.3411695214075986e-05
39 40 -9.4000647162711364e-06
39 55 -6.2848393882889946e-06
40 39 -9.4000647162711364e-06
40 40 4.4602618753940531e-05
40 58 -5.9945428722657113e-06
41 37 -1.3344872403052496e-05
41 41 6.2574372522754588e-05
41 57 -8.3422185740432666e-06
42 38 -9.4047366091129748e-06
42 42 4.3478217019217266e-05
42 56 -6.3187899960559187e-06
43 43 5.5545798919850493e-05
43 44 -1.1201563538170269e-05
43 59 -7.0012750484386668e-06
44 43 -1.1201563538170269e-05
44 44 5.5212736807239108e-05
44 52 -6.6740777074303570e-06
45 1 -9.3820463542625314e-06
45 45 4.8827058577381144e-05
45 51 -1.1078613202447996e-05
45 64 -8.7893538877992613e-06
46 9 -1.1022536234323869e-05
46 21 -1.0295756708589808e-05
46 46 4.5148701009625655e-05
46 66 -7.4325695616293283e-06
47 8 -8.2849142884923500e-06
47 15 -1.1829461970254178e-05
47 47 4.9663983899247898e-05
47 50 -1.1693401218291456e-05
48 9 -7.5277131018735569e-06
48 15 -1.1974371231384802e-05
48 48 4.9522412196656830e-05
48 51 -1.1438323709096215e-05
49 8 -1.1699215596392189e-05
49 31 -1.2250971095099234e-05
49 49 5.0440699341107592e-05
49 65 -9.0995802260392195e-06
50 47 -1.1693401218291456e-05
50 50 5.1036617952587020e-05
50 64 -1.3090258361076958e-05
50 65 -8.6307317477327964e-06
51 45 -1.1078613202447996e-05
51 48 -1.1438323709096215e-05
51 51 4.8047208465566921e-05
51 66 -7.9497824069422145e-06
52 29 -1.1142400752469539e-05
52 44 -6.6740777074303570e-06
52 52 4.2539875115696590e-05
52 60 -8.9565510891995227e-06
53 27 -9.5684343360981971e-06
53 38 -5.9969894142645354e-06
53 53 3.8005018405899126e-05
53 61 -8.7927581139177050e-06
54 26 -1.2958177564793949e-05
54 37 -7.8161482505555942e-06
54 54 5.0116402813728844e-05
54 62 -1.1483834724125963e-05
55 28 -1.1554761358990174e-05
55 39 -6.2848393882889946e-06
55 55 4.2444327394225244e-05
55 63 -9.4895039984274448e-06
56 16 -1.1484685676715095e-05
56 42 -6.3187899960559187e-06
56 56 4.1554122769152851e-05
56 61 -9.1398842828733612e-06
57 17 -1.1376935014565918e-05
57 41 -8.3422185740432666e-06
57 57 4.5488441105325581e-05
57 62 -9.9650089506245809e-06
58 18 -9.8898800049177651e-06
58 40 -5.9945428722657113e-06
58 58 3.7856588601417970e-05
58 63 -8.4389459054071439e-06
59 22 -1.0390894248762764e-05
59 43 -7.0012750484386668e-06
59 59 3.9123145101147756e-05
59 60 -7.6390885571902039e-06
60 7 -1.0293097304229557e-05
60 52 -8.9565510891995227e-06
60 59 -7.6390885571902039e-06
60 60 4.2011902188823053e-05
61 5 -1.0845956972068978e-05
61 53 -8.7927581139177050e-06
61 56 -9.1398842828733612e-06
61 61 4.3658578123799261e-05
62 3 -1.1800072070624358e-05
62 54 -1.1483834724125963e-05
62 57 -9.9650089506245809e-06
62 62 4.9547757018276067e-05
63 6 -1.0762878464514418e-05
63 55 -9.4895039984274448e-06
63 58 -8.4389459054071439e-06
63 63 4.3109152885161003e-05
64 4 -8.1622174520046220e-06
64 45 -8.7893538877992613e-06
64 50 -1.3090258361076958e-05
64 64 4.7377337868333020e-05
65 35 -1.2254471638424970e-05
65 49 -9.0995802260392195e-06
65 50 -8.6307317477327964e-06
65 65 4.4862060279244980e-05
66 36 -1.1580631209846997e-05
66 46 -7.4325695616293283e-06
66 51 -7.9497824069422145e-06
66 66 4.1356446137370314e-05
