%%MatrixMarket matrix coordinate real general
66 66 244
1 1 2.4603269681074401e-04
1 2 -1.2470385542592838e-07
1 7 -9.1021864719101236e-08
1 45 -8.4724987072654137e-08
2 1 -1.2470385542592838e-07
2 2 2.1311556333673720e-04
2 25 -7.7357940573985105e-08
2 34 -8.7180072512242474e-08
3 3 1.9360330838320443e-04
3 8 -1.1135736049933325e-07
3 20 -8.2574289134076843e-08
3 62 -9.2186736632591110e-08
4 4 1.9100157846235611e-04
4 6 -1.0138862130823650e-07
4 25 -1.0450194934697784e-07
4 64 -7.2445904795225919e-08
5 5 2.0346430792990067e-04
5 9 -1.1021691044952779e-07
5 30 -8.3060274223656157e-08
5 61 -9.5867170235339901e-08
6 4 -1.0138862130823650e-07
6 6 1.8245338694657221e-04
6 35 -7.8988730668027787e-08
6 63 -9.5962613426114571e-08
7 1 -9.1021864719101236e-08
7 7 1.9574794778784370e-04
7 36 -8.0070951316430132e-08
7 60 -9.7926741265747879e-08
8 3 -1.1135736049933325e-07
8 8 1.7116748191207772e-04
8 47 -6.6769222903926276e-08
8 49 -9.5327086067147926e-08
9 5 -1.1021691044952779e-07
9 9 1.8033842439899836e-04
9 46 -9.8280026099811761e-08
9 48 -6.6736901341291143e-08
10 10 1.9624076250783555e-04
10 19 -8.3474867224993860e-08
10 21 -8.8189016453660432e-08
11 11 2.0108245414611150e-04
11 23 -8.4962535965560331e-08
11 32 -8.7377761969617630e-08
12 12 2.0107909984229047e-04
12 24 -8.2098707875598216e-08
12 31 -8.8059354748032870e-08
13 13 1.9078929690332727e-04
13 15 -8.8856770738226363e-08
13 20 -8.6065159393073836e-08
13 30 -8.5272196748591447e-08
14 14 1.5777310769775837e-04
14 33 -7.3395839347065903e-08
14 34 -7.8011143419233808e-08
15 13 -8.8856770738226363e-08
15 15 2.1911432089550593e-04
15 47 -9.9960293029472969e-08
15 48 -1.0135433176335297e-07
16 16 2.2089546788533468e-04
16 21 -8.9744151447523523e-08
16 56 -1.1287644682589427e-07
17 17 2.0656557575387041e-04
17 23 -8.6309315639354206e-08
17 57 -1.0122338566568084e-07
18 18 2.0936514329309791e-04
18 24 -9.0023228905970365e-08
18 58 -1.0198317912665490e-07
19 10 -8.3474867224993860e-08
19 19 1.8927598563207179e-04
19 22 -9.0194868395548788e-08
19 36 -8.7733024055438349e-08
20 3 -8.2574289134076843e-08
20 13 -8.6065159393073836e-08
20 20 1.8771809091595624e-04
20 23 -9.2630115501053840e-08
21 10 -8.8189016453660432e-08
21 16 -8.9744151447523523e-08
21 21 2.0878988659443990e-04
21 46 -9.6927722700219973e-08
22 19 -9.0194868395548788e-08
22 22 2.0195151870897336e-04
22 59 -1.0289897436252740e-07
23 11 -8.4962535965560331e-08
23 17 -8.6309315639354206e-08
23 20 -9.2630115501053840e-08
23 23 1.9551565492167909e-04
24 12 -8.2098707875598216e-08
24 18 -9.0023228905970365e-08
24 24 1.8878031924151562e-04
24 35 -8.9441862523640880e-08
25 2 -7.7357940573985105e-08
25 4 -1.0450194934697784e-07
25 25 1.9185640161591087e-04
25 33 -8.7002006674421499e-08
26 26 2.3273709523236879e-04
26 31 -8.9500827405872310e-08
26 54 -1.1487426714862615e-07
27 27 1.9609490580850802e-04
27 32 -8.1881760759308929e-08
27 53 -9.8847121259804474e-08
28 28 2.1861920377126158e-04
28 33 -9.5899110756212850e-08
28 55 -1.1327693101558074e-07
29 29 2.0890148382885174e-04
29 34 -8.9017386059410262e-08
29 52 -1.1015270353406325e-07
30 5 -8.3060274223656157e-08
30 13 -8.5272196748591447e-08
30 30 1.8896533106378647e-04
30 32 -9.2833393652423850e-08
31 12 -8.8059354748032870e-08
31 26 -8.9500827405872310e-08
31 31 2.0930578887553647e-04
31 49 -9.5326554161242701e-08
32 11 -8.7377761969617630e-08
32 27 -8.1881760759308929e-08
32 30 -9.2833393652423850e-08
32 32 1.9020880357533524e-04
33 14 -7.3395839347065903e-08
33 25 -8.7002006674421499e-08
33 28 -9.5899110756212850e-08
33 33 1.6950970327829449e-04
34 2 -8.7180072512242474e-08
34 14 -7.8011143419233808e-08
34 29 -8.9017386059410262e-08
34 34 1.7643686254926259e-04
35 6 -7.8988730668027787e-08
35 24 -8.9441862523640880e-08
35 35 1.7518368682336807e-04
35 65 -1.0221772101596026e-07
36 7 -8.0070951316430132e-08
36 19 -8.7733024055438349e-08
36 36 1.8625614263337089e-04
36 66 -1.0787274493236244e-07
37 37 1.8236742351830700e-04
37 41 -1.1021125319664337e-07
37 54 -6.4303272908775162e-08
38 38 1.8190277700510772e-04
38 42 -1.1114202878275893e-07
38 53 -6.8638265357733834e-08
39 39 1.7725021045470190e-04
39 40 -1.1114231610182719e-07
39 55 -6.5359849548610037e-08
40 39 -1.1114231610182719e-07
40 40 1.8189424050138716e-04
40 58 -6.8604948047253938e-08
41 37 -1.1021125319664337e-07
41 41 1.8233011886127260e-04
41 57 -6.8504158967102468e-08
42 38 -1.1114202878275893e-07
42 42 1.7725059709336395e-04
42 56 -6.5897693204106681e-08
43 43 1.7448879019699127e-04
43 44 -1.1207474122379532e-07
43 59 -6.9242533644291608e-08
44 43 -1.1207474122379532e-07
44 44 1.7448486242047084e-04
44 52 -6.5896075380172068e-08
45 1 -8.4724987072654137e-08
45 45 1.9159369184747159e-04
45 51 -9.9826345960169660e-08
45 64 -7.7835365557415213e-08
46 9 -9.8280026099811761e-08
46 21 -9.6927722700219973e-08
46 46 1.6649050199842486e-04
46 66 -7.0136293395389399e-08
47 8 -6.6769222903926276e-08
47 15 -9.9960293029472969e-08
47 47 1.7300653619351460e-04
47 50 -9.8860126069483906e-08
48 9 -6.6736901341291143e-08
48 15 -1.0135433176335297e-07
48 48 1.8199131866026349e-04
48 51 -1.0123784573323153e-07
49 8 -9.5327086067147926e-08
49 31 -9.5326554161242701e-08
49 49 1.6527815994033451e-04
49 65 -7.4119107931105012e-08
50 47 -9.8860126069483906e-08
50 50 1.6966178572053750e-04
50 64 -1.1185336207608635e-07
50 65 -7.1639690254623966e-08
51 45 -9.9826345960169660e-08
51 48 -1.0123784573323153e-07
51 51 1.7317156817897681e-04
51 66 -7.1545913645754903e-08
52 29 -1.1015270353406325e-07
52 44 -6.5896075380172068e-08
52 52 1.5820407488423006e-04
52 60 -8.7756374067609497e-08
53 27 -9.8847121259804474e-08
53 38 -6.8638265357733834e-08
53 53 1.4538675225534518e-04
53 61 -7.8391953248851576e-08
54 26 -1.1487426714862615e-07
54 37 -6.4303272908775162e-08
54 54 1.6306901684731383e-04
54 62 -8.7682176087053011e-08
55 28 -1.1327693101558074e-07
55 39 -6.5359849548610037e-08
55 55 1.5963461687663975e-04
55 63 -8.7779987013894862e-08
56 16 -1.1287644682589427e-07
56 42 -6.5897693204106681e-08
56 56 1.5624392638743630e-04
56 61 -8.3893353096073288e-08
57 17 -1.0122338566568084e-07
57 41 -6.8504158967102468e-08
57 57 1.4466349368428947e-04
57 62 -7.5907602420348325e-08
58 18 -1.0198317912665490e-07
58 40 -6.8604948047253938e-08
58 58 1.4381813331564955e-04
58 63 -7.5201310018545415e-08
59 22 -1.0289897436252740e-07
59 43 -6.9242533644291608e-08
59 59 1.4167705938671835e-04
59 60 -7.4857636337373406e-08
60 7 -9.7926741265747879e-08
60 52 -8.7756374067609497e-08
60 59 -7.4857636337373406e-08
60 60 1.5257202926287938e-04
61 5 -9.5867170235339901e-08
61 53 -7.8391953248851576e-08
61 56 -8.3893353096073288e-08
61 61 1.5356919450492063e-04
62 3 -9.2186736632591110e-08
62 54 -8.7682176087053011e-08
62 57 -7.5907602420348325e-08
62 62 1.5218899209642133e-04
63 6 -9.5962613426114571e-08
63 55 -8.7779987013894862e-08
63 58 -7.5201310018545415e-08
63 63 1.5029944999479165e-04
64 4 -7.2445904795225919e-08
64 45 -7.7835365557415213e-08
64 50 -1.1185336207608635e-07
64 64 1.7003439966147794e-04
65 35 -1.0221772101596026e-07
65 49 -7.4119107931105012e-08
65 50 -7.1639690254623966e-08
65 65 1.4123223173510073e-04
66 36 -1.0787274493236244e-07
66 46 -7.0136293395389399e-08
66 51 -7.1545913645754903e-08
66 66 1.4253602190797304e-04
