%%MatrixMarket matrix coordinate real general
66 66 244
1 1 5.7127316908196656e-05
1 2 -1.3300917779668205e-05
1 7 -9.7134168072729340e-06
1 45 -9.4007091129298809e-06
2 1 -1.3300917779668205e-05
2 2 5.2399792219993515e-05
2 25 -8.2027464033515374e-06
2 34 -9.2737894841257611e-06
3 3 5.6937057740854037e-05
3 8 -1.3985665233746268e-05
3 20 -1.0351385806539363e-05
3 62 -1.1817899312054764e-05
4 4 5.0859124957846840e-05
4 6 -1.1517122901536255e-05
4 25 -1.1660382244170771e-05
4 64 -8.1882123995944439e-06
5 5 5.4014440636876035e-05
5 9 -1.2609258888155917e-05
5 30 -9.9073646739752808e-06
5 61 -1.0891492525999368e-05
6 4 -1.1517122901536255e-05
6 6 5.0200550663962807e-05
6 35 -9.3604945960027510e-06
6 63 -1.0812271368196702e-05
7 1 -9.7134168072729340e-06
7 7 4.8296066151251746e-05
7 36 -8.4170184644352141e-06
7 60 -1.0303953574193848e-05
8 3 -1.3985665233746268e-05
8 8 5.2346583590873126e-05
8 47 -8.2951690210657907e-06
8 49 -1.1732324087776981e-05
9 5 -1.2609258888155917e-05
9 9 4.9586393157534126e-05
9 46 -1.1052359452984183e-05
9 48 -7.5522215868131648e-06
10 10 5.5663708093291100e-05
10 19 -8.5067055353294031e-06
10 21 -9.1234000018206598e-06
11 11 5.4087405966807126e-05
11 23 -9.0597880277010705e-06
11 32 -9.3114664916095904e-06
12 12 5.3500900946989233e-05
12 24 -8.7000078316735926e-06
12 31 -9.3472247368927092e-06
13 13 5.1812386207211114e-05
13 15 -1.0770863957810506e-05
13 20 -1.0729238596975834e-05
13 30 -1.0290348040455769e-05
14 14 5.3961419552519063e-05
14 33 -7.5645290064947661e-06
14 34 -7.9246301039669999e-06
15 13 -1.0770863957810506e-05
15 15 5.7535322798935128e-05
15 47 -1.1861599978952976e-05
15 48 -1.1998543835732972e-05
16 16 5.8844075517781848e-05
16 21 -9.2372685124575077e-06
16 56 -1.1564753104302354e-05
17 17 5.9711756445532913e-05
17 23 -9.8430070995838777e-06
17 57 -1.1506590308147405e-05
18 18 5.2082877761346071e-05
18 24 -8.9288390378348221e-06
18 58 -1.0024204141271608e-05
19 10 -8.5067055353294031e-06
19 19 4.5743230208440322e-05
19 22 -9.2137235654164618e-06
19 36 -9.2311872410927226e-06
20 3 -1.0351385806539363e-05
20 13 -1.0729238596975834e-05
20 20 5.2982544512872246e-05
20 23 -1.1972822745118216e-05
21 10 -9.1234000018206598e-06
21 16 -9.2372685124575077e-06
21 21 4.9460848375403597e-05
21 46 -1.0336588033759564e-05
22 19 -9.2137235654164618e-06
22 22 5.8040440103243149e-05
22 59 -1.0396844409207682e-05
23 11 -9.0597880277010705e-06
23 17 -9.8430070995838777e-06
23 20 -1.1972822745118216e-05
23 23 5.2225602490814369e-05
24 12 -8.7000078316735926e-06
24 18 -8.9288390378348221e-06
24 24 4.8629094149879744e-05
24 35 -1.1131505473782835e-05
25 2 -8.2027464033515374e-06
25 4 -1.1660382244170771e-05
25 25 4.8141055018746712e-05
25 33 -9.2094902736345067e-06
26 26 6.1883816178483851e-05
26 31 -1.0238012853659207e-05
26 54 -1.3102634661865094e-05
27 27 5.0929261790080987e-05
27 32 -8.1087563495371351e-06
27 53 -9.6962467530604401e-06
28 28 5.9370761583056584e-05
28 33 -9.8337972624369659e-06
28 55 -1.1633078303907172e-05
29 29 5.8693798441368999e-05
29 34 -9.0670386640442696e-06
29 52 -1.1148381935005157e-05
30 5 -9.9073646739752808e-06
30 13 -1.0290348040455769e-05
30 30 5.1194902426317434e-05
30 32 -1.1584435930576414e-05
31 12 -9.3472247368927092e-06
31 26 -1.0238012853659207e-05
31 31 5.4656518504015947e-05
31 49 -1.2266093279977837e-05
32 11 -9.3114664916095904e-06
32 27 -8.1087563495371351e-06
32 30 -1.1584435930576414e-05
32 32 4.9066089308275823e-05
33 14 -7.5645290064947661e-06
33 25 -9.2094902736345067e-06
33 28 -9.8337972624369659e-06
33 33 4.3400971371013855e-05
34 2 -9.2737894841257611e-06
34 14 -7.9246301039669999e-06
34 29 -9.0670386640442696e-06
34 34 4.3716598611022120e-05
35 6 -9.3604945960027510e-06
35 24 -1.1131505473782835e-05
35 35 5.0821783106486782e-05
35 65 -1.2283964986121168e-05
36 7 -8.4170184644352141e-06
36 19 -9.2311872410927226e-06
36 36 4.7893090179409374e-05
36 66 -1.1607273157453782e-05
37 37 6.2483985001911542e-05
37 41 -1.3457920837283601e-05
37 54 -7.8747293133490277e-06
38 38 4.4865343454821866e-05
38 42 -9.4772999266176698e-06
38 53 -6.0339886980187910e-06
39 39 4.4055207898867485e-05
39 40 -9.4725301316208206e-06
39 55 -6.3476244924822086e-06
40 39 -9.4725301316208206e-06
40 40 4.4845382033570450e-05
40 58 -6.0312465929660576e-06
41 37 -1.3457920837283601e-05
41 41 6.3106043132287376e-05
41 57 -8.4042573835695435e-06
42 38 -9.4772999266176698e-06
42 42 4.4121957132630050e-05
42 56 -6.3831113465739319e-06
43 43 5.5559539682613704e-05
43 44 -1.1204167275304983e-05
43 59 -7.0047548217371031e-06
44 43 -1.1204167275304983e-05
44 44 5.5227053852071760e-05
44 52 -6.6771787067901181e-06
45 1 -9.4007091129298809e-06
45 45 4.8937006665641701e-05
45 51 -1.1101462921614637e-05
45 64 -8.8164999020570460e-06
46 9 -1.1052359452984183e-05
46 21 -1.0336588033759564e-05
46 46 4.5324993109675457e-05
46 66 -7.4615745961696857e-06
47 8 -8.2951690210657907e-06
47 15 -1.1861599978952976e-05
47 47 4.9807382962968960e-05
47 50 -1.1726212818568491e-05
48 9 -7.5522215868131648e-06
48 15 -1.1998543835732972e-05
48 48 4.9676633536075058e-05
48 51 -1.1475125800945573e-05
49 8 -1.1732324087776981e-05
49 31 -1.2266093279977837e-05
49 49 5.0579692592312316e-05
49 65 -9.1267065334053426e-06
50 47 -1.1726212818568491e-05
50 50 5.1031910933174791e-05
50 64 -1.3123218963729436e-05
50 65 -8.6496488016023561e-06
51 45 -1.1101462921614637e-05
51 48 -1.1475125800945573e-05
51 51 4.8165687773331536e-05
51 66 -7.9667765423586155e-06
52 29 -1.1148381935005157e-05
52 44 -6.6771787067901181e-06
52 52 4.2569284894351767e-05
52 60 -8.9683202674386556e-06
53 27 -9.6962467530604401e-06
53 38 -6.0339886980187910e-06
53 53 3.8558188436822013e-05
53 61 -8.9307847328174480e-06
54 26 -1.3102634661865094e-05
54 37 -7.8747293133490277e-06
54 54 5.0306463766018673e-05
54 62 -1.1480932114631257e-05
55 28 -1.1633078303907172e-05
55 39 -6.3476244924822086e-06
55 55 4.2812282695202502e-05
55 63 -9.5577939601765245e-06
56 16 -1.1564753104302354e-05
56 42 -6.3831113465739319e-06
56 56 4.1872885419140114e-05
56 61 -9.2031488427424540e-06
57 17 -1.1506590308147405e-05
57 41 -8.4042573835695435e-06
57 57 4.5635198362455096e-05
57 62 -9.9617175675323388e-06
58 18 -1.0024204141271608e-05
58 40 -6.0312465929660576e-06
58 58 3.8408571708651221e-05
58 63 -8.5706308484155449e-06
59 22 -1.0396844409207682e-05
59 43 -7.0047548217371031e-06
59 59 3.9151084235753672e-05
59 60 -7.6492427668169682e-06
60 7 -1.0303953574193848e-05
60 52 -8.9683202674386556e-06
60 59 -7.6492427668169682e-06
60 60 4.2068881777093824e-05
61 5 -1.0891492525999368e-05
61 53 -8.9307847328174480e-06
61 56 -9.2031488427424540e-06
61 61 4.4012286308298018e-05
62 3 -1.1817899312054764e-05
62 54 -1.1480932114631257e-05
62 57 -9.9617175675323388e-06
62 62 4.9590793893156433e-05
63 6 -1.0812271368196702e-05
63 55 -9.5577939601765245e-06
63 58 -8.5706308484155449e-06
63 63 4.3471361543867209e-05
64 4 -8.1882123995944439e-06
64 45 -8.8164999020570460e-06
64 50 -1.3123218963729436e-05
64 64 4.7525203415323969e-05
65 35 -1.2283964986121168e-05
65 49 -9.1267065334053426e-06
65 50 -8.6496488016023561e-06
65 65 4.4972542965775899e-05
66 36 -1.1607273157453782e-05
66 46 -7.4615745961696857e-06
66 51 -7.9667765423586155e-06
66 66 4.1467112480243335e-05
