%%MatrixMarket matrix coordinate real general
66 66 244
1 1 2.4602965999777831e-04
1 2 -1.2470439791352791e-07
1 7 -9.1022048484792394e-08
1 45 -8.4725043660581788e-08
2 1 -1.2470439791352791e-07
2 2 2.1309767857540825e-04
2 25 -7.7358536942622901e-08
2 34 -8.7182364734610343e-08
3 3 1.9402335745621722e-04
3 8 -1.1134053114999994e-07
3 20 -8.2544105798407338e-08
3 62 -9.2122446946371700e-08
4 4 1.9102552503845075e-04
4 6 -1.0138140852537507e-07
4 25 -1.0450169962467293e-07
4 64 -7.2445386499183060e-08
5 5 2.0374216063360080e-04
5 9 -1.1020864558091351e-07
5 30 -8.3032893123266067e-08
5 61 -9.5831619643155917e-08
6 4 -1.0138140852537507e-07
6 6 1.8271095080343961e-04
6 35 -7.8962513434139111e-08
6 63 -9.5927153059088127e-08
7 1 -9.1022048484792394e-08
7 7 1.9574156590617691e-04
7 36 -8.0071366743886351e-08
7 60 -9.7927749124374749e-08
8 3 -1.1134053114999994e-07
8 8 1.7132654669821035e-04
8 47 -6.6766014379052381e-08
8 49 -9.5298654508382002e-08
9 5 -1.1020864558091351e-07
9 9 1.8036371495951377e-04
9 46 -9.8279619754481957e-08
9 48 -6.6736407154772061e-08
10 10 1.9609102570190297e-04
10 19 -8.3479789732525269e-08
10 21 -8.8193794767649730e-08
11 11 2.0529091200494398e-04
11 23 -8.4534607878251299e-08
11 32 -8.6930447294342591e-08
12 12 2.0521829073387652e-04
12 24 -8.1682684494381390e-08
12 31 -8.7636917990191861e-08
13 13 1.9101479313320805e-04
13 15 -8.8851685666909064e-08
13 20 -8.6037619087469255e-08
13 30 -8.5244213353622078e-08
14 14 1.5764395611149413e-04
14 33 -7.3400338441363594e-08
14 34 -7.8016104840355980e-08
15 13 -8.8851685666909064e-08
15 15 2.1913454700967129e-04
15 47 -9.9959472428990735e-08
15 48 -1.0135378164439312e-07
16 16 2.2083699260625741e-04
16 21 -8.9746909094298607e-08
16 56 -1.1286332961762492e-07
17 17 2.0840900353711247e-04
17 23 -8.5875335688598271e-08
17 57 -1.0063782751763065e-07
18 18 2.1107868188431403e-04
18 24 -8.9571320022881587e-08
18 58 -1.0141841321321961e-07
19 10 -8.3479789732525269e-08
19 19 1.8918743706437016e-04
19 22 -9.0200206015463652e-08
19 36 -8.7735317417259980e-08
20 3 -8.2544105798407338e-08
20 13 -8.6037619087469255e-08
20 20 1.8876493299605323e-04
20 23 -9.2458857341001030e-08
21 10 -8.8193794767649730e-08
21 16 -8.9746909094298607e-08
21 21 2.0870967363256052e-04
21 46 -9.6929945253249280e-08
22 19 -9.0200206015463652e-08
22 22 2.0179743353484759e-04
22 59 -1.0290591507182504e-07
23 11 -8.4534607878251299e-08
23 17 -8.5875335688598271e-08
23 20 -9.2458857341001030e-08
23 23 1.9911571561552699e-04
24 12 -8.1682684494381390e-08
24 18 -8.9571320022881587e-08
24 24 1.8992435297347771e-04
24 35 -8.9272219403604232e-08
25 2 -7.7358536942622901e-08
25 4 -1.0450169962467293e-07
25 25 1.9184161757537560e-04
25 33 -8.7004212600264209e-08
26 26 2.3390718588724312e-04
26 31 -8.9096512570512884e-08
26 54 -1.1429279540634386e-07
27 27 1.9812341314774337e-04
27 32 -8.1457976620239048e-08
27 53 -9.8280024853436104e-08
28 28 2.1855683756935484e-04
28 33 -9.5902477854691664e-08
28 55 -1.1326402036265835e-07
29 29 2.0874530957188528e-04
29 34 -8.9022870763033015e-08
29 52 -1.1015976946911118e-07
30 5 -8.3032893123266067e-08
30 13 -8.5244213353622078e-08
30 30 1.9004960275400152e-04
30 32 -9.2657629870321945e-08
31 12 -8.7636917990191861e-08
31 26 -8.9096512570512884e-08
31 31 2.1255197346634953e-04
31 49 -9.5155118716384427e-08
32 11 -8.6930447294342591e-08
32 27 -8.1457976620239048e-08
32 30 -9.2657629870321945e-08
32 32 1.9148858153658711e-04
33 14 -7.3400338441363594e-08
33 25 -8.7004212600264209e-08
33 28 -9.5902477854691664e-08
33 33 1.6942904264554697e-04
34 2 -8.7182364734610343e-08
34 14 -7.8016104840355980e-08
34 29 -8.9022870763033015e-08
34 34 1.7634405591291218e-04
35 6 -7.8962513434139111e-08
35 24 -8.9272219403604232e-08
35 35 1.7617506193506454e-04
35 65 -1.0218058652741863e-07
36 7 -8.0071366743886351e-08
36 19 -8.7735317417259980e-08
36 36 1.8624174915378975e-04
36 66 -1.0787328608499927e-07
37 37 1.8473704232678688e-04
37 41 -1.0923163730241157e-07
37 54 -6.3896198316624471e-08
38 38 1.8317023157045459e-04
38 42 -1.1065675918163583e-07
38 53 -6.8256473877484769e-08
39 39 1.7821642155390249e-04
39 40 -1.1065790151186076e-07
39 55 -6.5290582999337734e-08
40 39 -1.1065790151186076e-07
40 40 1.8313973995514959e-04
40 58 -6.8227468541319576e-08
41 37 -1.0923163730241157e-07
41 41 1.8472581850158924e-04
41 57 -6.8038760509701660e-08
42 38 -1.1065675918163583e-07
42 42 1.7821880152660285e-04
42 56 -6.5827184036980575e-08
43 43 1.7431073768637138e-04
43 44 -1.1208565386497251e-07
43 59 -6.9248086161599374e-08
44 43 -1.1208565386497251e-07
44 44 1.7430693679878990e-04
44 52 -6.5901130281265758e-08
45 1 -8.4725043660581788e-08
45 45 1.9159368655330107e-04
45 51 -9.9826348180364776e-08
45 64 -7.7835298432872102e-08
46 9 -9.8279619754481957e-08
46 21 -9.6929945253249280e-08
46 46 1.6647983000481217e-04
46 66 -7.0136584256130443e-08
47 8 -6.6766014379052381e-08
47 15 -9.9959472428990735e-08
47 47 1.7301999918770610e-04
47 50 -9.8859195780291150e-08
48 9 -6.6736407154772061e-08
48 15 -1.0135378164439312e-07
48 48 1.8199400507852578e-04
48 51 -1.0123777420049881e-07
49 8 -9.5298654508382002e-08
49 31 -9.5155118716384427e-08
49 49 1.6618356991017074e-04
49 65 -7.4093455780945289e-08
50 47 -9.8859195780291150e-08
50 50 1.6968205300672856e-04
50 64 -1.1185261603077092e-07
50 65 -7.1634480529541863e-08
51 45 -9.9826348180364776e-08
51 48 -1.0123777420049881e-07
51 51 1.7317148879107894e-04
51 66 -7.1545979024494883e-08
52 29 -1.1015976946911118e-07
52 44 -6.5901130281265758e-08
52 52 1.5811340958780300e-04
52 60 -8.7759695299450636e-08
53 27 -9.8280024853436104e-08
53 38 -6.8256473877484769e-08
53 53 1.4728875266569475e-04
53 61 -7.8213657082992726e-08
54 26 -1.1429279540634386e-07
54 37 -6.3896198316624471e-08
54 54 1.6481618228818832e-04
54 62 -8.7455464362478711e-08
55 28 -1.1326402036265835e-07
55 39 -6.5290582999337734e-08
55 55 1.6014806784938766e-04
55 63 -8.7738653523973762e-08
56 16 -1.1286332961762492e-07
56 42 -6.5827184036980575e-08
56 56 1.5676189094476881e-04
56 61 -8.3851633373798585e-08
57 17 -1.0063782751763065e-07
57 41 -6.8038760509701660e-08
57 57 1.4700140854284849e-04
57 62 -7.5696933841039820e-08
58 18 -1.0141841321321961e-07
58 40 -6.8227468541319576e-08
58 58 1.4556570994217957e-04
58 63 -7.5033229059643432e-08
59 22 -1.0290591507182504e-07
59 43 -6.9248086161599374e-08
59 59 1.4158827062789775e-04
59 60 -7.4860577837422351e-08
60 7 -9.7927749124374749e-08
60 52 -8.7759695299450636e-08
60 59 -7.4860577837422351e-08
60 60 1.5254069256189233e-04
61 5 -9.5831619643155917e-08
61 53 -7.8213657082992726e-08
61 56 -8.3851633373798585e-08
61 61 1.5469026907571323e-04
62 3 -9.2122446946371700e-08
62 54 -8.7455464362478711e-08
62 57 -7.5696933841039820e-08
62 62 1.5236775696960173e-04
63 6 -9.5927153059088127e-08
63 55 -8.7738653523973762e-08
63 58 -7.5033229059643432e-08
63 63 1.5133989335978151e-04
64 4 -7.2445386499183060e-08
64 45 -7.7835298432872102e-08
64 50 -1.1185261603077092e-07
64 64 1.7003762332225928e-04
65 35 -1.0218058652741863e-07
65 49 -7.4093455780945289e-08
65 50 -7.1634480529541863e-08
65 65 1.4144689428554632e-04
66 36 -1.0787328608499927e-07
66 46 -7.0136584256130443e-08
66 51 -7.1545979024494883e-08
66 66 1.4253314774915319e-04
