%%MatrixMarket matrix coordinate real general
66 66 244
1 1 2.4603287915150835e-04
1 2 -1.2470380111656245e-07
1 7 -9.1021852906730756e-08
1 45 -8.4724983597403964e-08
2 1 -1.2470380111656245e-07
2 2 2.1311747362412400e-04
2 25 -7.7357872724375280e-08
2 34 -8.7179692006910119e-08
3 3 1.9357520683638111e-04
3 8 -1.1135845575575151e-07
3 20 -8.2577157710390849e-08
3 62 -9.2193455529284690e-08
4 4 1.9100066756744594e-04
4 6 -1.0138909521567735e-07
4 25 -1.0450192666725490e-07
4 64 -7.2445923598427121e-08
5 5 2.0344547629238210e-04
5 9 -1.1021745135082376e-07
5 30 -8.3063006205879050e-08
5 61 -9.5870888867394007e-08
6 4 -1.0138909521567735e-07
6 6 1.8243582346585407e-04
6 35 -7.8991350575444811e-08
6 63 -9.5966310857647289e-08
7 1 -9.1021852906730756e-08
7 7 1.9574837046971739e-04
7 36 -8.0070912585308715e-08
7 60 -9.7926636747006221e-08
8 3 -1.1135845575575151e-07
8 8 1.7115797726011722e-04
8 47 -6.6769408421422203e-08
8 49 -9.5329932181789773e-08
9 5 -1.1021745135082376e-07
9 9 1.8033744925855923e-04
9 46 -9.8280016470916565e-08
9 48 -6.6736919668042863e-08
10 10 1.9628059395558574e-04
10 19 -8.3473731531620020e-08
10 21 -8.8187888625078180e-08
11 11 2.0103299299994187e-04
11 23 -8.5059750277263333e-08
11 32 -8.7479495353719934e-08
12 12 2.0103753162146931e-04
12 24 -8.2193602523490052e-08
12 31 -8.8155268798092711e-08
13 13 1.9077451130578466e-04
13 15 -8.8857093189733811e-08
13 20 -8.6067890412875779e-08
13 30 -8.5275015024140706e-08
14 14 1.5781181151221674e-04
14 33 -7.3394676721552844e-08
14 34 -7.8009904289852323e-08
15 13 -8.8857093189733811e-08
15 15 2.1911355679641304e-04
15 47 -9.9960322616754580e-08
15 48 -1.0135435156926765e-07
16 16 2.2092759920879881e-04
16 21 -8.9743223348094331e-08
16 56 -1.1287700768180899e-07
17 17 2.0411811612349042e-04
17 23 -8.6406416161791168e-08
17 57 -1.0135471569220256e-07
18 18 2.0693222166211542e-04
18 24 -9.0124707226722216e-08
18 58 -1.0211197776230491e-07
19 10 -8.3473731531620020e-08
19 19 1.8929115302188500e-04
19 22 -9.0193665124320980e-08
19 36 -8.7732652414637600e-08
20 3 -8.2577157710390849e-08
20 13 -8.6067890412875779e-08
20 20 1.8760716127798869e-04
20 23 -9.2657922326075712e-08
21 10 -8.8187888625078180e-08
21 16 -8.9743223348094331e-08
21 21 2.0880433816883683e-04
21 46 -9.6927336239211759e-08
22 19 -9.0193665124320980e-08
22 22 2.0199106895021538e-04
22 59 -1.0289740031498410e-07
23 11 -8.5059750277263333e-08
23 17 -8.6406416161791168e-08
23 20 -9.2657922326075712e-08
23 23 1.9445714281138006e-04
24 12 -8.2193602523490052e-08
24 18 -9.0124707226722216e-08
24 24 1.8774069740132396e-04
24 35 -8.9469572770029767e-08
25 2 -7.7357872724375280e-08
25 4 -1.0450192666725490e-07
25 25 1.9185821160704576e-04
25 33 -8.7001607204233452e-08
26 26 2.3032209255992994e-04
26 31 -8.9588269245906096e-08
26 54 -1.1500016902801936e-07
27 27 1.9600265495075341e-04
27 32 -8.1978755207653866e-08
27 53 -9.8978990001336465e-08
28 28 2.1865158554255180e-04
28 33 -9.5897984265806639e-08
28 55 -1.1327747128777303e-07
29 29 2.0894082516607768e-04
29 34 -8.9016156028875080e-08
29 52 -1.1015113220310057e-07
30 5 -8.3063006205879050e-08
30 13 -8.5275015024140706e-08
30 30 1.8884868558568981e-04
30 32 -9.2862136014683268e-08
31 12 -8.8155268798092711e-08
31 26 -8.9588269245906096e-08
31 31 2.1094402199323717e-04
31 49 -9.5354047759233926e-08
32 11 -8.7479495353719934e-08
32 27 -8.1978755207653866e-08
32 30 -9.2862136014683268e-08
32 32 1.8913213701917355e-04
33 14 -7.3394676721552844e-08
33 25 -8.7001607204233452e-08
33 28 -9.5897984265806639e-08
33 33 1.6952515774293423e-04
34 2 -8.7179692006910119e-08
34 14 -7.8009904289852323e-08
34 29 -8.9016156028875080e-08
34 34 1.7645341120185411e-04
35 6 -7.8991350575444811e-08
35 24 -8.9469572770029767e-08
35 35 1.7507684774259748e-04
35 65 -1.0222147318321499e-07
36 7 -8.0070912585308715e-08
36 19 -8.7732652414637600e-08
36 36 1.8625765591767440e-04
36 66 -1.0787269121283714e-07
37 37 1.8164049453738075e-04
37 41 -1.1045885584398205e-07
37 54 -6.4396548016168687e-08
38 38 1.7965924939674491e-04
38 42 -1.1126452544958703e-07
38 53 -6.8730054008706206e-08
39 39 1.7662329577379472e-04
39 40 -1.1126470976124085e-07
39 55 -6.5372137539621006e-08
40 39 -1.1126470976124085e-07
40 40 1.7965381265241058e-04
40 58 -6.8695787146645309e-08
41 37 -1.1045885584398205e-07
41 41 1.8160675863531983e-04
41 57 -6.8610996460086119e-08
42 38 -1.1126452544958703e-07
42 42 1.7662366455688261e-04
42 56 -6.5910185720904191e-08
43 43 1.7453542878135715e-04
43 44 -1.1207188158081400e-07
43 59 -6.9241244588188496e-08
44 43 -1.1207188158081400e-07
44 44 1.7453157721356095e-04
44 52 -6.5894906725379414e-08
45 1 -8.4724983597403964e-08
45 45 1.9159369608755345e-04
45 51 -9.9826345621094126e-08
45 64 -7.7835367004354096e-08
46 9 -9.8280016470916565e-08
46 21 -9.6927336239211759e-08
46 46 1.6649185941843451e-04
46 66 -7.0136260036028418e-08
47 8 -6.6769408421422203e-08
47 15 -9.9960322616754580e-08
47 47 1.7300608764252845e-04
47 50 -9.8860160637277650e-08
48 9 -6.6736919668042863e-08
48 15 -1.0135435156926765e-07
48 48 1.8199125888511487e-04
48 51 -1.0123784714214435e-07
49 8 -9.5329932181789773e-08
49 31 -9.5354047759233926e-08
49 49 1.6518130809331207e-04
49 65 -7.4121665107504703e-08
50 47 -9.8860160637277650e-08
50 50 1.6966098343017302e-04
50 64 -1.1185338997805632e-07
50 65 -7.1640031467299135e-08
51 45 -9.9826345621094126e-08
51 48 -1.0123784714214435e-07
51 51 1.7317157683888776e-04
51 66 -7.1545909039528723e-08
52 29 -1.1015113220310057e-07
52 44 -6.5894906725379414e-08
52 52 1.5821966932509716e-04
52 60 -8.7755852894238068e-08
53 27 -9.8978990001336465e-08
53 38 -6.8730054008706206e-08
53 53 1.4434394783314507e-04
53 61 -7.8422231839504111e-08
54 26 -1.1500016902801936e-07
54 37 -6.4396548016168687e-08
54 54 1.6204479147574404e-04
54 62 -8.7717533447529161e-08
55 28 -1.1327747128777303e-07
55 39 -6.5372137539621006e-08
55 55 1.5958360067742485e-04
55 63 -8.7784475438127438e-08
56 16 -1.1287700768180899e-07
56 42 -6.5910185720904191e-08
56 56 1.5619231385366971e-04
56 61 -8.3897912050484010e-08
57 17 -1.0135471569220256e-07
57 41 -6.8610996460086119e-08
57 57 1.4358736937711969e-04
57 62 -7.5940931219066946e-08
58 18 -1.0211197776230491e-07
58 40 -6.8695787146645309e-08
58 58 1.4281779773291594e-04
58 63 -7.5229815474778640e-08
59 22 -1.0289740031498410e-07
59 43 -6.9241244588188496e-08
59 59 1.4169261153261753e-04
59 60 -7.4857168886675221e-08
60 7 -9.7926636747006221e-08
60 52 -8.7755852894238068e-08
60 59 -7.4857168886675221e-08
60 60 1.5257551776501829e-04
61 5 -9.5870888867394007e-08
61 53 -7.8422231839504111e-08
61 56 -8.3897912050484010e-08
61 61 1.5344218564279148e-04
62 3 -9.2193455529284690e-08
62 54 -8.7717533447529161e-08
62 57 -7.5940931219066946e-08
62 62 1.5195200723667207e-04
63 6 -9.5966310857647289e-08
63 55 -8.7784475438127438e-08
63 58 -7.5229815474778640e-08
63 63 1.5018211574206858e-04
64 4 -7.2445923598427121e-08
64 45 -7.7835367004354096e-08
64 50 -1.1185338997805632e-07
64 64 1.7003432633628442e-04
65 35 -1.0222147318321499e-07
65 49 -7.4121665107504703e-08
65 50 -7.1640031467299135e-08
65 65 1.4121769025357718e-04
66 36 -1.0787269121283714e-07
66 46 -7.0136260036028418e-08
66 51 -7.1545909039528723e-08
66 66 1.4253622113013367e-04
