%%MatrixMarket matrix coordinate real general
66 66 244
1 1 2.4603301678845663e-04
1 2 -1.2470374762525615e-07
1 7 -9.1021843744548120e-08
1 45 -8.4724980982359583e-08
2 1 -1.2470374762525615e-07
2 2 2.1311939554673065e-04
2 25 -7.7357803733153825e-08
2 34 -8.7179195537083232e-08
3 3 1.9355312180675753e-04
3 8 -1.1135930898993243e-07
3 20 -8.2579920016901090e-08
3 62 -9.2200185294456659e-08
4 4 1.9100013057237212e-04
4 6 -1.0138946569386786e-07
4 25 -1.0450189282735450e-07
4 64 -7.2445934531350462e-08
5 5 2.0343061280357977e-04
5 9 -1.1021787352754728e-07
5 30 -8.3065686706419810e-08
5 61 -9.5874607699617087e-08
6 4 -1.0138946569386786e-07
6 6 1.8242193048008615e-04
6 35 -7.8993923997798351e-08
6 63 -9.5970002565046573e-08
7 1 -9.1021843744548120e-08
7 7 1.9574870173497420e-04
7 36 -8.0070875525392474e-08
7 60 -9.7926532520354558e-08
8 3 -1.1135930898993243e-07
8 8 1.7115079882463948e-04
8 47 -6.6769547220394061e-08
8 49 -9.5332745908549124e-08
9 5 -1.1021787352754728e-07
9 9 1.8033686912003702e-04
9 46 -9.8279994849270605e-08
9 48 -6.6736930460027956e-08
10 10 1.9635033193460976e-04
10 19 -8.3471878919481067e-08
10 21 -8.8186042527779890e-08
11 11 1.9909727612497000e-04
11 23 -8.5217231007924568e-08
11 32 -8.7644414038789364e-08
12 12 1.9911038479608075e-04
12 24 -8.2347648836171494e-08
12 31 -8.8310807804517138e-08
13 13 1.9076295926906677e-04
13 15 -8.8857342595084184e-08
13 20 -8.6070570838872161e-08
13 30 -8.5277794744223792e-08
14 14 1.5788362422825979e-04
14 33 -7.3392683493847647e-08
14 34 -7.8007792254322165e-08
15 13 -8.8857342595084184e-08
15 15 2.1911309576011520e-04
15 47 -9.9960340206827994e-08
15 48 -1.0135436334649388e-07
16 16 2.2098850867253579e-04
16 21 -8.9741628230226081e-08
16 56 -1.1287665162607750e-07
17 17 2.0327909003354453e-04
17 23 -8.6563165985759324e-08
17 57 -1.0156801941163579e-07
18 18 2.0771160179878723e-04
18 24 -9.0287735612672575e-08
18 58 -1.0232092163035515e-07
19 10 -8.3471878919481067e-08
19 19 1.8931115382090437e-04
19 22 -9.0191718321262750e-08
19 36 -8.7732172808653047e-08
20 3 -8.2579920016901090e-08
20 13 -8.6070570838872161e-08
20 20 1.8749548500953173e-04
20 23 -9.2693245210489140e-08
21 10 -8.8186042527779890e-08
21 16 -8.9741628230226081e-08
21 21 2.0882346249045998e-04
21 46 -9.6926834525122455e-08
22 19 -9.0191718321262750e-08
22 22 2.0205961496158525e-04
22 59 -1.0289485125313979e-07
23 11 -8.5217231007924568e-08
23 17 -8.6563165985759324e-08
23 20 -9.2693245210489140e-08
23 23 1.9551015665960801e-04
24 12 -8.2347648836171494e-08
24 18 -9.0287735612672575e-08
24 24 1.8873181096727755e-04
24 35 -8.9504886274013044e-08
25 2 -7.7357803733153825e-08
25 4 -1.0450189282735450e-07
25 25 1.9186007071058059e-04
25 33 -8.7001078356921927e-08
26 26 2.2900774268341909e-04
26 31 -8.9726766236474147e-08
26 54 -1.1520020044044597e-07
27 27 1.9401348257095042e-04
27 32 -8.2136030383838027e-08
27 53 -9.9194883628149385e-08
28 28 2.1871270500936198e-04
28 33 -9.5896051087264299e-08
28 55 -1.1327709426603748e-07
29 29 2.0900842650148986e-04
29 34 -8.9014180690381599e-08
29 52 -1.1014860987181140e-07
30 5 -8.3065686706419810e-08
30 13 -8.5277794744223792e-08
30 30 1.8873077163212258e-04
30 32 -9.2898899728742157e-08
31 12 -8.8310807804517138e-08
31 26 -8.9726766236474147e-08
31 31 2.0960302073934209e-04
31 49 -9.5388678350501669e-08
32 11 -8.7644414038789364e-08
32 27 -8.2136030383838027e-08
32 30 -9.2898899728742157e-08
32 32 1.9008706644580984e-04
33 14 -7.3392683493847647e-08
33 25 -8.7001078356921927e-08
33 28 -9.5896051087264299e-08
33 33 1.6954613837567850e-04
34 2 -8.7179195537083232e-08
34 14 -7.8007792254322165e-08
34 29 -8.9014180690381599e-08
34 34 1.7647561376026645e-04
35 6 -7.8993923997798351e-08
35 24 -8.9504886274013044e-08
35 35 1.7496868431457423e-04
35 65 -1.0222517704927145e-07
36 7 -8.0070875525392474e-08
36 19 -8.7732172808653047e-08
36 36 1.8625917601801630e-04
36 66 -1.0787263855951477e-07
37 37 1.7877932227107433e-04
37 41 -1.1087973516042885e-07
37 54 -6.4547283011984957e-08
38 38 1.7984612489939107e-04
38 42 -1.1147185774257608e-07
38 53 -6.8882107388805658e-08
39 39 1.7576197556238568e-04
39 40 -1.1147192431236908e-07
39 55 -6.5388663559932995e-08
40 39 -1.1147192431236908e-07
40 40 1.7984399686533624e-04
40 58 -6.8846306618316957e-08
41 37 -1.1087973516042885e-07
41 41 1.7875683051889440e-04
41 57 -6.8784081045604497e-08
42 38 -1.1147185774257608e-07
42 42 1.7576241596554628e-04
42 56 -6.5926979162266666e-08
43 43 1.7461589153156226e-04
43 44 -1.1206694887591851e-07
43 59 -6.9239152086860513e-08
44 43 -1.1206694887591851e-07
44 44 1.7461221058191894e-04
44 52 -6.5893011123236762e-08
45 1 -8.4724980982359583e-08
45 45 1.9159369867780077e-04
45 51 -9.9826345392403330e-08
45 64 -7.7835367674452568e-08
46 9 -9.8279994849270605e-08
46 21 -9.6926834525122455e-08
46 46 1.6649325996039412e-04
46 66 -7.0136226660779891e-08
47 8 -6.6769547220394061e-08
47 15 -9.9960340206827994e-08
47 47 1.7300582866154387e-04
47 50 -9.8860181402571104e-08
48 9 -6.6736930460027956e-08
48 15 -1.0135436334649388e-07
48 48 1.8199123058718075e-04
48 51 -1.0123784775626660e-07
49 8 -9.5332745908549124e-08
49 31 -9.5388678350501669e-08
49 49 1.6508341261903598e-04
49 65 -7.4124178005072384e-08
50 47 -9.8860181402571104e-08
50 50 1.6966049206016431e-04
50 64 -1.1185340676682604e-07
50 65 -7.1640298204268236e-08
51 45 -9.9826345392403330e-08
51 48 -1.0123784775626660e-07
51 51 1.7317158292812093e-04
51 66 -7.1545905418640631e-08
52 29 -1.1014860987181140e-07
52 44 -6.5893011123236762e-08
52 52 1.5824029049989476e-04
52 60 -8.7755191119179930e-08
53 27 -9.9194883628149385e-08
53 38 -6.8882107388805658e-08
53 53 1.4474243841654851e-04
53 61 -7.8462385447571480e-08
54 26 -1.1520020044044597e-07
54 37 -6.4547283011984957e-08
54 54 1.6273196866460211e-04
54 62 -8.7762133579208986e-08
55 28 -1.1327709426603748e-07
55 39 -6.5388663559932995e-08
55 55 1.5953606943006014e-04
55 63 -8.7788959365843247e-08
56 16 -1.1287665162607750e-07
56 42 -6.5926979162266666e-08
56 56 1.5614412590522495e-04
56 61 -8.3902482084746448e-08
57 17 -1.0156801941163579e-07
57 41 -6.8784081045604497e-08
57 57 1.4395451893469153e-04
57 62 -7.5983774174833941e-08
58 18 -1.0232092163035515e-07
58 40 -6.8846306618316957e-08
58 58 1.4325877291986516e-04
58 63 -7.5267508883276413e-08
59 22 -1.0289485125313979e-07
59 43 -6.9239152086860513e-08
59 59 1.4171331834553636e-04
59 60 -7.4856572103166207e-08
60 7 -9.7926532520354558e-08
60 52 -8.7755191119179930e-08
60 59 -7.4856572103166207e-08
60 60 1.5257908491754347e-04
61 5 -9.5874607699617087e-08
61 53 -7.8462385447571480e-08
61 56 -8.3902482084746448e-08
61 61 1.5331136650994809e-04
62 3 -9.2200185294456659e-08
62 54 -8.7762133579208986e-08
62 57 -7.5983774174833941e-08
62 62 1.5170909707169186e-04
63 6 -9.5970002565046573e-08
63 55 -8.7788959365843247e-08
63 58 -7.5267508883276413e-08
63 63 1.5006147154041828e-04
64 4 -7.2445934531350462e-08
64 45 -7.7835367674452568e-08
64 50 -1.1185340676682604e-07
64 64 1.7003429182348503e-04
65 35 -1.0222517704927145e-07
65 49 -7.4124178005072384e-08
65 50 -7.1640298204268236e-08
65 65 1.4120620365710954e-04
66 36 -1.0787263855951477e-07
66 46 -7.0136226660779891e-08
66 51 -7.1545905418640631e-08
66 66 1.4253637823687982e-04
