%%MatrixMarket matrix coordinate real general
66 66 244
1 1 5.7494029958237404e-05
1 2 -1.3380817228143956e-05
1 7 -9.7721659361144285e-06
1 45 -9.4592460508841948e-06
2 1 -1.3380817228143956e-05
2 2 5.2672600144839355e-05
2 25 -8.2950021823934899e-06
2 34 -9.3063459073514212e-06
3 3 5.7210701345004353e-05
3 8 -1.4047021521199546e-05
3 20 -1.0400459538902294e-05
3 62 -1.1869078189629179e-05
4 4 5.1380118194563430e-05
4 6 -1.1663976170117436e-05
4 25 -1.1766540826836010e-05
4 64 -8.2701436098470812e-06
5 5 5.4713993923628686e-05
5 9 -1.2756356231780942e-05
5 30 -1.0028070776422591e-05
5 61 -1.1036663833486947e-05
6 4 -1.1663976170117436e-05
6 6 5.0919009893305947e-05
6 35 -9.4862783820075300e-06
6 63 -1.0970653843245314e-05
7 1 -9.7721659361144285e-06
7 7 4.8496024848899208e-05
7 36 -8.4591619711475265e-06
7 60 -1.0337549353612868e-05
8 3 -1.4047021521199546e-05
8 8 5.2612683317376942e-05
8 47 -8.3279938964188896e-06
8 49 -1.1833278330928560e-05
9 5 -1.2756356231780942e-05
9 9 5.0063337890436413e-05
9 46 -1.1146522419356931e-05
9 48 -7.6292473569227645e-06
10 10 5.6023536499832030e-05
10 19 -8.5492543588882482e-06
10 21 -9.2021924940205666e-06
11 11 5.7011967512743384e-05
11 23 -9.4985360514047735e-06
11 32 -9.7758448375780496e-06
12 12 5.6408627457933802e-05
12 24 -9.1380443667120453e-06
12 31 -9.8013815845595906e-06
13 13 5.2214199997149652e-05
13 15 -1.0846459180382659e-05
13 20 -1.0800635294811717e-05
13 30 -1.0369981171907268e-05
14 14 5.4350618733431318e-05
14 33 -7.6268324638225690e-06
14 34 -7.9768232577189281e-06
15 13 -1.0846459180382659e-05
15 15 5.7941583945442598e-05
15 47 -1.1961075314867789e-05
15 48 -1.2075101247593672e-05
16 16 5.9785650960894649e-05
16 21 -9.3295479670604801e-06
16 56 -1.1831430736628695e-05
17 17 6.2389499825919005e-05
17 23 -1.0234232128029625e-05
17 57 -1.1973303685425408e-05
18 18 5.4958766469096624e-05
18 24 -9.3815612919239558e-06
18 58 -1.0579385045042400e-05
19 10 -8.5492543588882482e-06
19 19 4.5973553264936423e-05
19 22 -9.2542538363997245e-06
19 36 -9.2802109355231014e-06
20 3 -1.0400459538902294e-05
20 13 -1.0800635294811717e-05
20 20 5.3279861301260567e-05
20 23 -1.1989677600628305e-05
21 10 -9.2021924940205666e-06
21 16 -9.3295479670604801e-06
21 21 4.9951541299353136e-05
21 46 -1.0467179205776278e-05
22 19 -9.2542538363997245e-06
22 22 5.8182419887009310e-05
22 59 -1.0415007420669630e-05
23 11 -9.4985360514047735e-06
23 17 -1.0234232128029625e-05
23 20 -1.1989677600628305e-05
23 23 5.3090356929640746e-05
24 12 -9.1380443667120453e-06
24 18 -9.3815612919239558e-06
24 24 4.9995826859683253e-05
24 35 -1.1282975748799580e-05
25 2 -8.2950021823934899e-06
25 4 -1.1766540826836010e-05
25 25 4.8714244237118561e-05
25 33 -9.3218746750974429e-06
26 26 6.4585066768712472e-05
26 31 -1.0635950948082896e-05
26 54 -1.3619127477135437e-05
27 27 5.3705897381394564e-05
27 32 -8.5133707971371638e-06
27 53 -1.0228541898322563e-05
28 28 6.0296895427199314e-05
28 33 -9.9274681515473980e-06
28 55 -1.1891170245064430e-05
29 29 5.8849785954647364e-05
29 34 -9.1197344274525559e-06
29 52 -1.1166597026204595e-05
30 5 -1.0028070776422591e-05
30 13 -1.0369981171907268e-05
30 30 5.1819185076739266e-05
30 32 -1.1734874734152794e-05
31 12 -9.8013815845595906e-06
31 26 -1.0635950948082896e-05
31 31 5.5574058989340017e-05
31 49 -1.2293616424895402e-05
32 11 -9.7758448375780496e-06
32 27 -8.5133707971371638e-06
32 30 -1.1734874734152794e-05
32 32 5.0400333659730181e-05
33 14 -7.6268324638225690e-06
33 25 -9.3218746750974429e-06
33 28 -9.9274681515473980e-06
33 33 4.3815476211839323e-05
34 2 -9.3063459073514212e-06
34 14 -7.9768232577189281e-06
34 29 -9.1197344274525559e-06
34 34 4.3970074809005223e-05
35 6 -9.4862783820075300e-06
35 24 -1.1282975748799580e-05
35 35 5.1471073696517661e-05
35 65 -1.2378598932328941e-05
36 7 -8.4591619711475265e-06
36 19 -9.2802109355231014e-06
36 36 4.8180394191616675e-05
36 66 -1.1690719153120602e-05
37 37 6.4285123435043665e-05
37 41 -1.3831268446945752e-05
37 54 -8.0689961669621007e-06
38 38 4.6279102012033066e-05
38 42 -9.8670407503156845e-06
38 53 -6.2205581508860992e-06
39 39 4.7086366665437212e-05
39 40 -9.8617596032552731e-06
39 55 -6.5838200614942549e-06
40 39 -9.8617596032552731e-06
40 40 4.6254167200066910e-05
40 58 -6.2165444528403935e-06
41 37 -1.3831268446945752e-05
41 41 6.4904862828662251e-05
41 57 -8.6094766595983581e-06
42 38 -9.8670407503156845e-06
42 42 4.7155883203849599e-05
42 56 -6.6265150623710426e-06
43 43 5.5601605057012582e-05
43 44 -1.1212152594703514e-05
43 59 -7.0153767542182253e-06
44 43 -1.1212152594703514e-05
44 44 5.5270925370737737e-05
44 52 -6.6866395312620661e-06
45 1 -9.4592460508841948e-06
45 45 4.9291162150435805e-05
45 51 -1.1173109473335515e-05
45 64 -8.9020474555366982e-06
46 9 -1.1146522419356931e-05
46 21 -1.0467179205776278e-05
46 46 4.5872033055388265e-05
46 66 -7.5544334881732449e-06
47 8 -8.3279938964188896e-06
47 15 -1.1961075314867789e-05
47 47 5.0219502586285694e-05
47 50 -1.1827724071396384e-05
48 9 -7.6292473569227645e-06
48 15 -1.2075101247593672e-05
48 48 5.0024760796845371e-05
48 51 -1.1590698571872477e-05
49 8 -1.1833278330928560e-05
49 31 -1.2293616424895402e-05
49 49 5.0982300420340711e-05
49 65 -9.2094579463297247e-06
50 47 -1.1827724071396384e-05
50 50 5.1453489545734703e-05
50 64 -1.3227171810451968e-05
50 65 -8.7100185771552590e-06
51 45 -1.1173109473335515e-05
51 48 -1.1590698571872477e-05
51 51 4.8537063519491370e-05
51 66 -8.0200454561826152e-06
52 29 -1.1166597026204595e-05
52 44 -6.6866395312620661e-06
52 52 4.2659779897544365e-05
52 60 -9.0050718717051453e-06
53 27 -1.0228541898322563e-05
53 38 -6.2205581508860992e-06
53 53 4.0394355746120557e-05
53 61 -9.3184579880624114e-06
54 26 -1.3619127477135437e-05
54 37 -8.0689961669621007e-06
54 54 5.0980436851083346e-05
54 62 -1.1472688700868661e-05
55 28 -1.1891170245064430e-05
55 39 -6.5838200614942549e-06
55 55 4.3915877211043498e-05
55 63 -9.7821631689051186e-06
56 16 -1.1831430736628695e-05
56 42 -6.6265150623710426e-06
56 56 4.2975761035394230e-05
56 61 -9.4092655547844923e-06
57 17 -1.1973303685425408e-05
57 41 -8.6094766595983581e-06
57 57 4.6141747961007709e-05
57 62 -9.9518965480605012e-06
58 18 -1.0579385045042400e-05
58 40 -6.2165444528403935e-06
58 58 4.0223594116972793e-05
58 63 -8.9385425770841559e-06
59 22 -1.0415007420669630e-05
59 43 -7.0153767542182253e-06
59 59 3.9237048128765517e-05
59 60 -7.6809512375848041e-06
60 7 -1.0337549353612868e-05
60 52 -9.0050718717051453e-06
60 59 -7.6809512375848041e-06
60 60 4.2246211486013328e-05
61 5 -1.1036663833486947e-05
61 53 -9.3184579880624114e-06
61 56 -9.4092655547844923e-06
61 61 4.5105282452930290e-05
62 3 -1.1869078189629179e-05
62 54 -1.1472688700868661e-05
62 57 -9.9518965480605012e-06
62 62 4.9710979873148838e-05
63 6 -1.0970653843245314e-05
63 55 -9.7821631689051186e-06
63 58 -8.9385425770841559e-06
63 63 4.4583238848598245e-05
64 4 -8.2701436098470812e-06
64 45 -8.9020474555366982e-06
64 50 -1.3227171810451968e-05
64 64 4.7997673192750190e-05
65 35 -1.2378598932328941e-05
65 49 -9.2094579463297247e-06
65 50 -8.7100185771552590e-06
65 65 4.5288812052154602e-05
66 36 -1.1690719153120602e-05
66 46 -7.5544334881732449e-06
66 51 -8.0200454561826152e-06
66 66 4.1820234727706418e-05
