%%MatrixMarket matrix coordinate real general
66 66 244
1 1 5.7345668064264025e-05
1 2 -1.3346872699278373e-05
1 7 -9.7471934467877446e-06
1 45 -9.4343327035553150e-06
2 1 -1.3346872699278373e-05
2 2 5.2553276909440971e-05
2 25 -8.2555180887529762e-06
2 34 -9.2926111737482244e-06
3 3 5.7093212399717257e-05
3 8 -1.4020945943262680e-05
3 20 -1.0379712779329540e-05
3 62 -1.1848184163488166e-05
4 4 5.1158847546039116e-05
4 6 -1.1601045820534447e-05
4 25 -1.1721286484717249e-05
4 64 -8.2352419213436382e-06
5 5 5.4414832868032406e-05
5 9 -1.2693363210310800e-05
5 30 -9.9759495167678431e-06
5 61 -1.0974344396677118e-05
6 4 -1.1601045820534447e-05
6 6 5.0609321807147949e-05
6 35 -9.4319318535858331e-06
6 63 -1.0902565724325397e-05
7 1 -9.7471934467877446e-06
7 7 4.8411355426079784e-05
7 36 -8.4413202541033956e-06
7 60 -1.0323335588308025e-05
8 3 -1.4020945943262680e-05
8 8 5.2500757050493070e-05
8 47 -8.3138930233953593e-06
8 49 -1.1790980454621903e-05
9 5 -1.2693363210310800e-05
9 9 4.9855324412966620e-05
9 46 -1.1106348037785774e-05
9 48 -7.5964933800288670e-06
10 10 5.5873118041443589e-05
10 19 -8.5312431009752346e-06
10 21 -9.1687791204308991e-06
11 11 5.5648554100153408e-05
11 23 -9.2940608867132003e-06
11 32 -9.5606752348953057e-06
12 12 5.5041251380107665e-05
12 24 -8.9345770013752981e-06
12 31 -9.5892093711372463e-06
13 13 5.2039460008682873e-05
13 15 -1.0814272906403149e-05
13 20 -1.0770757082481115e-05
13 30 -1.0336039778535789e-05
14 14 5.4186898793139259e-05
14 33 -7.6004641908273820e-06
14 34 -7.9546329761676746e-06
15 13 -1.0814272906403149e-05
15 15 5.7768685900072016e-05
15 47 -1.1919080050706870e-05
15 48 -1.2042410128238587e-05
16 16 5.9381102218212931e-05
16 21 -9.2905538193032962e-06
16 56 -1.1715043439494039e-05
17 17 6.1180718198204135e-05
17 23 -1.0058299165676823e-05
17 57 -1.1763051455347257e-05
18 18 5.3566039544299958e-05
18 24 -9.1631544976556393e-06
18 58 -1.0314048742814792e-05
19 10 -8.5312431009752346e-06
19 19 4.5876138651129138e-05
19 22 -9.2370933227255525e-06
19 36 -9.2594545146052609e-06
20 3 -1.0379712779329540e-05
20 13 -1.0770757082481115e-05
20 20 5.3161050872764797e-05
20 23 -1.1985206491272401e-05
21 10 -9.1687791204308991e-06
21 16 -9.2905538193032962e-06
21 21 4.9737580081696451e-05
21 46 -1.0411261313228886e-05
22 19 -9.2370933227255525e-06
22 22 5.8122615828152094e-05
22 59 -1.0407375673341484e-05
23 11 -9.2940608867132003e-06
23 17 -1.0058299165676823e-05
23 20 -1.1985206491272401e-05
23 23 5.2704406866821425e-05
24 12 -8.9345770013752981e-06
24 18 -9.1631544976556393e-06
24 24 4.9406911885428273e-05
24 35 -1.1228603202959329e-05
25 2 -8.2555180887529762e-06
25 4 -1.1721286484717249e-05
25 25 4.8474992189378939e-05
25 33 -9.2737802370558544e-06
26 26 6.3363395693051902e-05
26 31 -1.0457585977603476e-05
26 54 -1.3387148930108825e-05
27 27 5.2352110558368060e-05
27 32 -8.3173842177677295e-06
27 53 -9.9734203492490803e-06
28 28 5.9899084853106424e-05
28 33 -9.8879554806648356e-06
28 55 -1.1779080523939857e-05
29 29 5.8784115935803924e-05
29 34 -9.0973302394957508e-06
29 52 -1.1158951168086718e-05
30 5 -9.9759495167678431e-06
30 13 -1.0336039778535789e-05
30 30 5.1559204625765834e-05
30 32 -1.1681027794327509e-05
31 12 -9.5892093711372463e-06
31 26 -1.0457585977603476e-05
31 31 5.5166743273988940e-05
31 49 -1.2285061669682917e-05
32 11 -9.5606752348953057e-06
32 27 -8.3173842177677295e-06
32 30 -1.1681027794327509e-05
32 32 4.9825861071508758e-05
33 14 -7.6004641908273820e-06
33 25 -9.2737802370558544e-06
33 28 -9.8879554806648356e-06
33 33 4.3636014298569178e-05
34 2 -9.2926111737482244e-06
34 14 -7.9546329761676746e-06
34 29 -9.0973302394957508e-06
34 34 4.3859302784666773e-05
35 6 -9.4319318535858331e-06
35 24 -1.1228603202959329e-05
35 35 5.1204411478870040e-05
35 65 -1.2338021004440284e-05
36 7 -8.4413202541033956e-06
36 19 -9.2594545146052609e-06
36 36 4.8060842704040668e-05
36 66 -1.1655283329155404e-05
37 37 6.3497317963081691e-05
37 41 -1.3669168752338923e-05
37 54 -7.9844615225692429e-06
38 38 4.5520491030511863e-05
38 42 -9.6633643880110255e-06
38 53 -6.1236745564928511e-06
39 39 4.5579558021596377e-05
39 40 -9.6583418994549295e-06
39 55 -6.4757596182783043e-06
40 39 -9.6583418994549295e-06
40 40 4.5497878463669417e-05
40 58 -6.1202588906781662e-06
41 37 -1.3669168752338923e-05
41 41 6.4119129548047962e-05
41 57 -8.5203012467886919e-06
42 38 -9.6633643880110255e-06
42 42 4.5647458364301611e-05
42 56 -6.5148906228075105e-06
43 43 5.5583913303435720e-05
43 44 -1.1208792564172503e-05
43 59 -7.0109120014996113e-06
44 43 -1.1208792564172503e-05
44 44 5.5252466841765975e-05
44 52 -6.6826629270056237e-06
45 1 -9.4343327035553150e-06
45 45 4.9142351830207151e-05
45 51 -1.1142636069894857e-05
45 64 -8.8656140760433860e-06
46 9 -1.1106348037785774e-05
46 21 -1.0411261313228886e-05
46 46 4.5637432768402952e-05
46 66 -7.5146596695963327e-06
47 8 -8.3138930233953593e-06
47 15 -1.1919080050706870e-05
47 47 5.0042313638143864e-05
47 50 -1.1784881272363521e-05
48 9 -7.5964933800288670e-06
48 15 -1.2042410128238587e-05
48 48 4.9963568754413530e-05
48 51 -1.1541576621472758e-05
49 8 -1.1790980454621903e-05
49 31 -1.2285061669682917e-05
49 49 5.0811045977905875e-05
49 65 -9.1747827125419569e-06
50 47 -1.1784881272363521e-05
50 50 5.1274328486394590e-05
50 64 -1.3182878550039356e-05
50 65 -8.6841744212980735e-06
51 45 -1.1142636069894857e-05
51 48 -1.1541576621472758e-05
51 51 4.8377251376699717e-05
51 66 -7.9973903308390769e-06
52 29 -1.1158951168086718e-05
52 44 -6.6826629270056237e-06
52 52 4.2621628470720937e-05
52 60 -8.9894908999764691e-06
53 27 -9.9734203492490803e-06
53 38 -6.1236745564928511e-06
53 53 3.9600319482740305e-05
53 61 -9.1649889732646140e-06
54 26 -1.3387148930108825e-05
54 37 -7.9844615225692429e-06
54 54 5.0678309603257370e-05
54 62 -1.1475863447196476e-05
55 28 -1.1779080523939857e-05
55 39 -6.4757596182783043e-06
55 55 4.3431571045985615e-05
55 63 -9.6839482610306975e-06
56 16 -1.1715043439494039e-05
56 42 -6.5148906228075105e-06
56 56 4.2481775942220974e-05
56 61 -9.3192847387974699e-06
57 17 -1.1763051455347257e-05
57 41 -8.5203012467886919e-06
57 57 4.5860546345035759e-05
57 62 -9.9558108883947158e-06
58 18 -1.0314048742814792e-05
58 40 -6.1202588906781662e-06
58 58 3.9437822563536404e-05
58 63 -8.7932366124771652e-06
59 22 -1.0407375673341484e-05
59 43 -7.0109120014996113e-06
59 59 3.9200809700010298e-05
59 60 -7.6675083930029173e-06
60 7 -1.0323335588308025e-05
60 52 -8.9894908999764691e-06
60 59 -7.6675083930029173e-06
60 60 4.2171106501441048e-05
61 5 -1.0974344396677118e-05
61 53 -9.1649889732646140e-06
61 56 -9.3192847387974699e-06
61 61 4.4645928525279082e-05
62 3 -1.1848184163488166e-05
62 54 -1.1475863447196476e-05
62 57 -9.9558108883947158e-06
62 62 4.9662676032445749e-05
63 6 -1.0902565724325397e-05
63 55 -9.6839482610306975e-06
63 58 -8.7932366124771652e-06
63 63 4.4113041504695869e-05
64 4 -8.2352419213436382e-06
64 45 -8.8656140760433860e-06
64 50 -1.3182878550039356e-05
64 64 4.7800533569350795e-05
65 35 -1.2338021004440284e-05
65 49 -9.1747827125419569e-06
65 50 -8.6841744212980735e-06
65 65 4.5177756127570520e-05
66 36 -1.1655283329155404e-05
66 46 -7.5146596695963327e-06
66 51 -7.9973903308390769e-06
66 66 4.1669273766895110e-05
