%%MatrixMarket matrix coordinate real general
66 66 244
1 1 2.4602538052449703e-04
1 2 -1.2470492585336462e-07
1 7 -9.1022293560392415e-08
1 45 -8.4725117765982681e-08
2 1 -1.2470492585336462e-07
2 2 2.1308158761225175e-04
2 25 -7.7358998330943360e-08
2 34 -8.7183822226228972e-08
3 3 1.9456518503656008e-04
3 8 -1.1131824960402116e-07
3 20 -8.2513072695589891e-08
3 62 -9.2061892161095025e-08
4 4 1.9106994584749853e-04
4 6 -1.0137195030281393e-07
4 25 -1.0450076402758712e-07
4 64 -7.2444381652996614e-08
5 5 2.0409506157803673e-04
5 9 -1.1019777183344823e-07
5 30 -8.3006078320209080e-08
5 61 -9.5798191107355086e-08
6 4 -1.0137195030281393e-07
6 6 1.8303612447205926e-04
6 35 -7.8936857120886846e-08
6 63 -9.5893813987606490e-08
7 1 -9.1022293560392415e-08
7 7 1.9573328381393838e-04
7 36 -8.0071801176463813e-08
7 60 -9.7928697917615901e-08
8 3 -1.1131824960402116e-07
8 8 1.7155349980802726e-04
8 47 -6.6761276080542398e-08
8 49 -9.5270506152834854e-08
9 5 -1.1019777183344823e-07
9 9 1.8041031102213902e-04
9 46 -9.8278494527812865e-08
9 48 -6.6735461314234082e-08
10 10 1.9603060775583788e-04
10 19 -8.3482153045402202e-08
10 21 -8.8195900305328999e-08
11 11 2.0436135858453695e-04
11 23 -8.4323739961719356e-08
11 32 -8.6711030454925240e-08
12 12 2.0606343931115775e-04
12 24 -8.1479185763951648e-08
12 31 -8.7428337868924751e-08
13 13 1.9131118545206175e-04
13 15 -8.8844758415553763e-08
13 20 -8.6010282316821826e-08
13 30 -8.5216927039281909e-08
14 14 1.5759944074252453e-04
14 33 -7.3402096561941948e-08
14 34 -7.8018296635234085e-08
15 13 -8.8844758415553763e-08
15 15 2.1917354969824555e-04
15 47 -9.9957832917986436e-08
15 48 -1.0135267697884091e-07
16 16 2.2088889716163643e-04
16 21 -8.9746682253977827e-08
16 56 -1.1284817871922256e-07
17 17 2.0986476662866906e-04
17 23 -8.5657734855159699e-08
17 57 -1.0034636130413621e-07
18 18 2.1246848902301059e-04
18 24 -8.9345693678964746e-08
18 58 -1.0114454550423768e-07
19 10 -8.3482153045402202e-08
19 19 1.8913350206261831e-04
19 22 -9.0202864747386072e-08
19 36 -8.7736818806592923e-08
20 3 -8.2513072695589891e-08
20 13 -8.6010282316821826e-08
20 20 1.8973777025305398e-04
20 23 -9.2345139876172878e-08
21 10 -8.8195900305328999e-08
21 16 -8.9746682253977827e-08
21 21 2.0866877973066327e-04
21 46 -9.6931080423269585e-08
22 19 -9.0202864747386072e-08
22 22 2.0173055832660777e-04
22 59 -1.0290933313304499e-07
23 11 -8.4323739961719356e-08
23 17 -8.5657734855159699e-08
23 20 -9.2345139876172878e-08
23 23 2.0030139472382121e-04
24 12 -8.1479185763951648e-08
24 18 -8.9345693678964746e-08
24 24 1.9111606900962399e-04
24 35 -8.9160793468900595e-08
25 2 -7.7358998330943360e-08
25 4 -1.0450076402758712e-07
25 25 1.9183254717901200e-04
25 33 -8.7005288761168400e-08
26 26 2.3536383857331410e-04
26 31 -8.8885598622607852e-08
26 54 -1.1399042826419324e-07
27 27 1.9940669043100450e-04
27 32 -8.1250298224189159e-08
27 53 -9.8010480827097308e-08
28 28 2.1860396988430535e-04
28 33 -9.5902249642695047e-08
28 55 -1.1324906005965975e-07
29 29 2.0867593286935459e-04
29 34 -8.9025588836594252e-08
29 52 -1.1016333635615558e-07
30 5 -8.3006078320209080e-08
30 13 -8.5216927039281909e-08
30 30 1.9103673095021269e-04
30 32 -9.2542506640956705e-08
31 12 -8.7428337868924751e-08
31 26 -8.8885598622607852e-08
31 31 2.1354265876111328e-04
31 49 -9.5040335358753016e-08
32 11 -8.6711030454925240e-08
32 27 -8.1250298224189159e-08
32 30 -9.2542506640956705e-08
32 32 1.9273696538502289e-04
33 14 -7.3402096561941948e-08
33 25 -8.7005288761168400e-08
33 28 -9.5902249642695047e-08
33 33 1.6939150060554174e-04
34 2 -8.7183822226228972e-08
34 14 -7.8018296635234085e-08
34 29 -8.9025588836594252e-08
34 34 1.7629015606348707e-04
35 6 -7.8936857120886846e-08
35 24 -8.9160793468900595e-08
35 35 1.7707775563360328e-04
35 65 -1.0214458033007527e-07
36 7 -8.0071801176463813e-08
36 19 -8.7736818806592923e-08
36 36 1.8622830266745236e-04
36 66 -1.0787381365692493e-07
37 37 1.8694861315884427e-04
37 41 -1.0881731378754856e-07
37 54 -6.3700805963020150e-08
38 38 1.8375593746724472e-04
38 42 -1.1044974085819336e-07
38 53 -6.8082147072342838e-08
39 39 1.7756254013770066e-04
39 40 -1.1045148790610833e-07
39 55 -6.5250613273738978e-08
40 39 -1.1045148790610833e-07
40 40 1.8371111478087665e-04
40 58 -6.8054927886428102e-08
41 37 -1.0881731378754856e-07
41 41 1.8697545721840753e-04
41 57 -6.7816867703722581e-08
42 38 -1.1044974085819336e-07
42 42 1.7756792552155323e-04
42 56 -6.5786426882449805e-08
43 43 1.7423909956008635e-04
43 44 -1.1209003870881752e-07
43 59 -6.9250683951226037e-08
44 43 -1.1209003870881752e-07
44 44 1.7423565461854187e-04
44 52 -6.5903518404247246e-08
45 1 -8.4725117765982681e-08
45 45 1.9159398266803591e-04
45 51 -9.9826334737146427e-08
45 64 -7.7835119901832872e-08
46 9 -9.8278494527812865e-08
46 21 -9.6931080423269585e-08
46 46 1.6647428593515560e-04
46 66 -7.0136777185002438e-08
47 8 -6.6761276080542398e-08
47 15 -9.9957832917986436e-08
47 47 1.7304835612032718e-04
47 50 -9.8857381282328709e-08
48 9 -6.6735461314234082e-08
48 15 -1.0135267697884091e-07
48 48 1.8200102973178842e-04
48 51 -1.0123757586421279e-07
49 8 -9.5270506152834854e-08
49 31 -9.5040335358753016e-08
49 49 1.6701361824309440e-04
49 65 -7.4068290006787664e-08
50 47 -9.8857381282328709e-08
50 50 1.6971955214186191e-04
50 64 -1.1185116515506098e-07
50 65 -7.1627614725456258e-08
51 45 -9.9826334737146427e-08
51 48 -1.0123757586421279e-07
51 51 1.7317170593541777e-04
51 66 -7.1546049611004718e-08
52 29 -1.1016333635615558e-07
52 44 -6.5903518404247246e-08
52 52 1.5805828260680434e-04
52 60 -8.7761930107150197e-08
53 27 -9.8010480827097308e-08
53 38 -6.8082147072342838e-08
53 53 1.4856078578729298e-04
53 61 -7.8103505305123238e-08
54 26 -1.1399042826419324e-07
54 37 -6.3700805963020150e-08
54 54 1.6633991953659405e-04
54 62 -8.7300193863744106e-08
55 28 -1.1324906005965975e-07
55 39 -6.5250613273738978e-08
55 55 1.6062575697536622e-04
55 63 -8.7702160870905100e-08
56 16 -1.1284817871922256e-07
56 42 -6.5786426882449805e-08
56 56 1.5724257094569893e-04
56 61 -8.3814934558956101e-08
57 17 -1.0034636130413621e-07
57 41 -6.7816867703722581e-08
57 57 1.4689348410931103e-04
57 62 -7.5555083260445929e-08
58 18 -1.0114454550423768e-07
58 40 -6.8054927886428102e-08
58 58 1.4677513270665239e-04
58 63 -7.4929097022849445e-08
59 22 -1.0290933313304499e-07
59 43 -6.9250683951226037e-08
59 59 1.4153559530609853e-04
59 60 -7.4862529307330353e-08
60 7 -9.7928697917615901e-08
60 52 -8.7761930107150197e-08
60 59 -7.4862529307330353e-08
60 60 1.5251348058740769e-04
61 5 -9.5798191107355086e-08
61 53 -7.8103505305123238e-08
61 56 -8.3814934558956101e-08
61 61 1.5369834019991722e-04
62 3 -9.2061892161095025e-08
62 54 -8.7300193863744106e-08
62 57 -7.5555083260445929e-08
62 62 1.5417269331548117e-04
63 6 -9.5893813987606490e-08
63 55 -8.7702160870905100e-08
63 58 -7.4929097022849445e-08
63 63 1.5032710493711446e-04
64 4 -7.2444381652996614e-08
64 45 -7.7835119901832872e-08
64 50 -1.1185116515506098e-07
64 64 1.7004590428430137e-04
65 35 -1.0214458033007527e-07
65 49 -7.4068290006787664e-08
65 50 -7.1627614725456258e-08
65 65 1.4171989245012154e-04
66 36 -1.0787381365692493e-07
66 46 -7.0136777185002438e-08
66 51 -7.1546049611004718e-08
66 66 1.4252975104362282e-04
