%%MatrixMarket matrix coordinate real general
66 66 244
1 1 2.4602855977030592e-04
1 2 -1.2470454704614707e-07
1 7 -9.1022112462421387e-08
1 45 -8.4725063380557030e-08
2 1 -1.2470454704614707e-07
2 2 2.1309302526126154e-04
2 25 -7.7358678697480090e-08
2 34 -8.7182817983387999e-08
3 3 1.9416614916570749e-04
3 8 -1.1133470550829195e-07
3 20 -8.2535484945709466e-08
3 62 -9.2105121899804614e-08
4 4 1.9103611113330547e-04
4 6 -1.0137892940087113e-07
4 25 -1.0450150057594657e-07
4 64 -7.2445150654469985e-08
5 5 2.0383558072010455e-04
5 9 -1.1020579822214762e-07
5 30 -8.3025343059729922e-08
5 61 -9.5822147835824266e-08
6 4 -1.0137892940087113e-07
6 6 1.8279719407442226e-04
6 35 -7.8955289691468594e-08
6 63 -9.5917685602373987e-08
7 1 -9.1022112462421387e-08
7 7 1.9573938688536801e-04
7 36 -8.0071486922877831e-08
7 60 -9.7928019176529771e-08
8 3 -1.1133470550829195e-07
8 8 1.7138454967524313e-04
8 47 -6.6764816996587318e-08
8 49 -9.5290774664144495e-08
9 5 -1.1020579822214762e-07
9 9 1.8037484086827891e-04
9 46 -9.8279370549273875e-08
9 48 -6.6736184333230744e-08
10 10 1.9607046031754687e-04
10 19 -8.3480565157184078e-08
10 21 -8.8194509052273747e-08
11 11 2.0425171874134806e-04
11 23 -8.4465427109387128e-08
11 32 -8.6858418722965348e-08
12 12 2.0416248814179367e-04
12 24 -8.1615819616825406e-08
12 31 -8.7569066829509155e-08
13 13 1.9109240916924514e-04
13 15 -8.8849892482271096e-08
13 20 -8.6029961605395108e-08
13 30 -8.5236527938873728e-08
14 14 1.5762831076012688e-04
14 33 -7.3400952282401917e-08
14 34 -7.8016835562577234e-08
15 13 -8.8849892482271096e-08
15 15 2.1914369023165437e-04
15 47 -9.9959092393358731e-08
15 48 -1.0135352616583733e-07
16 16 2.2084624605274840e-04
16 21 -8.9746997707839816e-08
16 56 -1.1285913822141390e-07
17 17 2.0739655017607857e-04
17 23 -8.5804538858814604e-08
17 57 -1.0054290846144151e-07
18 18 2.1232390533646538e-04
18 24 -8.9497831683084579e-08
18 58 -1.0132909001379294e-07
19 10 -8.3480565157184078e-08
19 19 1.8917047984091717e-04
19 22 -9.0201069913615733e-08
19 36 -8.7735780615394511e-08
20 3 -8.2535484945709466e-08
20 13 -8.6029961605395108e-08
20 20 1.8904225428973580e-04
20 23 -9.2423653024144429e-08
21 10 -8.8194509052273747e-08
21 16 -8.9746997707839816e-08
21 21 2.0869586952830608e-04
21 46 -9.6930333094825271e-08
22 19 -9.0201069913615733e-08
22 22 2.0177513351638787e-04
22 59 -1.0290702905260574e-07
23 11 -8.4465427109387128e-08
23 17 -8.5804538858814604e-08
23 20 -9.2423653024144429e-08
23 23 1.9777524916867777e-04
24 12 -8.1615819616825406e-08
24 18 -8.9497831683084579e-08
24 24 1.9104859651740861e-04
24 35 -8.9237592821206989e-08
25 2 -7.7358678697480090e-08
25 4 -1.0450150057594657e-07
25 25 1.9183852503102414e-04
25 33 -8.7004584287215469e-08
26 26 2.3530223983474406e-04
26 31 -8.9028928288862785e-08
26 54 -1.1419566423375698e-07
27 27 1.9928447743557809e-04
27 32 -8.1389874210478842e-08
27 53 -9.8191174724407622e-08
28 28 2.1856480201282958e-04
28 33 -9.5902595903226776e-08
28 55 -1.1325988406707883e-07
29 29 2.0872228335968088e-04
29 34 -8.9023756265202646e-08
29 52 -1.1016092547867786e-07
30 5 -8.3025343059729922e-08
30 13 -8.5236527938873728e-08
30 30 1.9033290236254835e-04
30 32 -9.2621914069414191e-08
31 12 -8.7569066829509155e-08
31 26 -8.9028928288862785e-08
31 31 2.1370641669399339e-04
31 49 -9.5120203338377608e-08
32 11 -8.6858418722965348e-08
32 27 -8.1389874210478842e-08
32 30 -9.2621914069414191e-08
32 32 1.9263902670714058e-04
33 14 -7.3400952282401917e-08
33 25 -8.7004584287215469e-08
33 28 -9.5902595903226776e-08
33 33 1.6941603949987207e-04
34 2 -8.7182817983387999e-08
34 14 -7.8016835562577234e-08
34 29 -8.9023756265202646e-08
34 34 1.7632691464497522e-04
35 6 -7.8955289691468594e-08
35 24 -8.9237592821206989e-08
35 35 1.7643399305982619e-04
35 65 -1.0217042644464640e-07
36 7 -8.0071486922877831e-08
36 19 -8.7735780615394511e-08
36 36 1.8623791748654148e-04
36 66 -1.0787343524232037e-07
37 37 1.8612600730528005e-04
37 41 -1.0909128366944398e-07
37 54 -6.3832041742183413e-08
38 38 1.8406645159697947e-04
38 42 -1.1058709067388008e-07
38 53 -6.8198673620530546e-08
39 39 1.7647908473083842e-04
39 40 -1.1058840926475795e-07
39 55 -6.5277896969154932e-08
40 39 -1.1058840926475795e-07
40 40 1.8403128680325633e-04
40 58 -6.8170435441352153e-08
41 37 -1.0909128366944398e-07
41 41 1.8612551524355809e-04
41 57 -6.7965440865434442e-08
42 38 -1.1058709067388008e-07
42 42 1.7648223558446285e-04
42 56 -6.5814252367990602e-08
43 43 1.7428626491075648e-04
43 44 -1.1208715234351834e-07
43 59 -6.9248945113011400e-08
44 43 -1.1208715234351834e-07
44 44 1.7428256152485008e-04
44 52 -6.5901917581607901e-08
45 1 -8.4725063380557030e-08
45 45 1.9159372653762856e-04
45 51 -9.9826346702604785e-08
45 64 -7.7835260489986906e-08
46 9 -9.8279370549273875e-08
46 21 -9.6930333094825271e-08
46 46 1.6647777461491792e-04
46 66 -7.0136648534772605e-08
47 8 -6.6764816996587318e-08
47 15 -9.9959092393358731e-08
47 47 1.7302646596933458e-04
47 50 -9.8858771865658939e-08
48 9 -6.6736184333230744e-08
48 15 -1.0135352616583733e-07
48 48 1.8199550546646603e-04
48 51 -1.0123773263467582e-07
49 8 -9.5290774664144495e-08
49 31 -9.5120203338377608e-08
49 49 1.6642114930737417e-04
49 65 -7.4086377857123595e-08
50 47 -9.8858771865658939e-08
50 50 1.6969096694442477e-04
50 64 -1.1185227683228940e-07
50 65 -7.1632684433847492e-08
51 45 -9.9826346702604785e-08
51 48 -1.0123773263467582e-07
51 51 1.7317150518751016e-04
51 66 -7.1545999263537064e-08
52 29 -1.1016092547867786e-07
52 44 -6.5901917581607901e-08
52 52 1.5809607904707879e-04
52 60 -8.7760381233358085e-08
53 27 -9.8191174724407622e-08
53 38 -6.8198673620530546e-08
53 53 1.4646247793158464e-04
53 61 -7.8179226294180420e-08
54 26 -1.1419566423375698e-07
54 37 -6.3832041742183413e-08
54 54 1.6594287124746190e-04
54 62 -8.7408120105433205e-08
55 28 -1.1325988406707883e-07
55 39 -6.5277896969154932e-08
55 55 1.6028504400837531e-04
55 63 -8.7728089923111933e-08
56 16 -1.1285913822141390e-07
56 42 -6.5814252367990602e-08
56 56 1.5689981785359795e-04
56 61 -8.3841019539859671e-08
57 17 -1.0054290846144151e-07
57 41 -6.7965440865434442e-08
57 57 1.4629725159736237e-04
57 62 -7.5653139227289073e-08
58 18 -1.0132909001379294e-07
58 40 -6.8170435441352153e-08
58 58 1.4473186276226343e-04
58 63 -7.5000870009254632e-08
59 22 -1.0290702905260574e-07
59 43 -6.9248945113011400e-08
59 59 1.4157160466364433e-04
59 60 -7.4861178870413235e-08
60 7 -9.7928019176529771e-08
60 52 -8.7760381233358085e-08
60 59 -7.4861178870413235e-08
60 60 1.5253276768933748e-04
61 5 -9.5822147835824266e-08
61 53 -7.8179226294180420e-08
61 56 -8.3841019539859671e-08
61 61 1.5497076918380998e-04
62 3 -9.2105121899804614e-08
62 54 -8.7408120105433205e-08
62 57 -7.5653139227289073e-08
62 62 1.5289365672872557e-04
63 6 -9.5917685602373987e-08
63 55 -8.7728089923111933e-08
63 58 -7.5000870009254632e-08
63 63 1.5160130087119876e-04
64 4 -7.2445150654469985e-08
64 45 -7.7835260489986906e-08
64 50 -1.1185227683228940e-07
64 64 1.7003940499363377e-04
65 35 -1.0217042644464640e-07
65 49 -7.4086377857123595e-08
65 50 -7.1632684433847492e-08
65 65 1.4151912482817080e-04
66 36 -1.0787343524232037e-07
66 46 -7.0136648534772605e-08
66 51 -7.1545999263537064e-08
66 66 1.4253221806202504e-04
