%%MatrixMarket matrix coordinate real general
66 66 244
1 1 5.7050240359582380e-05
1 2 -1.3284916038510691e-05
1 7 -9.7016652747502152e-06
1 45 -9.3890181076751487e-06
2 1 -1.3284916038510691e-05
2 2 5.2346258586149892e-05
2 25 -8.1846118820192938e-06
2 34 -9.2671373640213480e-06
3 3 5.6882061326930847e-05
3 8 -1.3973378961022618e-05
3 20 -1.0341472238701434e-05
3 62 -1.1806823393883041e-05
4 4 5.0757492085159461e-05
4 6 -1.1488300106121395e-05
4 25 -1.1639289096426999e-05
4 64 -8.1719053154972646e-06
5 5 5.3880042994941211e-05
5 9 -1.2580289324635881e-05
5 30 -9.8842112057863846e-06
5 61 -1.0862944294522418e-05
6 4 -1.1488300106121395e-05
6 6 5.0067969116873841e-05
6 35 -9.3364069597024330e-06
6 63 -1.0781289662919649e-05
7 1 -9.7016652747502152e-06
7 7 4.8255734885850786e-05
7 36 -8.4085183408845473e-06
7 60 -1.0297159313114306e-05
8 3 -1.3973378961022618e-05
8 8 5.2292661258004537e-05
8 47 -8.2887318897842050e-06
8 49 -1.1711614695539297e-05
9 5 -1.2580289324635881e-05
9 9 4.9493228429691112e-05
9 46 -1.1033668214880241e-05
9 48 -7.5368579111543600e-06
10 10 5.5589626013124679e-05
10 19 -8.4981300737498843e-06
10 21 -9.1075549483032627e-06
11 11 5.3615496523161569e-05
11 23 -8.9880282538328308e-06
11 32 -9.2343760902188872e-06
12 12 5.3023827823327205e-05
12 24 -8.6276629071724235e-06
12 31 -9.2733182757361217e-06
13 13 5.1733273815541124e-05
13 15 -1.0755830010136523e-05
13 20 -1.0714577322711104e-05
13 30 -1.0274580076335831e-05
14 14 5.3885491387430762e-05
14 33 -7.5519865333442944e-06
14 34 -7.9142273779871772e-06
15 13 -1.0755830010136523e-05
15 15 5.7454356251417590e-05
15 47 -1.1841494325835372e-05
15 48 -1.1983387697971399e-05
16 16 5.8655966375390958e-05
16 21 -9.2185774003214951e-06
16 56 -1.1514331957175026e-05
17 17 5.9236176408675333e-05
17 23 -9.7737605461693263e-06
17 57 -1.1424373264703625e-05
18 18 5.1662029380183109e-05
18 24 -8.8602503752173781e-06
18 58 -9.9381087159645352e-06
19 10 -8.4981300737498843e-06
19 19 4.5696744639670174e-05
19 22 -9.2055572564146925e-06
19 36 -9.2213044723414977e-06
20 3 -1.0341472238701434e-05
20 13 -1.0714577322711104e-05
20 20 5.2920266336283196e-05
20 23 -1.1966386268277531e-05
21 10 -9.1075549483032627e-06
21 16 -9.2185774003214951e-06
21 21 4.9361180345585082e-05
21 46 -1.0310940711533099e-05
22 19 -9.2055572564146925e-06
22 22 5.8011364591965380e-05
22 59 -1.0393124041711158e-05
23 11 -8.9880282538328308e-06
23 17 -9.7737605461693263e-06
23 20 -1.1966386268277531e-05
23 23 5.2067035549530572e-05
24 12 -8.6276629071724235e-06
24 18 -8.8602503752173781e-06
24 24 4.8353246375440593e-05
24 35 -1.1091414122433747e-05
25 2 -8.1846118820192938e-06
25 4 -1.1639289096426999e-05
25 25 4.8032021704527949e-05
25 33 -9.1873880410880622e-06
26 26 6.1409268095440861e-05
26 31 -1.0167067093076166e-05
26 54 -1.3011045809989729e-05
27 27 5.0509312391549654e-05
27 32 -8.0480860835494869e-06
27 53 -9.6142832692835246e-06
28 28 5.9185735840016988e-05
28 33 -9.8148033324364298e-06
28 55 -1.1583819291997749e-05
29 29 5.8661698708614207e-05
29 34 -9.0565348304121992e-06
29 52 -1.1144643363107669e-05
30 5 -9.8842112057863846e-06
30 13 -1.0274580076335831e-05
30 30 5.1068149225533087e-05
30 32 -1.1544433551375254e-05
31 12 -9.2733182757361217e-06
31 26 -1.0167067093076166e-05
31 31 5.4486057661372570e-05
31 49 -1.2257034877069514e-05
32 11 -9.2343760902188872e-06
32 27 -8.0480860835494869e-06
32 30 -1.1544433551375254e-05
32 32 4.8795330204456873e-05
33 14 -7.5519865333442944e-06
33 25 -9.1873880410880622e-06
33 28 -9.8148033324364298e-06
33 33 4.3320053712703392e-05
34 2 -9.2671373640213480e-06
34 14 -7.9142273779871772e-06
34 29 -9.0565348304121992e-06
34 34 4.3663998485670791e-05
35 6 -9.3364069597024330e-06
35 24 -1.1091414122433747e-05
35 35 5.0689292772646081e-05
35 65 -1.2265427920691273e-05
36 7 -8.4085183408845473e-06
36 19 -9.2213044723414977e-06
36 36 4.7833252614760979e-05
36 66 -1.1590582715130100e-05
37 37 6.2144485609529754e-05
37 41 -1.3386683581136270e-05
37 54 -7.8378238739441218e-06
38 38 4.4705244284749845e-05
38 42 -9.4297728143362329e-06
38 53 -6.0100023768763159e-06
39 39 4.3637398364584608e-05
39 40 -9.4250631934834072e-06
39 55 -6.3076544009317019e-06
40 39 -9.4250631934834072e-06
40 40 4.4685950195604568e-05
40 58 -6.0074518059404616e-06
41 37 -1.3386683581136270e-05
41 41 6.2768511400218823e-05
41 57 -8.3651580531424889e-06
42 38 -9.4297728143362329e-06
42 42 4.3703691331509446e-05
42 56 -6.3421329720595909e-06
43 43 5.5550946851886991e-05
43 44 -1.1202538659233219e-05
43 59 -7.0025795718469866e-06
44 43 -1.1202538659233219e-05
44 44 5.5218099796738045e-05
44 52 -6.6752403909604246e-06
45 1 -9.3890181076751487e-06
45 45 4.8868095396021954e-05
45 51 -1.1087137522973348e-05
45 64 -8.7994686834206867e-06
46 9 -1.1033668214880241e-05
46 21 -1.0310940711533099e-05
46 46 4.5214356658011668e-05
46 66 -7.4433529873822757e-06
47 8 -8.2887318897842050e-06
47 15 -1.1841494325835372e-05
47 47 4.9717662749272581e-05
47 50 -1.1705686146701255e-05
48 9 -7.5368579111543600e-06
48 15 -1.1983387697971399e-05
48 48 4.9579991803872151e-05
48 51 -1.1452055802086921e-05
49 8 -1.1711614695539297e-05
49 31 -1.2257034877069514e-05
49 49 5.0493191941639197e-05
49 65 -9.1097378095890119e-06
50 47 -1.1705686146701255e-05
50 50 5.1026083655964943e-05
50 64 -1.3102557074912425e-05
50 65 -8.6377685784745628e-06
51 45 -1.1087137522973348e-05
51 48 -1.1452055802086921e-05
51 51 4.8092385654482503e-05
51 66 -7.9561226385258670e-06
52 29 -1.1144643363107669e-05
52 44 -6.6752403909604246e-06
52 52 4.2550887275450375e-05
52 60 -8.9609483450403793e-06
53 27 -9.6142832692835246e-06
53 38 -6.0100023768763159e-06
53 53 3.8212866001014266e-05
53 61 -8.8447121558668403e-06
54 26 -1.3011045809989729e-05
54 37 -7.8378238739441218e-06
54 54 5.0186096312303575e-05
54 62 -1.1482756518003478e-05
55 28 -1.1583819291997749e-05
55 39 -6.3076544009317019e-06
55 55 4.2578191670147267e-05
55 63 -9.5149561576927786e-06
56 16 -1.1514331957175026e-05
56 42 -6.3421329720595909e-06
56 56 4.1669885564306060e-05
56 61 -9.1634915256911256e-06
57 17 -1.1424373264703625e-05
57 41 -8.3651580531424889e-06
57 57 4.5553493951033005e-05
57 62 -9.9637905249582528e-06
58 18 -9.9381087159645352e-06
58 40 -6.0074518059404616e-06
58 58 3.8064339806637405e-05
58 63 -8.4885420981070643e-06
59 22 -1.0393124041711158e-05
59 43 -7.0025795718469866e-06
59 59 3.9133605939760688e-05
59 60 -7.6428823758437179e-06
60 7 -1.0297159313114306e-05
60 52 -8.9609483450403793e-06
60 59 -7.6428823758437179e-06
60 60 4.2033194938377061e-05
61 5 -1.0862944294522418e-05
61 53 -8.8447121558668403e-06
61 56 -9.1634915256911256e-06
61 61 4.3794883280128747e-05
62 3 -1.1806823393883041e-05
62 54 -1.1482756518003478e-05
62 57 -9.9637905249582528e-06
62 62 4.9564121338704385e-05
63 6 -1.0781289662919649e-05
63 55 -9.5149561576927786e-06
63 58 -8.4885420981070643e-06
63 63 4.3242454249114625e-05
64 4 -8.1719053154972646e-06
64 45 -8.7994686834206867e-06
64 50 -1.3102557074912425e-05
64 64 4.7432532898994141e-05
65 35 -1.2265427920691273e-05
65 49 -9.1097378095890119e-06
65 50 -8.6377685784745628e-06
65 65 4.4902715921153792e-05
66 36 -1.1590582715130100e-05
66 46 -7.4433529873822757e-06
66 51 -7.9561226385258670e-06
66 66 4.1397732386438161e-05
