%%MatrixMarket matrix coordinate real general
66 66 244
1 1 2.4603294032637751e-04
1 2 -1.2470377969318301e-07
1 7 -9.1021848874238915e-08
1 45 -8.4724982432946809e-08
2 1 -1.2470377969318301e-07
2 2 2.1311823758906384e-04
2 25 -7.7357845389915263e-08
2 34 -8.7179515137679519e-08
3 3 1.9356553005060571e-04
3 8 -1.1135883071626500e-07
3 20 -8.2578272657469350e-08
3 62 -9.2196135199808574e-08
4 4 1.9100040567670545e-04
4 6 -1.0138925782017692e-07
4 25 -1.0450191461625888e-07
4 64 -7.2445928952834829e-08
5 5 2.0343897313226706e-04
5 9 -1.1021763675242261e-07
5 30 -8.3064080826129042e-08
5 61 -9.5872370756383381e-08
6 4 -1.0138925782017692e-07
6 6 1.8242974958025869e-04
6 35 -7.8992381679942651e-08
6 63 -9.5967782765843773e-08
7 1 -9.1021848874238915e-08
7 7 1.9574851574597163e-04
7 36 -8.0070897582113877e-08
7 60 -9.7926595190014028e-08
8 3 -1.1135883071626500e-07
8 8 1.7115478803230870e-04
8 47 -6.6769470269275432e-08
8 49 -9.5331056705191682e-08
9 5 -1.1021763675242261e-07
9 9 1.8033716733051233e-04
9 46 -9.8280009396337698e-08
9 48 -6.6736924928016232e-08
10 10 1.9630239754133403e-04
10 19 -8.3473134821610093e-08
10 21 -8.8187294712827620e-08
11 11 1.9967972527077499e-04
11 23 -8.5110904292151308e-08
11 32 -8.7533137935350824e-08
12 12 1.9968742259969863e-04
12 24 -8.2243642687046493e-08
12 31 -8.8205662318922470e-08
13 13 1.9076944000243653e-04
13 15 -8.8857203040500769e-08
13 20 -8.6068964484705766e-08
13 30 -8.5276127118606410e-08
14 14 1.5783372336744430e-04
14 33 -7.3394047960056167e-08
14 34 -7.8009236728929095e-08
15 13 -8.8857203040500769e-08
15 15 2.1911333435089853e-04
15 47 -9.9960331137587055e-08
15 48 -1.0135435727676675e-07
16 16 2.2094620120984530e-04
16 21 -8.9742717467544721e-08
16 56 -1.1287704594447078e-07
17 17 2.0525679104995291e-04
17 23 -8.6457218637966146e-08
17 57 -1.0142376268045717e-07
18 18 2.0811514166743531e-04
18 24 -9.0177441522281229e-08
18 58 -1.0217935712938108e-07
19 10 -8.3473134821610093e-08
19 19 1.8929825049821279e-04
19 22 -9.0193036103546433e-08
19 36 -8.7732480797265197e-08
20 3 -8.2578272657469350e-08
20 13 -8.6068964484705766e-08
20 20 1.8756282932372612e-04
20 23 -9.2670648511370284e-08
21 10 -8.8187294712827620e-08
21 16 -8.9742717467544721e-08
21 21 2.0881112140442107e-04
21 46 -9.6927156921394302e-08
22 19 -9.0193036103546433e-08
22 22 2.0201257884410500e-04
22 59 -1.0289657685875662e-07
23 11 -8.5110904292151308e-08
23 17 -8.6457218637966146e-08
23 20 -9.2670648511370284e-08
23 23 1.9642574554917200e-04
24 12 -8.2243642687046493e-08
24 18 -9.0177441522281229e-08
24 24 1.8963245423956300e-04
24 35 -8.9482311981673979e-08
25 2 -7.7357845389915263e-08
25 4 -1.0450191461625888e-07
25 25 1.9185894609163133e-04
25 33 -8.7001419671901405e-08
26 26 2.3186582190233955e-04
26 31 -8.9633592777625846e-08
26 54 -1.1506586212131237e-07
27 27 1.9465541658497546e-04
27 32 -8.2029643456096646e-08
27 53 -9.9048554645025806e-08
28 28 2.1867027358189983e-04
28 33 -9.5897370720743214e-08
28 55 -1.1327750136922487e-07
29 29 2.0896211345412506e-04
29 34 -8.9015515492086698e-08
29 52 -1.1015031443398267e-07
30 5 -8.3064080826129042e-08
30 13 -8.5276127118606410e-08
30 30 1.8880193544772592e-04
30 32 -9.2875435221519662e-08
31 12 -8.8205662318922470e-08
31 26 -8.9633592777625846e-08
31 31 2.1046727599219209e-04
31 49 -9.5366431299115111e-08
32 11 -8.7533137935350824e-08
32 27 -8.2029643456096646e-08
32 30 -9.2875435221519662e-08
32 32 1.9102306544956790e-04
33 14 -7.3394047960056167e-08
33 25 -8.7001419671901405e-08
33 28 -9.5897370720743214e-08
33 33 1.6953252490913508e-04
34 2 -8.7179515137679519e-08
34 14 -7.8009236728929095e-08
34 29 -8.9015515492086698e-08
34 34 1.7646123645554445e-04
35 6 -7.8992381679942651e-08
35 24 -8.9482311981673979e-08
35 35 1.7503399526920971e-04
35 65 -1.0222295444704983e-07
36 7 -8.0070897582113877e-08
36 19 -8.7732480797265197e-08
36 36 1.8625826034501076e-04
36 66 -1.0787267008527986e-07
37 37 1.8008803388840352e-04
37 41 -1.1059255614205986e-07
37 54 -6.4445531555561048e-08
38 38 1.8054358207568710e-04
38 42 -1.1132996279622327e-07
38 53 -6.8778548242915257e-08
39 39 1.7632208763571853e-04
39 40 -1.1133009878200393e-07
39 55 -6.5377963680696921e-08
40 39 -1.1133009878200393e-07
40 40 1.8053939016979839e-04
40 58 -6.8743787546324278e-08
41 37 -1.1059255614205986e-07
41 41 1.8005741733639552e-04
41 57 -6.8667146341596756e-08
42 38 -1.1132996279622327e-07
42 42 1.7632247174897219e-04
42 56 -6.5916107134284035e-08
43 43 1.7456075553907714e-04
43 44 -1.1207032876638614e-07
43 59 -6.9240568726798009e-08
44 43 -1.1207032876638614e-07
44 44 1.7455695429366338e-04
44 52 -6.5894294318179114e-08
45 1 -8.4724982432946809e-08
45 45 1.9159369738754454e-04
45 51 -9.9826345513349788e-08
45 64 -7.7835367357946267e-08
46 9 -9.8280009396337698e-08
46 21 -9.6927156921394302e-08
46 46 1.6649241203816578e-04
46 66 -7.0136246721112969e-08
47 8 -6.6769470269275432e-08
47 15 -9.9960331137587055e-08
47 47 1.7300596111878788e-04
47 50 -9.8860170662998331e-08
48 9 -6.6736924928016232e-08
48 15 -1.0135435727676675e-07
48 48 1.8199124407495762e-04
48 51 -1.0123784747403232e-07
49 8 -9.5331056705191682e-08
49 31 -9.5366431299115111e-08
49 49 1.6514249135900786e-04
49 65 -7.4122671974399352e-08
50 47 -9.8860170662998331e-08
50 50 1.6966074747207211e-04
50 64 -1.1185339808495653e-07
50 65 -7.1640148538825496e-08
51 45 -9.9826345513349788e-08
51 48 -1.0123784747403232e-07
51 51 1.7317157963222892e-04
51 66 -7.1545907451919637e-08
52 29 -1.1015031443398267e-07
52 44 -6.5894294318179114e-08
52 52 1.5822697839911482e-04
52 60 -8.7755614538724003e-08
53 27 -9.9048554645025806e-08
53 38 -6.8778548242915257e-08
53 53 1.4384712236312046e-04
53 61 -7.8436507780127722e-08
54 26 -1.1506586212131237e-07
54 37 -6.4445531555561048e-08
54 54 1.6156486101254715e-04
54 62 -8.7733789335301935e-08
55 28 -1.1327750136922487e-07
55 39 -6.5377963680696921e-08
55 55 1.5956399476106447e-04
55 63 -8.7786267172851133e-08
56 16 -1.1287704594447078e-07
56 42 -6.5916107134284035e-08
56 56 1.5617245609297919e-04
56 61 -8.3899735654738504e-08
57 17 -1.0142376268045717e-07
57 41 -6.8667146341596756e-08
57 57 1.4307982147939032e-04
57 62 -7.5956348132361127e-08
58 18 -1.0217935712938108e-07
58 40 -6.8743787546324278e-08
58 58 1.4234198864988720e-04
58 63 -7.5243243796067228e-08
59 22 -1.0289657685875662e-07
59 43 -6.9240568726798009e-08
59 59 1.4169993159153749e-04
59 60 -7.4856954398848107e-08
60 7 -9.7926595190014028e-08
60 52 -8.7755614538724003e-08
60 59 -7.4856954398848107e-08
60 60 1.5257692722721325e-04
61 5 -9.5872370756383381e-08
61 53 -7.8436507780127722e-08
61 56 -8.3899735654738504e-08
61 61 1.5339061139462096e-04
62 3 -9.2196135199808574e-08
62 54 -8.7733789335301935e-08
62 57 -7.5956348132361127e-08
62 62 1.5185609434057725e-04
63 6 -9.5967782765843773e-08
63 55 -8.7786267172851133e-08
63 58 -7.5243243796067228e-08
63 63 1.5013452543436299e-04
64 4 -7.2445928952834829e-08
64 45 -7.7835367357946267e-08
64 50 -1.1185339808495653e-07
64 64 1.7003430817860856e-04
65 35 -1.0222295444704983e-07
65 49 -7.4122671974399352e-08
65 50 -7.1640148538825496e-08
65 65 1.4121266607835658e-04
66 36 -1.0787267008527986e-07
66 46 -7.0136246721112969e-08
66 51 -7.1545907451919637e-08
66 66 1.4253628993169000e-04
