%%MatrixMarket matrix coordinate real general
66 66 244
1 1 5.7724151098030916e-05
1 2 -1.3430121756566995e-05
1 7 -9.8084618482205495e-06
1 45 -9.4957760450629159e-06
2 1 -1.3430121756566995e-05
2 2 5.2847773463159044e-05
2 25 -8.3531183503964821e-06
2 34 -9.3262640805788616e-06
3 3 5.7378481740114819e-05
3 8 -1.4084868639588721e-05
3 20 -1.0430301930454912e-05
3 62 -1.1897419583713785e-05
4 4 5.1710537953298530e-05
4 6 -1.1757291171817551e-05
4 25 -1.1833244262159529e-05
4 64 -8.3210689028038680e-06
5 5 5.5156834960941843e-05
5 9 -1.2849573175716635e-05
5 30 -1.0104911562205126e-05
5 61 -1.1129447056162824e-05
6 4 -1.1757291171817551e-05
6 6 5.1372194505307580e-05
6 35 -9.5665705526053930e-06
6 63 -1.1072339448248642e-05
7 1 -9.8084618482205495e-06
7 7 4.8619114153115688e-05
7 36 -8.4850797499323262e-06
7 60 -1.0358207160817876e-05
8 3 -1.4084868639588721e-05
8 8 5.2775579463942875e-05
8 47 -8.3489851211215608e-06
8 49 -1.1892734739984825e-05
9 5 -1.2849573175716635e-05
9 9 5.0360657733984152e-05
9 46 -1.1205874023406544e-05
9 48 -7.6767912792892594e-06
10 10 5.6244987001810007e-05
10 19 -8.5752006610544280e-06
10 21 -9.2506756754937094e-06
11 11 5.9428098932911357e-05
11 23 -9.8549250357352150e-06
11 32 -1.0147614692453609e-05
12 12 5.8831543385212673e-05
12 24 -9.4917910216840365e-06
12 31 -1.0173512927990481e-05
13 13 5.2448171612168564e-05
13 15 -1.0893520897764345e-05
13 20 -1.0842748641657915e-05
13 30 -1.0419437718862498e-05
14 14 5.4592119918715788e-05
14 33 -7.6650741576373184e-06
14 34 -8.0090399461381406e-06
15 13 -1.0893520897764345e-05
15 15 5.8194680293436457e-05
15 47 -1.2021554308581912e-05
15 48 -1.2123227832506125e-05
16 16 6.0372015541944404e-05
16 21 -9.3857473668575174e-06
16 56 -1.2010001569534393e-05
17 17 6.4355679516251728e-05
17 23 -1.0518086383920094e-05
17 57 -1.2313216349689029e-05
18 18 5.7641574766985226e-05
18 24 -9.7959447549052741e-06
18 58 -1.1074166382831470e-05
19 10 -8.5752006610544280e-06
19 19 4.6114039980904979e-05
19 22 -9.2790087905934130e-06
19 36 -9.3103500902543943e-06
20 3 -1.0430301930454912e-05
20 13 -1.0842748641657915e-05
20 20 5.3447829764331658e-05
20 23 -1.1992283637934850e-05
21 10 -9.2506756754937094e-06
21 16 -9.3857473668575174e-06
21 21 5.0264452247861486e-05
21 46 -1.0549360204956713e-05
22 19 -9.2790087905934130e-06
22 22 5.8267538788738942e-05
22 59 -1.0425911440980082e-05
23 11 -9.8549250357352150e-06
23 17 -1.0518086383920094e-05
23 20 -1.1992283637934850e-05
23 23 5.3522646077609801e-05
24 12 -9.4917910216840365e-06
24 18 -9.7959447549052741e-06
24 24 5.0923156976342664e-05
24 35 -1.1338412197632732e-05
25 2 -8.3531183503964821e-06
25 4 -1.1833244262159529e-05
25 25 4.9080145817752429e-05
25 33 -9.3925953461354706e-06
26 26 6.6560841762675757e-05
26 31 -1.0921891423010363e-05
26 54 -1.3991920622255221e-05
27 27 5.6341783026739512e-05
27 32 -8.8889390087351583e-06
27 53 -1.0708036819540584e-05
28 28 6.0873422421879788e-05
28 33 -9.9843773656733637e-06
28 55 -1.2061771972319626e-05
29 29 5.8943372180087592e-05
29 34 -9.1522769563964083e-06
29 52 -1.1177520904018934e-05
30 5 -1.0104911562205126e-05
30 13 -1.0419437718862498e-05
30 30 5.2175380195450624e-05
30 32 -1.1789551599178470e-05
31 12 -1.0173512927990481e-05
31 26 -1.0921891423010363e-05
31 31 5.6239969750129138e-05
31 49 -1.2301208531173143e-05
32 11 -1.0147614692453609e-05
32 27 -8.8889390087351583e-06
32 30 -1.1789551599178470e-05
32 32 5.1302493563437453e-05
33 14 -7.6650741576373184e-06
33 25 -9.3925953461354706e-06
33 28 -9.9843773656733637e-06
33 33 4.4075631729156400e-05
34 2 -9.3262640805788616e-06
34 14 -8.0090399461381406e-06
34 29 -9.1522769563964083e-06
34 34 4.4131173508506501e-05
35 6 -9.5665705526053930e-06
35 24 -1.1338412197632732e-05
35 35 5.1848198686626893e-05
35 65 -1.2438453881504406e-05
36 7 -8.4850797499323262e-06
36 19 -9.3103500902543943e-06
36 36 4.8345514422380587e-05
36 66 -1.1742281004125966e-05
37 37 6.5470427648986612e-05
37 41 -1.4073918149703863e-05
37 54 -8.1961691398047545e-06
38 38 4.8120034944940496e-05
38 42 -1.0327252548732359e-05
38 53 -6.4477057298825398e-06
39 39 5.0000340205907183e-05
39 40 -1.0321495093714389e-05
39 55 -6.7602082057287627e-06
40 39 -1.0321495093714389e-05
40 40 4.8091589021643937e-05
40 58 -6.4426834728369731e-06
41 37 -1.4073918149703863e-05
41 41 6.6081820465137202e-05
41 57 -8.7432593765609626e-06
42 38 -1.0327252548732359e-05
42 42 5.0073513437579568e-05
42 56 -6.8094724306094147e-06
43 43 5.5626889193528290e-05
43 44 -1.1216950652899241e-05
43 59 -7.0217708293801410e-06
44 43 -1.1216950652899241e-05
44 44 5.5297322193371439e-05
44 52 -6.6923442313903250e-06
45 1 -9.4957760450629159e-06
45 45 4.9510293309838730e-05
45 51 -1.1217863073076656e-05
45 64 -8.9552227221915432e-06
46 9 -1.1205874023406544e-05
46 21 -1.0549360204956713e-05
46 46 4.6226130908624131e-05
46 66 -7.6128895514605423e-06
47 8 -8.3489851211215608e-06
47 15 -1.2021554308581912e-05
47 47 5.0473999275044570e-05
47 50 -1.1889355985383821e-05
48 9 -7.6767912792892594e-06
48 15 -1.2123227832506125e-05
48 48 5.0266062197841661e-05
48 51 -1.1661999983965183e-05
49 8 -1.1892734739984825e-05
49 31 -1.2301208531173143e-05
49 49 5.1208731740444572e-05
49 65 -9.2581995435268607e-06
50 47 -1.1889355985383821e-05
50 50 5.1714869921935648e-05
50 64 -1.3292119754752773e-05
50 65 -8.7482913768700551e-06
51 45 -1.1217863073076656e-05
51 48 -1.1661999983965183e-05
51 51 4.8762207479200343e-05
51 66 -8.0532736853445719e-06
52 29 -1.1177520904018934e-05
52 44 -6.6923442313903250e-06
52 52 4.2716458330093830e-05
52 60 -9.0275936504980768e-06
53 27 -1.0708036819540584e-05
53 38 -6.4477057298825398e-06
53 53 4.1628419992545843e-05
53 61 -9.5006811802339355e-06
54 26 -1.3991920622255221e-05
54 37 -8.1961691398047545e-06
54 54 5.1463683825942288e-05
54 62 -1.1469869143744490e-05
55 28 -1.2061771972319626e-05
55 39 -6.7602082057287627e-06
55 55 4.4664839771377889e-05
55 63 -9.9349364005310645e-06
56 16 -1.2010001569534393e-05
56 42 -6.8094724306094147e-06
56 56 4.3738021713213320e-05
56 61 -9.5489777938598407e-06
57 17 -1.2313216349689029e-05
57 41 -8.7432593765609626e-06
57 57 4.6597501048990968e-05
57 62 -9.9477943695074863e-06
58 18 -1.1074166382831470e-05
58 40 -6.4426834728369731e-06
58 58 4.1450945658155730e-05
58 63 -9.1105883517255907e-06
59 22 -1.0425911440980082e-05
59 43 -7.0217708293801410e-06
59 59 3.9290507719545149e-05
59 60 -7.7003817224509023e-06
60 7 -1.0358207160817876e-05
60 52 -9.0275936504980768e-06
60 59 -7.7003817224509023e-06
60 60 4.2354723676064245e-05
61 5 -1.1129447056162824e-05
61 53 -9.5006811802339355e-06
61 56 -9.5489777938598407e-06
61 61 4.5761712069269770e-05
62 3 -1.1897419583713785e-05
62 54 -1.1469869143744490e-05
62 57 -9.9477943695074863e-06
62 62 4.9775921536221678e-05
63 6 -1.1072339448248642e-05
63 55 -9.9349364005310645e-06
63 58 -9.1105883517255907e-06
63 63 4.5261520110270884e-05
64 4 -8.3210689028038680e-06
64 45 -8.9552227221915432e-06
64 50 -1.3292119754752773e-05
64 64 4.8293300400304221e-05
65 35 -1.2438453881504406e-05
65 49 -9.2581995435268607e-06
65 50 -8.7482913768700551e-06
65 65 4.5395832316663888e-05
66 36 -1.1742281004125966e-05
66 46 -7.6128895514605423e-06
66 51 -8.0532736853445719e-06
66 66 4.2030292094595394e-05
