%%MatrixMarket matrix coordinate real general
66 66 244
1 1 2.4602578164543265e-04
1 2 -1.2470488120366399e-07
1 7 -9.1022270947508160e-08
1 45 -8.4725111124422461e-08
2 1 -1.2470488120366399e-07
2 2 2.1308290938405088e-04
2 25 -7.7358963667671560e-08
2 34 -8.7183712430063889e-08
3 3 1.9451570070882135e-04
3 8 -1.1132030272295254e-07
3 20 -8.2515751425174917e-08
3 62 -9.2066944041819997e-08
4 4 1.9106545131315173e-04
4 6 -1.0137281993277334e-07
4 25 -1.0450086782644801e-07
4 64 -7.2444484909227339e-08
5 5 2.0406296682023092e-04
5 9 -1.1019877284361059e-07
5 30 -8.3008357844392027e-08
5 61 -9.5801036919377764e-08
6 4 -1.0137281993277334e-07
6 6 1.8300662022786401e-04
6 35 -7.8939037658662989e-08
6 63 -9.5896663544311177e-08
7 1 -9.1022270947508160e-08
7 7 1.9573404162959957e-04
7 36 -8.0071763490995292e-08
7 60 -9.7928618298029066e-08
8 3 -1.1132030272295254e-07
8 8 1.7153206350098332e-04
8 47 -6.6761729187508857e-08
8 49 -9.5272917645695279e-08
9 5 -1.1019877284361059e-07
9 9 1.8040560508767427e-04
9 46 -9.8278615642597491e-08
9 48 -6.6735558169931043e-08
10 10 1.9603463751761854e-04
10 19 -8.3481986965949976e-08
10 21 -8.8195760488860917e-08
11 11 2.0632186194958081e-04
11 23 -8.4338579585257382e-08
11 32 -8.6726621649266485e-08
12 12 2.0619629224590468e-04
12 24 -8.1493416816775449e-08
12 31 -8.7442997779912111e-08
13 13 1.9128391483300966e-04
13 15 -8.8845404129671078e-08
13 20 -8.6012620440458379e-08
13 30 -8.5219246109186553e-08
14 14 1.5760227313792101e-04
14 33 -7.3401985040157537e-08
14 34 -7.8018145918395474e-08
15 13 -8.8845404129671078e-08
15 15 2.1916953407834458e-04
15 47 -9.9958003564770545e-08
15 48 -1.0135279223735202e-07
16 16 2.2088274914737246e-04
16 21 -8.9746751654607019e-08
16 56 -1.1284948734118850e-07
17 17 2.0960910308001724e-04
17 23 -8.5673052430200125e-08
17 57 -1.0036697935693834e-07
18 18 2.1221646188912237e-04
18 24 -8.9361609560714993e-08
18 58 -1.0116364688944348e-07
19 10 -8.3481986965949976e-08
19 19 1.8913750695920666e-04
19 22 -9.0202675223317433e-08
19 36 -8.7736704442759962e-08
20 3 -8.2515751425174917e-08
20 13 -8.6012620440458379e-08
20 20 1.8965626635105285e-04
20 23 -9.2353759889548370e-08
21 10 -8.8195760488860917e-08
21 16 -8.9746751654607019e-08
21 21 2.0867147677201811e-04
21 46 -9.6931007727957726e-08
22 19 -9.0202675223317433e-08
22 22 2.0173516370461617e-04
22 59 -1.0290909051446343e-07
23 11 -8.4338579585257382e-08
23 17 -8.5673052430200125e-08
23 20 -9.2353759889548370e-08
23 23 2.0002702604259481e-04
24 12 -8.1493416816775449e-08
24 18 -8.9361609560714993e-08
24 24 1.9323596098420697e-04
24 35 -8.9169254274540455e-08
25 2 -7.7358963667671560e-08
25 4 -1.0450086782644801e-07
25 25 1.9183310949417334e-04
25 33 -8.7005221023873397e-08
26 26 2.3507474653241018e-04
26 31 -8.8900732684145273e-08
26 54 -1.1401212832277460e-07
27 27 1.9917689339293994e-04
27 32 -8.1265048584394284e-08
27 53 -9.8029216321886165e-08
28 28 2.1859824515891039e-04
28 33 -9.5902328809428542e-08
28 55 -1.1325035288804167e-07
29 29 2.0868074111437911e-04
29 34 -8.9025395866687415e-08
29 52 -1.1016308122484099e-07
30 5 -8.3008357844392027e-08
30 13 -8.5219246109186553e-08
30 30 1.9095469967927612e-04
30 32 -9.2551387127635180e-08
31 12 -8.7442997779912111e-08
31 26 -8.8900732684145273e-08
31 31 2.1326836146284847e-04
31 49 -9.5049123219146709e-08
32 11 -8.6726621649266485e-08
32 27 -8.1265048584394284e-08
32 30 -9.2551387127635180e-08
32 32 1.9246932501076794e-04
33 14 -7.3401985040157537e-08
33 25 -8.7005221023873397e-08
33 28 -9.5902328809428542e-08
33 33 1.6939387278022480e-04
34 2 -8.7183712430063889e-08
34 14 -7.8018145918395474e-08
34 29 -8.9025395866687415e-08
34 34 1.7629409733969093e-04
35 6 -7.8939037658662989e-08
35 24 -8.9169254274540455e-08
35 35 1.7700270746619226e-04
35 65 -1.0214763267658372e-07
36 7 -8.0071763490995292e-08
36 19 -8.7736704442759962e-08
36 36 1.8622942962578636e-04
36 66 -1.0787376911182746e-07
37 37 1.8667863818177757e-04
37 41 -1.0884491283940882e-07
37 54 -6.3714429737267554e-08
38 38 1.8359265301166465e-04
38 42 -1.1046359497279657e-07
38 53 -6.8094069283291056e-08
39 39 1.7744982131437804e-04
39 40 -1.1046530017327517e-07
39 55 -6.5253525085044511e-08
40 39 -1.1046530017327517e-07
40 40 1.8354889668873071e-04
40 58 -6.8066755754766569e-08
41 37 -1.0884491283940882e-07
41 41 1.8670231916460497e-04
41 57 -6.7832320004107889e-08
42 38 -1.1046359497279657e-07
42 42 1.7745493247201658e-04
42 56 -6.5789397690038043e-08
43 43 1.7424385040238242e-04
43 44 -1.1208974804538281e-07
43 59 -6.9250503390470859e-08
44 43 -1.1208974804538281e-07
44 44 1.7424037511541951e-04
44 52 -6.5903351674957695e-08
45 1 -8.4725111124422461e-08
45 45 1.9159393838513600e-04
45 51 -9.9826336900663127e-08
45 64 -7.7835139990093116e-08
46 9 -9.8278615642597491e-08
46 21 -9.6931007727957726e-08
46 46 1.6647456516662471e-04
46 66 -7.0136764735443773e-08
47 8 -6.6761729187508857e-08
47 15 -9.9958003564770545e-08
47 47 1.7304535954979077e-04
47 50 -9.8857568709154452e-08
48 9 -6.6735558169931043e-08
48 15 -1.0135279223735202e-07
48 48 1.8200024279752973e-04
48 51 -1.0123759845699973e-07
49 8 -9.5272917645695279e-08
49 31 -9.5049123219146709e-08
49 49 1.6694438555973898e-04
49 65 -7.4070432502404523e-08
50 47 -9.8857568709154452e-08
50 50 1.6971574453761182e-04
50 64 -1.1185131493737571e-07
50 65 -7.1628247314956410e-08
51 45 -9.9826336900663127e-08
51 48 -1.0123759845699973e-07
51 51 1.7317166759455609e-04
51 66 -7.1546043889783555e-08
52 29 -1.1016308122484099e-07
52 44 -6.5903351674957695e-08
52 52 1.5806237735536987e-04
52 60 -8.7761758845686401e-08
53 27 -9.8029216321886165e-08
53 38 -6.8094069283291056e-08
53 53 1.4833709788480853e-04
53 61 -7.8111710455995514e-08
54 26 -1.1401212832277460e-07
54 37 -6.3714429737267554e-08
54 54 1.6607419140435764e-04
54 62 -8.7312142777052058e-08
55 28 -1.1325035288804167e-07
55 39 -6.5253525085044511e-08
55 55 1.6058607085927515e-04
55 63 -8.7705202052862143e-08
56 16 -1.1284948734118850e-07
56 42 -6.5789397690038043e-08
56 56 1.5720266367887204e-04
56 61 -8.3817978893690701e-08
57 17 -1.0036697935693834e-07
57 41 -6.7832320004107889e-08
57 57 1.4663758231662181e-04
57 62 -7.5565984563351487e-08
58 18 -1.0116364688944348e-07
58 40 -6.8066755754766569e-08
58 58 1.4655695384624320e-04
58 63 -7.4936888658208493e-08
59 22 -1.0290909051446343e-07
59 43 -6.9250503390470859e-08
59 59 1.4153947406326324e-04
59 60 -7.4862380420220590e-08
60 7 -9.7928618298029066e-08
60 52 -8.7761758845686401e-08
60 59 -7.4862380420220590e-08
60 60 1.5251570056680109e-04
61 5 -9.5801036919377764e-08
61 53 -7.8111710455995514e-08
61 56 -8.3817978893690701e-08
61 61 1.5362125886274415e-04
62 3 -9.2066944041819997e-08
62 54 -8.7312142777052058e-08
62 57 -7.5565984563351487e-08
62 62 1.5402541746074484e-04
63 6 -9.5896663544311177e-08
63 55 -8.7705202052862143e-08
63 58 -7.4936888658208493e-08
63 63 1.5025494385182157e-04
64 4 -7.2444484909227339e-08
64 45 -7.7835139990093116e-08
64 50 -1.1185131493737571e-07
64 64 1.7004498298805529e-04
65 35 -1.0214763267658372e-07
65 49 -7.4070432502404523e-08
65 50 -7.1628247314956410e-08
65 65 1.4169506089519189e-04
66 36 -1.0787376911182746e-07
66 46 -7.0136764735443773e-08
66 51 -7.1546043889783555e-08
66 66 1.4253004631404646e-04
