%%MatrixMarket matrix coordinate real general
66 66 244
1 1 2.4603096561590814e-04
1 2 -1.2470420002177416e-07
1 7 -9.1021971216708172e-08
1 45 -8.4725019702844860e-08
2 1 -1.2470420002177416e-07
2 2 2.1310400673231155e-04
2 25 -7.7358334651182377e-08
2 34 -8.7181685549886247e-08
3 3 1.9384917151441035e-04
3 8 -1.1134757977488825e-07
3 20 -8.2555353861655565e-08
3 62 -9.2145701086352002e-08
4 4 1.9101399877502169e-04
4 6 -1.0138441901171472e-07
4 25 -1.0450188098694208e-07
4 64 -7.2445639516275369e-08
5 5 2.0362753880735513e-04
5 9 -1.1021209975634778e-07
5 30 -8.3042892636311389e-08
5 61 -9.5844350438721185e-08
6 4 -1.0138441901171472e-07
6 6 1.8260493659440869e-04
6 35 -7.8972083745421033e-08
6 63 -9.5939867510547870e-08
7 1 -9.1021971216708172e-08
7 7 1.9574422085188154e-04
7 36 -8.0071210734051627e-08
7 60 -9.7927387051067989e-08
8 3 -1.1134757977488825e-07
8 8 1.7125798977947880e-04
8 47 -6.6767413840083949e-08
8 49 -9.5309054785415185e-08
9 5 -1.1021209975634778e-07
9 9 1.8035157506742468e-04
9 46 -9.8279863220577646e-08
9 48 -6.6736647202232412e-08
10 10 1.9612582328181605e-04
10 19 -8.3478538785970191e-08
10 21 -8.8192610655708933e-08
11 11 2.0326999737756008e-04
11 23 -8.4644275540990988e-08
11 32 -8.7044970726005723e-08
12 12 2.0322165887353718e-04
12 24 -8.1789016867915761e-08
12 31 -8.7745510492512859e-08
13 13 1.9092060778704877e-04
13 15 -8.8853836610655403e-08
13 20 -8.6047718585555412e-08
13 30 -8.5254403384236521e-08
14 14 1.5767159017132263e-04
14 33 -7.3399286211889857e-08
14 34 -7.8014899741706271e-08
15 13 -8.8853836610655403e-08
15 15 2.1912472613407654e-04
15 47 -9.9959875834170765e-08
15 48 -1.0135405236607874e-07
16 16 2.2083503627497964e-04
16 21 -8.9746508660367550e-08
16 56 -1.1286869452466555e-07
17 17 2.0631169685242015e-04
17 23 -8.5987872695790107e-08
17 57 -1.0078906588263136e-07
18 18 2.1140956918942736e-04
18 24 -8.9688344348906019e-08
18 58 -1.0156308029655650e-07
19 10 -8.3478538785970191e-08
19 19 1.8921318005191062e-04
19 22 -9.0198827300978209e-08
19 36 -8.7734629191280860e-08
20 3 -8.2555353861655565e-08
20 13 -8.6047718585555412e-08
20 20 1.8839171721764299e-04
20 23 -9.2510302837139400e-08
21 10 -8.8192610655708933e-08
21 16 -8.9746508660367550e-08
21 21 2.0873185511833655e-04
21 46 -9.6929321794450194e-08
22 19 -9.0198827300978209e-08
22 22 2.0183434967509023e-04
22 59 -1.0290413106120200e-07
23 11 -8.4644275540990988e-08
23 17 -8.5987872695790107e-08
23 20 -9.2510302837139400e-08
23 23 1.9734385169562830e-04
24 12 -8.1789016867915761e-08
24 18 -8.9688344348906019e-08
24 24 1.9060516203535765e-04
24 35 -8.9322973880898416e-08
25 2 -7.7358334651182377e-08
25 4 -1.0450188098694208e-07
25 25 1.9184635929740180e-04
25 33 -8.7003607239412228e-08
26 26 2.3435553063077831e-04
26 31 -8.9203541755735725e-08
26 54 -1.1444659857212041e-07
27 27 1.9830036829624912e-04
27 32 -8.1566356392717375e-08
27 53 -9.8423191444116049e-08
28 28 2.1855648609837771e-04
28 33 -9.5901981281026280e-08
28 55 -1.1326931054641172e-07
29 29 2.0878318560469230e-04
29 34 -8.9021454470568339e-08
29 52 -1.1015793104763392e-07
30 5 -8.3042892636311389e-08
30 13 -8.5254403384236521e-08
30 30 1.8966599972980504e-04
30 32 -9.2710225153620420e-08
31 12 -8.7745510492512859e-08
31 26 -8.9203541755735725e-08
31 31 2.1081453405630578e-04
31 49 -9.5207116740277412e-08
32 11 -8.7044970726005723e-08
32 27 -8.1566356392717375e-08
32 30 -9.2710225153620420e-08
32 32 1.9214496201869772e-04
33 14 -7.3399286211889857e-08
33 25 -8.7003607239412228e-08
33 28 -9.5901981281026280e-08
33 33 1.6945050808810639e-04
34 2 -8.7181685549886247e-08
34 14 -7.8014899741706271e-08
34 29 -8.9021454470568339e-08
34 34 1.7637044078297115e-04
35 6 -7.8972083745421033e-08
35 24 -8.9322973880898416e-08
35 35 1.7582443605616019e-04
35 65 -1.0219408408884148e-07
36 7 -8.0071210734051627e-08
36 19 -8.7734629191280860e-08
36 36 1.8624689687684961e-04
36 66 -1.0787308822272900e-07
37 37 1.8437898841807164e-04
37 41 -1.0946587543432040e-07
37 54 -6.3999899203276666e-08
38 38 1.8356932030221654e-04
38 42 -1.1077302870700161e-07
38 53 -6.8351209871256758e-08
39 39 1.7735826471036760e-04
39 40 -1.1077388661571568e-07
39 55 -6.5310005845844175e-08
40 39 -1.1077388661571568e-07
40 40 1.8354552883675045e-04
40 58 -6.8321230986340771e-08
41 37 -1.0946587543432040e-07
41 41 1.8435436516358293e-04
41 57 -6.8156642586572570e-08
42 38 -1.1077302870700161e-07
42 42 1.7735968727649446e-04
42 56 -6.5846971593161736e-08
43 43 1.7435225671545926e-04
43 44 -1.1208311059706405e-07
43 59 -6.9246688561863494e-08
44 43 -1.1208311059706405e-07
44 44 1.7434834293556675e-04
44 52 -6.5899853149135844e-08
45 1 -8.4725019702844860e-08
45 45 1.9159366911682824e-04
45 51 -9.9826348281541868e-08
45 64 -7.7835335070564468e-08
46 9 -9.8279863220577646e-08
46 21 -9.6929321794450194e-08
46 46 1.6648313975891951e-04
46 66 -7.0136487991854862e-08
47 8 -6.6767413840083949e-08
47 15 -9.9959875834170765e-08
47 47 1.7301325369793361e-04
47 50 -9.8859649372008768e-08
48 9 -6.6736647202232412e-08
48 15 -1.0135405236607874e-07
48 48 1.8199254833226093e-04
48 51 -1.0123781377173318e-07
49 8 -9.5309054785415185e-08
49 31 -9.5207116740277412e-08
49 49 1.6586236547503600e-04
49 65 -7.4102829143646994e-08
50 47 -9.8859649372008768e-08
50 50 1.6967234589983668e-04
50 64 -1.1185297931521028e-07
50 65 -7.1636658027409455e-08
51 45 -9.9826348281541868e-08
51 48 -1.0123781377173318e-07
51 51 1.7317150239817741e-04
51 66 -7.1545952873598212e-08
52 29 -1.1015793104763392e-07
52 44 -6.5899853149135844e-08
52 52 1.5813972834129939e-04
52 60 -8.7758683768850033e-08
53 27 -9.8423191444116049e-08
53 38 -6.8351209871256758e-08
53 53 1.4573399355424367e-04
53 61 -7.8265685814416080e-08
54 26 -1.1444659857212041e-07
54 37 -6.3999899203276666e-08
54 54 1.6518182497383464e-04
54 62 -8.7525306455432129e-08
55 28 -1.1326931054641172e-07
55 39 -6.5310005845844175e-08
55 55 1.5996326191218939e-04
55 63 -8.7753126975835357e-08
56 16 -1.1286869452466555e-07
56 42 -6.5846971593161736e-08
56 56 1.5657565589706821e-04
56 61 -8.3866203696836006e-08
57 17 -1.0078906588263136e-07
57 41 -6.8156642586572570e-08
57 57 1.4528785186666691e-04
57 62 -7.5760837383220089e-08
58 18 -1.0156308029655650e-07
58 40 -6.8321230986340771e-08
58 58 1.4405984208334699e-04
58 63 -7.5082459313377211e-08
59 22 -1.0290413106120200e-07
59 43 -6.9246688561863494e-08
59 59 1.4161376640489784e-04
59 60 -7.4859687828131089e-08
60 7 -9.7927387051067989e-08
60 52 -8.7758683768850033e-08
60 59 -7.4859687828131089e-08
60 60 1.5255158656185129e-04
61 5 -9.5844350438721185e-08
61 53 -7.8265685814416080e-08
61 56 -8.3866203696836006e-08
61 61 1.5430307368844863e-04
62 3 -9.2145701086352002e-08
62 54 -8.7525306455432129e-08
62 57 -7.5760837383220089e-08
62 62 1.5357008707212922e-04
63 6 -9.5939867510547870e-08
63 55 -8.7753126975835357e-08
63 58 -7.5082459313377211e-08
63 63 1.5097972194498533e-04
64 4 -7.2445639516275369e-08
64 45 -7.7835335070564468e-08
64 50 -1.1185297931521028e-07
64 64 1.7003588290003893e-04
65 35 -1.0219408408884148e-07
65 49 -7.4102829143646994e-08
65 50 -7.1636658027409455e-08
65 65 1.4135831383592926e-04
66 36 -1.0787308822272900e-07
66 46 -7.0136487991854862e-08
66 51 -7.1545952873598212e-08
66 66 1.4253431530283328e-04
