%%MatrixMarket matrix coordinate real general
66 66 244
1 1 5.7655474035343357e-05
1 2 -1.3415752134313481e-05
1 7 -9.7978810293343869e-06
1 45 -9.4850749940298458e-06
2 1 -1.3415752134313481e-05
2 2 5.2796615735490807e-05
2 25 -8.3361157465401799e-06
2 34 -9.3204443366582374e-06
3 3 5.7330733679550132e-05
3 8 -1.4073847540520246e-05
3 20 -1.0421645798667503e-05
3 62 -1.1889408452554159e-05
4 4 5.1613661009557673e-05
4 6 -1.1729878287679430e-05
4 25 -1.1813687125684861e-05
4 64 -8.3062112133216973e-06
5 5 5.5024221966926387e-05
5 9 -1.2822225899383692e-05
5 30 -1.0082463896552212e-05
5 61 -1.1102172502055871e-05
6 4 -1.1729878287679430e-05
6 6 5.1239579411835760e-05
6 35 -9.5431207131302265e-06
6 63 -1.1042400684673949e-05
7 1 -9.7978810293343869e-06
7 7 4.8583200314487835e-05
7 36 -8.4775379068286377e-06
7 60 -1.0352172744277746e-05
8 3 -1.4073847540520246e-05
8 8 5.2728094194100505e-05
8 47 -8.3428041776273137e-06
8 49 -1.1875688306525915e-05
9 5 -1.2822225899383692e-05
9 9 5.0272362881481966e-05
9 46 -1.1188456652471847e-05
9 48 -7.6629531806931704e-06
10 10 5.6183042753088708e-05
10 19 -8.5676795851213410e-06
10 21 -9.2365440284314579e-06
11 11 5.8665026701273762e-05
11 23 -9.7431449994140901e-06
11 32 -1.0031353162048145e-05
12 12 5.8067171680771092e-05
12 24 -9.3808936459419768e-06
12 31 -1.0056505453682169e-05
13 13 5.2381086866366373e-05
13 15 -1.0879783973030757e-05
13 20 -1.0830651517542596e-05
13 30 -1.0405034104623212e-05
14 14 5.4521427668122963e-05
14 33 -7.6539369754357337e-06
14 34 -7.9996798818891186e-06
15 13 -1.0879783973030757e-05
15 15 5.8120653828571782e-05
15 47 -1.2004011594546799e-05
15 48 -1.2109112262402733e-05
16 16 6.0197286147161528e-05
16 21 -9.3694196904502273e-06
16 56 -1.1956794397994586e-05
17 17 6.3765236954034299e-05
17 23 -1.0431939120632482e-05
17 57 -1.2210004997686304e-05
18 18 5.6767834086507511e-05
18 24 -9.6611479430617196e-06
18 58 -1.0914169035768616e-05
19 10 -8.5676795851213410e-06
19 19 4.6073270065202742e-05
19 22 -9.2718244659777005e-06
19 36 -9.3015811562010601e-06
20 3 -1.0421645798667503e-05
20 13 -1.0830651517542596e-05
20 20 5.3398818314286158e-05
20 23 -1.1991735882151167e-05
21 10 -9.2365440284314579e-06
21 16 -9.3694196904502273e-06
21 21 5.0173382832467938e-05
21 46 -1.0525336254893404e-05
22 19 -9.2718244659777005e-06
22 22 5.8243249254185296e-05
22 59 -1.0422758427268450e-05
23 11 -9.7431449994140901e-06
23 17 -1.0431939120632482e-05
23 20 -1.1991735882151167e-05
23 23 5.3326756239283106e-05
24 12 -9.3808936459419768e-06
24 18 -9.6611479430617196e-06
24 24 5.0640504135984155e-05
24 35 -1.1324810461153486e-05
25 2 -8.3361157465401799e-06
25 4 -1.1813687125684861e-05
25 25 4.8971177971432109e-05
25 33 -9.3719196666316409e-06
26 26 6.5965204505774128e-05
26 31 -1.0835384560655562e-05
26 54 -1.3879062930450417e-05
27 27 5.5470952957404071e-05
27 32 -8.7662421305231955e-06
27 53 -1.0552421462588045e-05
28 28 6.0701657795935777e-05
28 33 -9.9678609972366447e-06
28 55 -1.2011031156263266e-05
29 29 5.8916581482368105e-05
29 34 -9.1428195335257978e-06
29 52 -1.1174361006756568e-05
30 5 -1.0082463896552212e-05
30 13 -1.0405034104623212e-05
30 30 5.2074212596573717e-05
30 32 -1.1776155656287563e-05
31 12 -1.0056505453682169e-05
31 26 -1.0835384560655562e-05
31 31 5.6035185872994488e-05
31 49 -1.2299313172583268e-05
32 11 -1.0031353162048145e-05
32 27 -8.7662421305231955e-06
32 30 -1.1776155656287563e-05
32 32 5.1027626144516442e-05
33 14 -7.6539369754357337e-06
33 25 -9.3719196666316409e-06
33 28 -9.9678609972366447e-06
33 33 4.3999920394870294e-05
34 2 -9.3204443366582374e-06
34 14 -7.9996798818891186e-06
34 29 -9.1428195335257978e-06
34 34 4.4084357994439397e-05
35 6 -9.5431207131302265e-06
35 24 -1.1324810461153486e-05
35 35 5.1742597431806229e-05
35 65 -1.2420939275844380e-05
36 7 -8.4775379068286377e-06
36 19 -9.3015811562010601e-06
36 36 4.8297400737070482e-05
36 66 -1.1727233384329233e-05
37 37 6.5130061113121679e-05
37 41 -1.4002658548570359e-05
37 54 -8.1587423744741827e-06
38 38 4.7462295649236457e-05
38 42 -1.0167090998548106e-05
38 53 -6.3670210857097411e-06
39 39 4.9056557162311411e-05
39 40 -1.0161487339214703e-05
39 55 -6.7067978846157881e-06
40 39 -1.0161487339214703e-05
40 40 4.7434714182140605e-05
40 58 -6.3623102501526241e-06
41 37 -1.4002658548570359e-05
41 41 6.5736849433205980e-05
41 57 -8.7039259537269400e-06
42 38 -1.0167090998548106e-05
42 42 4.9128630312581732e-05
42 56 -6.7540142239528922e-06
43 43 5.5619576060748552e-05
43 44 -1.1215564207369344e-05
43 59 -7.0199183858125956e-06
44 43 -1.1215564207369344e-05
44 44 5.5289686613073898e-05
44 52 -6.6906898303448846e-06
45 1 -9.4850749940298458e-06
45 45 4.9444739168712156e-05
45 51 -1.1204747878877014e-05
45 64 -8.9397049920299812e-06
46 9 -1.1188456652471847e-05
46 21 -1.0525336254893404e-05
46 46 4.6124019356039023e-05
46 66 -7.5957954526739140e-06
47 8 -8.3428041776273137e-06
47 15 -1.2004011594546799e-05
47 47 5.0400242791391652e-05
47 50 -1.1871486410210355e-05
48 9 -7.6629531806931704e-06
48 15 -1.2109112262402733e-05
48 48 5.0175840094678190e-05
48 51 -1.1641248000941336e-05
49 8 -1.1875688306525915e-05
49 31 -1.2299313172583268e-05
49 49 5.1144249049933234e-05
49 65 -9.2442298907742349e-06
50 47 -1.1871486410210355e-05
50 50 5.1638628858947577e-05
50 64 -1.3273141874731040e-05
50 65 -8.7370608276756410e-06
51 45 -1.1204747878877014e-05
51 48 -1.1641248000941336e-05
51 51 4.8696417525441680e-05
51 66 -8.0435414953859917e-06
52 29 -1.1174361006756568e-05
52 44 -6.6906898303448846e-06
52 52 4.2700031349798979e-05
52 60 -9.0210538925325202e-06
53 27 -1.0552421462588045e-05
53 38 -6.3670210857097411e-06
53 53 4.1254544399323291e-05
53 61 -9.4530533678886156e-06
54 26 -1.3879062930450417e-05
54 37 -8.1587423744741827e-06
54 54 5.1317329565675616e-05
54 62 -1.1470407313536686e-05
55 28 -1.2011031156263266e-05
55 39 -6.7067978846157881e-06
55 55 4.4441025254347994e-05
55 63 -9.8891946276688852e-06
56 16 -1.1956794397994586e-05
56 42 -6.7540142239528922e-06
56 56 4.3505773216105954e-05
56 61 -9.5071238873015157e-06
57 17 -1.2210004997686304e-05
57 41 -8.7039259537269400e-06
57 57 4.6458875172110164e-05
57 62 -9.9487311266173817e-06
58 18 -1.0914169035768616e-05
58 40 -6.3623102501526241e-06
58 58 4.1079334714534271e-05
58 63 -9.0656412457369861e-06
59 22 -1.0422758427268450e-05
59 43 -7.0199183858125956e-06
59 59 3.9274904703928855e-05
59 60 -7.6947401338164491e-06
60 7 -1.0352172744277746e-05
60 52 -9.0210538925325202e-06
60 59 -7.6947401338164491e-06
60 60 4.2323184245085044e-05
61 5 -1.1102172502055871e-05
61 53 -9.4530533678886156e-06
61 56 -9.5071238873015157e-06
61 61 4.5566964269135003e-05
62 3 -1.1889408452554159e-05
62 54 -1.1470407313536686e-05
62 57 -9.9487311266173817e-06
62 62 4.9757102620277942e-05
63 6 -1.1042400684673949e-05
63 55 -9.8891946276688852e-06
63 58 -9.0656412457369861e-06
63 63 4.5064480987211290e-05
64 4 -8.3062112133216973e-06
64 45 -8.9397049920299812e-06
64 50 -1.3273141874731040e-05
64 64 4.8207424513262780e-05
65 35 -1.2420939275844380e-05
65 49 -9.2442298907742349e-06
65 50 -8.7370608276756410e-06
65 65 4.5331885026445742e-05
66 36 -1.1727233384329233e-05
66 46 -7.5957954526739140e-06
66 51 -8.0435414953859917e-06
66 66 4.1967393079747584e-05
