%%MatrixMarket matrix coordinate real general
66 66 244
1 1 2.4602760817929323e-04
1 2 -1.2470466720762899e-07
1 7 -9.1022167174874150e-08
1 45 -8.4725080074311258e-08
2 1 -1.2470466720762899e-07
2 2 2.1308934070960557e-04
2 25 -7.7358786354862418e-08
2 34 -8.7183156238100145e-08
3 3 1.9428741595292758e-04
3 8 -1.1132972973790853e-07
3 20 -8.2528453193179851e-08
3 62 -9.2091305613592886e-08
4 4 1.9104577991781673e-04
4 6 -1.0137681618703127e-07
4 25 -1.0450130246152688e-07
4 64 -7.2444933001396314e-08
5 5 2.0391464209371714e-04
5 9 -1.1020336951193827e-07
5 30 -8.3019247318262776e-08
5 61 -9.5814571879846719e-08
6 4 -1.0137681618703127e-07
6 6 1.8287008680228217e-04
6 35 -7.8949457137409871e-08
6 63 -9.5910110599332646e-08
7 1 -9.1022167174874150e-08
7 7 1.9573753421596321e-04
7 36 -8.0071585248093628e-08
7 60 -9.7928235414201885e-08
8 3 -1.1132972973790853e-07
8 8 1.7143489856167311e-04
8 47 -6.6763769353065988e-08
8 49 -9.5284389867642810e-08
9 5 -1.1020336951193827e-07
9 9 1.8038498888666072e-04
9 46 -9.8279130031417800e-08
9 48 -6.6735979240737999e-08
10 10 1.9605624023424616e-04
10 19 -8.3481118282475783e-08
10 21 -8.8195006222080563e-08
11 11 2.0506865776690020e-04
11 23 -8.4415919167133673e-08
11 32 -8.6806967515502403e-08
12 12 2.0496591161689315e-04
12 24 -8.1568004223474907e-08
12 31 -8.7519934129554289e-08
13 13 1.9115861203415713e-04
13 15 -8.8848350402593531e-08
13 20 -8.6023756097381331e-08
13 30 -8.5230325245124721e-08
14 14 1.5761779032029183e-04
14 33 -7.3401369524790246e-08
14 34 -7.8017349708510488e-08
15 13 -8.8848350402593531e-08
15 15 2.1915213083739961e-04
15 47 -9.9958738804005015e-08
15 48 -1.0135328812808489e-07
16 16 2.2085721013486841e-04
16 21 -8.9746970847843002e-08
16 56 -1.1285570096477131e-07
17 17 2.0826425806672001e-04
17 23 -8.5753321518110771e-08
17 57 -1.0047443925817302e-07
18 18 2.1088754116503687e-04
18 24 -8.9444908427391294e-08
18 58 -1.0126453786239858e-07
19 10 -8.3481118282475783e-08
19 19 1.8915793648852013e-04
19 22 -9.0201690952887889e-08
19 36 -8.7736128405686986e-08
20 3 -8.2528453193179851e-08
20 13 -8.6023756097381331e-08
20 20 1.8926402428843644e-04
20 23 -9.2397280955418171e-08
21 10 -8.8195006222080563e-08
21 16 -8.9746970847843002e-08
21 21 2.0868616793068029e-04
21 46 -9.6930604000947395e-08
22 19 -9.0201690952887889e-08
22 22 2.0175945790401221e-04
22 59 -1.0290782790982926e-07
23 11 -8.4415919167133673e-08
23 17 -8.5753321518110771e-08
23 20 -9.2397280955418171e-08
23 23 1.9863052947647543e-04
24 12 -8.1568004223474907e-08
24 18 -8.9444908427391294e-08
24 24 1.9188024323402432e-04
24 35 -8.9211759810898804e-08
25 2 -7.7358786354862418e-08
25 4 -1.0450130246152688e-07
25 25 1.9183633494070180e-04
25 33 -8.7004841578839284e-08
26 26 2.3356737369382974e-04
26 31 -8.8979669257188528e-08
26 54 -1.1412544207637204e-07
27 27 2.0008693045697938e-04
27 32 -8.1341402324253479e-08
27 53 -9.8127961028489392e-08
28 28 2.1857468974839213e-04
28 33 -9.5902573364439706e-08
28 55 -1.1325649037659554e-07
29 29 2.0870603192637202e-04
29 34 -8.9024391577060934e-08
29 52 -1.1016175832155357e-07
30 5 -8.3019247318262776e-08
30 13 -8.5230325245124721e-08
30 30 1.9055832501888329e-04
30 32 -9.2595279299683310e-08
31 12 -8.7519934129554289e-08
31 26 -8.8979669257188528e-08
31 31 2.1187694025373636e-04
31 49 -9.5093441650741295e-08
32 11 -8.6806967515502403e-08
32 27 -8.1341402324253479e-08
32 30 -9.2595279299683310e-08
32 32 1.9348895321539216e-04
33 14 -7.3401369524790246e-08
33 25 -8.7004841578839284e-08
33 28 -9.5902573364439706e-08
33 33 1.6940708579337850e-04
34 2 -8.7183156238100145e-08
34 14 -7.8017349708510488e-08
34 29 -8.9024391577060934e-08
34 34 1.7631435205905742e-04
35 6 -7.8949457137409871e-08
35 24 -8.9211759810898804e-08
35 35 1.7664010503239697e-04
35 65 -1.0216223696968404e-07
36 7 -8.0071585248093628e-08
36 19 -8.7736128405686986e-08
36 36 1.8623485249315489e-04
36 66 -1.0787355538010383e-07
37 37 1.8523632145870240e-04
37 41 -1.0899411041473472e-07
37 54 -6.3786499466176490e-08
38 38 1.8270652371392556e-04
38 42 -1.1053830681002985e-07
38 53 -6.8157638798958485e-08
39 39 1.7685754794343210e-04
39 40 -1.1053979710958139e-07
39 55 -6.5268536127634853e-08
40 39 -1.1053979710958139e-07
40 40 1.8266828278974763e-04
40 58 -6.8129796366353161e-08
41 37 -1.0899411041473472e-07
41 41 1.8524467363881288e-04
41 57 -6.7913637632671026e-08
42 38 -1.1053830681002985e-07
42 42 1.7686137641866704e-04
42 56 -6.5804708397750035e-08
43 43 1.7426939095313527e-04
43 44 -1.1208818524943952e-07
43 59 -6.9249553969987940e-08
44 43 -1.1208818524943952e-07
44 44 1.7426576914527907e-04
44 52 -6.5902476951547307e-08
45 1 -8.4725080074311258e-08
45 45 1.9159378071622457e-04
45 51 -9.9826344347449686e-08
45 64 -7.7835223014980582e-08
46 9 -9.8279130031417800e-08
46 21 -9.6930604000947395e-08
46 46 1.6647639595415207e-04
46 66 -7.0136694875935395e-08
47 8 -6.6763769353065988e-08
47 15 -9.9958738804005015e-08
47 47 1.7303255102215774e-04
47 50 -9.8858379565551097e-08
48 9 -6.6735979240737999e-08
48 15 -1.0135328812808489e-07
48 48 1.8199698233125019e-04
48 51 -1.0123769119919841e-07
49 8 -9.5284389867642810e-08
49 31 -9.5093441650741295e-08
49 49 1.6661047277456996e-04
49 65 -7.4080660762263145e-08
50 47 -9.8858379565551097e-08
50 50 1.6969911824270457e-04
50 64 -1.1185196309514697e-07
50 65 -7.1631151395205502e-08
51 45 -9.9826344347449686e-08
51 48 -1.0123769119919841e-07
51 51 1.7317154089975255e-04
51 66 -7.1546015559708187e-08
52 29 -1.1016175832155357e-07
52 44 -6.5902476951547307e-08
52 52 1.5808325989307917e-04
52 60 -8.7760898521012614e-08
53 27 -9.8127961028489392e-08
53 38 -6.8157638798958485e-08
53 53 1.4718287943959213e-04
53 61 -7.8153512762784883e-08
54 26 -1.1412544207637204e-07
54 37 -6.3786499466176490e-08
54 54 1.6472335782560845e-04
54 62 -8.7372373223291781e-08
55 28 -1.1325649037659554e-07
55 39 -6.5268536127634853e-08
55 55 1.6039417028167004e-04
55 63 -8.7719755291049274e-08
56 16 -1.1285570096477131e-07
56 42 -6.5804708397750035e-08
56 56 1.5700964155711630e-04
56 61 -8.3832655108915294e-08
57 17 -1.0047443925817302e-07
57 41 -6.7913637632671026e-08
57 57 1.4711352920613265e-04
57 62 -7.5620387119716062e-08
58 18 -1.0126453786239858e-07
58 40 -6.8129796366353161e-08
58 58 1.4543243112288425e-04
58 63 -7.4976483096195548e-08
59 22 -1.0290782790982926e-07
59 43 -6.9249553969987940e-08
59 59 1.4155933970665832e-04
59 60 -7.4861630886672018e-08
60 7 -9.7928235414201885e-08
60 52 -8.7760898521012614e-08
60 59 -7.4861630886672018e-08
60 60 1.5252653091002257e-04
61 5 -9.5814571879846719e-08
61 53 -7.8153512762784883e-08
61 56 -8.3832655108915294e-08
61 61 1.5519112004952525e-04
62 3 -9.2091305613592886e-08
62 54 -8.7372373223291781e-08
62 57 -7.5620387119716062e-08
62 62 1.5330724344907005e-04
63 6 -9.5910110599332646e-08
63 55 -8.7719755291049274e-08
63 58 -7.4976483096195548e-08
63 63 1.5180687368725610e-04
64 4 -7.2444933001396314e-08
64 45 -7.7835223014980582e-08
64 50 -1.1185196309514697e-07
64 64 1.7004115074723629e-04
65 35 -1.0216223696968404e-07
65 49 -7.4080660762263145e-08
65 50 -7.1631151395205502e-08
65 65 1.4158027945249750e-04
66 36 -1.0787355538010383e-07
66 46 -7.0136694875935395e-08
66 51 -7.1546015559708187e-08
66 66 1.4253144777222779e-04
