%%MatrixMarket matrix coordinate real general
66 66 244
1 1 2.4603306064901125e-04
1 2 -1.2470371789510358e-07
1 7 -9.1021840647539491e-08
1 45 -8.4724980175615003e-08
2 1 -1.2470371789510358e-07
2 2 2.1312049312548919e-04
2 25 -7.7357763927371545e-08
2 34 -8.7178668003732824e-08
3 3 1.9354555903080384e-04
3 8 -1.1135959810118156e-07
3 20 -8.2581406213116938e-08
3 62 -9.2204020623858363e-08
4 4 1.9100002770778424e-04
4 6 -1.0138959194962561e-07
4 25 -1.0450186761656297e-07
4 64 -7.2445936582775388e-08
5 5 2.0342549273974646e-04
5 9 -1.1021801703601622e-07
5 30 -8.3067170374643301e-08
5 61 -9.5876722016736884e-08
6 4 -1.0138959194962561e-07
6 6 1.8241713058015204e-04
6 35 -7.8995351143957170e-08
6 63 -9.5972096921880231e-08
7 1 -9.1021840647539491e-08
7 7 1.9574881593420858e-04
7 36 -8.0070855798962484e-08
7 60 -9.7926473598370605e-08
8 3 -1.1135959810118156e-07
8 8 1.7114847894813133e-04
8 47 -6.6769591638201984e-08
8 49 -9.5334324287591888e-08
9 5 -1.1021801703601622e-07
9 9 1.8033675640316988e-04
9 46 -9.8279976026762174e-08
9 48 -6.6736932549157826e-08
10 10 1.9652036027802591e-04
10 19 -8.3467926675996163e-08
10 21 -8.8182085409924870e-08
11 11 1.9800163031557120e-04
11 23 -8.5551218503447842e-08
11 32 -8.7993514621866904e-08
12 12 1.9803180452416275e-04
12 24 -8.2674843516640802e-08
12 31 -8.8642212274013010e-08
13 13 1.9075903480020087e-04
13 15 -8.8857426340081872e-08
13 20 -8.6072057838510419e-08
13 30 -8.5279347382155954e-08
14 14 1.5807794302187612e-04
14 33 -7.3388001501392020e-08
14 34 -7.8002859822621251e-08
15 13 -8.8857426340081872e-08
15 15 2.1911300046213120e-04
15 47 -9.9960343814310149e-08
15 48 -1.0135436575881381e-07
16 16 2.2114184053361247e-04
16 21 -8.9738162473572797e-08
16 56 -1.1287280677358547e-07
17 17 2.0156004308396583e-04
17 23 -8.6893346019482294e-08
17 57 -1.0201612860299887e-07
18 18 2.0472947013522351e-04
18 24 -9.0630801302118499e-08
18 58 -1.0276209251882626e-07
19 10 -8.3467926675996163e-08
19 19 1.8933267809284829e-04
19 22 -9.0187606473635215e-08
19 36 -8.7731672844115735e-08
20 3 -8.2581406213116938e-08
20 13 -8.6072057838510419e-08
20 20 1.8743127246780196e-04
20 23 -9.2730340066499392e-08
21 10 -8.8182085409924870e-08
21 16 -8.9738162473572797e-08
21 21 2.0884396762423500e-04
21 46 -9.6926312706893249e-08
22 19 -9.0187606473635215e-08
22 22 2.0222520171689912e-04
22 59 -1.0288947817146745e-07
23 11 -8.5551218503447842e-08
23 17 -8.6893346019482294e-08
23 20 -9.2730340066499392e-08
23 23 1.9397332187385323e-04
24 12 -8.2674843516640802e-08
24 18 -9.0630801302118499e-08
24 24 1.8721788964273989e-04
24 35 -8.9542024472435832e-08
25 2 -7.7357763927371545e-08
25 4 -1.0450186761656297e-07
25 25 1.9186114880344421e-04
25 33 -8.7000509426303945e-08
26 26 2.2769001410178480e-04
26 31 -9.0009479959830286e-08
26 54 -1.1560706579715197e-07
27 27 1.9005849715675050e-04
27 32 -8.2472960400890821e-08
27 53 -9.9658852456245335e-08
28 28 2.1886659580708413e-04
28 33 -9.5891877575144543e-08
28 55 -1.1327322347557653e-07
29 29 2.0916942963379725e-04
29 34 -8.9010104048087458e-08
29 52 -1.1014337385318370e-07
30 5 -8.3067170374643301e-08
30 13 -8.5279347382155954e-08
30 30 1.8866261917988865e-04
30 32 -9.2937602618509024e-08
31 12 -8.8642212274013010e-08
31 26 -9.0009479959830286e-08
31 31 2.0816780140166407e-04
31 49 -9.5424865405284284e-08
32 11 -8.7993514621866904e-08
32 27 -8.2472960400890821e-08
32 30 -9.2937602618509024e-08
32 32 1.8850744432912664e-04
33 14 -7.3388001501392020e-08
33 25 -8.7000509426303945e-08
33 28 -9.5891877575144543e-08
33 33 1.6956956856589375e-04
34 2 -8.7178668003732824e-08
34 14 -7.8002859822621251e-08
34 29 -8.9010104048087458e-08
34 34 1.7650017890240332e-04
35 6 -7.8995351143957170e-08
35 24 -8.9542024472435832e-08
35 35 1.7490600283789575e-04
35 65 -1.0222724713234079e-07
36 7 -8.0070855798962484e-08
36 19 -8.7731672844115735e-08
36 36 1.8626004478185178e-04
36 66 -1.0787260952451369e-07
37 37 1.7536463199495844e-04
37 41 -1.1184442972695105e-07
37 54 -6.4860221291015673e-08
38 38 1.7533068099880459e-04
38 42 -1.1194983857281743e-07
38 53 -6.9218521817785008e-08
39 39 1.7483861057393087e-04
39 40 -1.1194983876381683e-07
39 55 -6.5405878857220164e-08
40 39 -1.1194983876381683e-07
40 40 1.7533063949930130e-04
40 58 -6.9180226289808194e-08
41 37 -1.1184442972695105e-07
41 41 1.7536760582488966e-04
41 57 -6.9142437703336304e-08
42 38 -1.1194983857281743e-07
42 42 1.7483915152007815e-04
42 56 -6.5944463693013502e-08
43 43 1.7480523517290553e-04
43 44 -1.1205535417334907e-07
43 59 -6.9234788122945611e-08
44 43 -1.1205535417334907e-07
44 44 1.7480187539087796e-04
44 52 -6.5889058269078691e-08
45 1 -8.4724980175615003e-08
45 45 1.9159369789029890e-04
45 51 -9.9826345351505217e-08
45 64 -7.7835367773657583e-08
46 9 -9.8279976026762174e-08
46 21 -9.6926312706893249e-08
46 46 1.6649407543554160e-04
46 66 -7.0136208014649726e-08
47 8 -6.6769591638201984e-08
47 15 -9.9960343814310149e-08
47 47 1.7300577685875877e-04
47 50 -9.8860185732871047e-08
48 9 -6.6736932549157826e-08
48 15 -1.0135436575881381e-07
48 48 1.8199122602741106e-04
48 51 -1.0123784781944684e-07
49 8 -9.5334324287591888e-08
49 31 -9.5424865405284284e-08
49 49 1.6502693967319107e-04
49 65 -7.4125569839421956e-08
50 47 -9.8860185732871047e-08
50 50 1.6966038799548052e-04
50 64 -1.1185341023175819e-07
50 65 -7.1640389021092530e-08
51 45 -9.9826345351505217e-08
51 48 -1.0123784781944684e-07
51 51 1.7317158523441164e-04
51 66 -7.1545904177812789e-08
52 29 -1.1014337385318370e-07
52 44 -6.5889058269078691e-08
52 52 1.5826260680510009e-04
52 60 -8.7754520549637244e-08
53 27 -9.9658852456245335e-08
53 38 -6.9218521817785008e-08
53 53 1.4311922658240522e-04
53 61 -7.8505533358374202e-08
54 26 -1.1560706579715197e-07
54 37 -6.4860221291015673e-08
54 54 1.6124602446663332e-04
54 62 -8.7807236870572386e-08
55 28 -1.1327322347557653e-07
55 39 -6.5405878857220164e-08
55 55 1.5951825645486319e-04
55 63 -8.7791330114786240e-08
56 16 -1.1287280677358547e-07
56 42 -6.5944463693013502e-08
56 56 1.5612584405132424e-04
56 61 -8.3904923303081406e-08
57 17 -1.0201612860299887e-07
57 41 -6.9142437703336304e-08
57 57 1.4234784769697866e-04
57 62 -7.6027523659111727e-08
58 18 -1.0276209251882626e-07
58 40 -6.9180226289808194e-08
58 58 1.4171164527972439e-04
58 63 -7.5307998857896020e-08
59 22 -1.0288947817146745e-07
59 43 -6.9234788122945611e-08
59 59 1.4173595362957080e-04
59 60 -7.4855962014099803e-08
60 7 -9.7926473598370605e-08
60 52 -8.7754520549637244e-08
60 59 -7.4855962014099803e-08
60 60 1.5258116912282444e-04
61 5 -9.5876722016736884e-08
61 53 -7.8505533358374202e-08
61 56 -8.3904923303081406e-08
61 61 1.5323390271560389e-04
62 3 -9.2204020623858363e-08
62 54 -8.7807236870572386e-08
62 57 -7.6027523659111727e-08
62 62 1.5156620083094593e-04
63 6 -9.5972096921880231e-08
63 55 -8.7791330114786240e-08
63 58 -7.5307998857896020e-08
63 63 1.4999017108672120e-04
64 4 -7.2445936582775388e-08
64 45 -7.7835367773657583e-08
64 50 -1.1185341023175819e-07
64 64 1.7003428786811320e-04
65 35 -1.0222724713234079e-07
65 49 -7.4125569839421956e-08
65 50 -7.1640389021092530e-08
65 65 1.4120224494793308e-04
66 36 -1.0787260952451369e-07
66 46 -7.0136208014649726e-08
66 51 -7.1545904177812789e-08
66 66 1.4253643167232109e-04
