%%MatrixMarket matrix coordinate real general
66 66 244
1 1 5.6719631073745632e-05
1 2 -1.3213684095767029e-05
1 7 -9.6494262027527424e-06
1 45 -9.3369849504652993e-06
2 1 -1.3213684095767029e-05
2 2 5.2102343218197322e-05
2 25 -8.1056814486758550e-06
2 34 -9.2368687996180338e-06
3 3 5.6623615721349967e-05
3 8 -1.3918900488574215e-05
3 20 -1.0297280134268597e-05
3 62 -1.1753757620734223e-05
4 4 5.0307591236313656e-05
4 6 -1.1362109854233060e-05
4 25 -1.1545995569563462e-05
4 64 -8.0998996953003295e-06
5 5 5.3514494324741015e-05
5 9 -1.2453328981509705e-05
5 30 -9.7864857779620446e-06
5 61 -1.0736453088565290e-05
6 4 -1.1362109854233060e-05
6 6 4.9468947696469228e-05
6 35 -9.2348669509275562e-06
6 63 -1.0644530312137699e-05
7 1 -9.6494262027527424e-06
7 7 4.8074997054195650e-05
7 36 -8.3704489631433021e-06
7 60 -1.0266669225131838e-05
8 3 -1.3918900488574215e-05
8 8 5.2055785447237919e-05
8 47 -8.2605436355801447e-06
8 49 -1.1618829527518081e-05
9 5 -1.2453328981509705e-05
9 9 4.9072218364350535e-05
9 46 -1.0951160322671021e-05
9 48 -7.4688431058531828e-06
10 10 5.5269840716809675e-05
10 19 -8.4598247050589163e-06
10 21 -9.0366312835130107e-06
11 11 5.1836339713413998e-05
11 23 -8.7175203904639306e-06
11 32 -8.9390572310789088e-06
12 12 5.1283853024770710e-05
12 24 -8.3517704849508075e-06
12 31 -8.9958830123700165e-06
13 13 5.1380948208265079e-05
13 15 -1.0689077474738873e-05
13 20 -1.0648606716406401e-05
13 30 -1.0205067838669406e-05
14 14 5.3532678809704385e-05
14 33 -7.4957865015606523e-06
14 34 -7.8682137741239384e-06
15 13 -1.0689077474738873e-05
15 15 5.7094647855032512e-05
15 47 -1.1751120822726549e-05
15 48 -1.1916532267245327e-05
16 16 5.7808870652099786e-05
16 21 -9.1344779074290162e-06
16 56 -1.1300412705789091e-05
17 17 5.7378769551297935e-05
17 23 -9.4963646026539954e-06
17 57 -1.1096949795006281e-05
18 18 5.0151911674297180e-05
18 24 -8.6141951664579061e-06
18 58 -9.6243694960068466e-06
19 10 -8.4598247050589163e-06
19 19 4.5498074063779886e-05
19 22 -9.1690956403473719e-06
19 36 -9.1771128606452818e-06
20 3 -1.0297280134268597e-05
20 13 -1.0648606716406401e-05
20 20 5.2614467380164716e-05
20 23 -1.1921819729122317e-05
21 10 -9.0366312835130107e-06
21 16 -9.1344779074290162e-06
21 21 4.8904557965077378e-05
21 46 -1.0199453407244037e-05
22 19 -9.1690956403473719e-06
22 22 5.7878392622676664e-05
22 59 -1.0376235281727202e-05
23 11 -8.7175203904639306e-06
23 17 -9.4963646026539954e-06
23 20 -1.1921819729122317e-05
23 23 5.1385068826599527e-05
24 12 -8.3517704849508075e-06
24 18 -8.6141951664579061e-06
24 24 4.7142713924653238e-05
24 35 -1.0876512685102250e-05
25 2 -8.1056814486758550e-06
25 4 -1.1545995569563462e-05
25 25 4.7539393753825477e-05
25 33 -9.0911361440798607e-06
26 26 5.9509622328649106e-05
26 31 -9.8813796680051181e-06
26 54 -1.2644634381953077e-05
27 27 4.9078445185191371e-05
27 32 -7.8318787550071596e-06
27 53 -9.3168519288850001e-06
28 28 5.8350502725523091e-05
28 33 -9.7291928409700681e-06
28 55 -1.1372363419180942e-05
29 29 5.8515470695053861e-05
29 34 -9.0100355105406480e-06
29 52 -1.1127620750204847e-05
30 5 -9.7864857779620446e-06
30 13 -1.0205067838669406e-05
30 30 5.0463116158622063e-05
30 32 -1.1329040883591730e-05
31 12 -8.9958830123700165e-06
31 26 -9.8813796680051181e-06
31 31 5.3744212564636376e-05
31 49 -1.2198748490681846e-05
32 11 -8.9390572310789088e-06
32 27 -7.8318787550071596e-06
32 30 -1.1329040883591730e-05
32 32 4.7605128335178614e-05
33 14 -7.4957865015606523e-06
33 25 -9.0911361440798607e-06
33 28 -9.7291928409700681e-06
33 33 4.2942577290644917e-05
34 2 -9.2368687996180338e-06
34 14 -7.8682137741239384e-06
34 29 -9.0100355105406480e-06
34 34 4.3432792186016377e-05
35 6 -9.2348669509275562e-06
35 24 -1.0876512685102250e-05
35 35 5.0072534508873419e-05
35 65 -1.2184872710668670e-05
36 7 -8.3704489631433021e-06
36 19 -9.1771128606452818e-06
36 36 4.7585909428423436e-05
36 66 -1.1516390550349235e-05
37 37 6.0706102962083559e-05
37 41 -1.3084836397714600e-05
37 54 -7.6818298537529721e-06
38 38 4.4241323827510914e-05
38 42 -9.2881295807177073e-06
38 53 -5.9294053148372039e-06
39 39 4.2285988089611880e-05
39 40 -9.2835975927096604e-06
39 55 -6.1533835285354059e-06
40 39 -9.2835975927096604e-06
40 40 4.4224506488074607e-05
40 58 -5.9274516424703491e-06
41 37 -1.3084836397714600e-05
41 41 6.1336379900821586e-05
41 57 -8.1995875416836918e-06
42 38 -9.2881295807177073e-06
42 42 4.2352624672404512e-05
42 56 -6.1852025635499833e-06
43 43 5.5512060935051580e-05
43 44 -1.1195183903858610e-05
43 59 -6.9926999331852906e-06
44 43 -1.1195183903858610e-05
44 44 5.5177610889637220e-05
44 52 -6.6664261954973952e-06
45 1 -9.3369849504652993e-06
45 45 4.8561418892900007e-05
45 51 -1.1023346092162866e-05
45 64 -8.7242999000875685e-06
46 9 -1.0951160322671021e-05
46 21 -1.0199453407244037e-05
46 46 4.4738504424342198e-05
46 66 -7.3642745526322008e-06
47 8 -8.2605436355801447e-06
47 15 -1.1751120822726549e-05
47 47 4.9457664518609299e-05
47 50 -1.1613362824051743e-05
48 9 -7.4688431058531828e-06
48 15 -1.1916532267245327e-05
48 48 4.9150766286837588e-05
48 51 -1.1349941553211304e-05
49 8 -1.1618829527518081e-05
49 31 -1.2198748490681846e-05
49 49 5.0085857850372754e-05
49 65 -9.0337137902085936e-06
50 47 -1.1613362824051743e-05
50 50 5.0773557697055864e-05
50 64 -1.3011086243288156e-05
50 65 -8.5856108503629983e-06
51 45 -1.1023346092162866e-05
51 48 -1.1349941553211304e-05
51 51 4.7761095834041094e-05
51 66 -7.9087044035759868e-06
52 29 -1.1127620750204847e-05
52 44 -6.6664261954973952e-06
52 52 4.2467900394594927e-05
52 60 -8.9281522698480501e-06
53 27 -9.3168519288850001e-06
53 38 -5.9294053148372039e-06
53 53 3.6738480120672460e-05
53 61 -8.4539899273824695e-06
54 26 -1.2644634381953077e-05
54 37 -7.6818298537529721e-06
54 54 4.9698427084358151e-05
54 62 -1.1490136520599492e-05
55 28 -1.1372363419180942e-05
55 39 -6.1533835285354059e-06
55 55 4.1670348580213250e-05
55 63 -9.3228143838844507e-06
56 16 -1.1300412705789091e-05
56 42 -6.1852025635499833e-06
56 56 4.0828254316343127e-05
56 61 -8.9840497596298771e-06
57 17 -1.1096949795006281e-05
57 41 -8.1995875416836918e-06
57 57 4.5098416147196022e-05
57 62 -9.9721650277871683e-06
58 18 -9.6243694960068466e-06
58 40 -5.9274516424703491e-06
58 58 3.6603950835554879e-05
58 63 -8.1145359053351643e-06
59 22 -1.0376235281727202e-05
59 43 -6.9926999331852906e-06
59 59 3.9055266819811916e-05
59 60 -7.6145902617309344e-06
60 7 -1.0266669225131838e-05
60 52 -8.9281522698480501e-06
60 59 -7.6145902617309344e-06
60 60 4.1880202863483138e-05
61 5 -1.0736453088565290e-05
61 53 -8.4539899273824695e-06
61 56 -8.9840497596298771e-06
61 61 4.2791702742561575e-05
62 3 -1.1753757620734223e-05
62 54 -1.1490136520599492e-05
62 57 -9.9721650277871683e-06
62 62 4.9436231376536575e-05
63 6 -1.0644530312137699e-05
63 55 -9.3228143838844507e-06
63 58 -8.1145359053351643e-06
63 63 4.2236686750548193e-05
64 4 -8.0998996953003295e-06
64 45 -8.7242999000875685e-06
64 50 -1.3011086243288156e-05
64 64 4.7021513842460656e-05
65 35 -1.2184872710668670e-05
65 49 -9.0337137902085936e-06
65 50 -8.5856108503629983e-06
65 65 4.4589802028166742e-05
66 36 -1.1516390550349235e-05
66 46 -7.3642745526322008e-06
66 51 -7.9087044035759868e-06
66 66 4.1097807172928604e-05
