%%MatrixMarket matrix coordinate real general
66 66 244
1 1 5.6664519011723510e-05
1 2 -1.3201578493186222e-05
1 7 -9.6405618988404711e-06
1 45 -9.3281289900642178e-06
2 1 -1.3201578493186222e-05
2 2 5.2060110268224056e-05
2 25 -8.0925747933611162e-06
2 34 -9.2316045271610640e-06
3 3 5.6580783677950499e-05
3 8 -1.3909703346392223e-05
3 20 -1.0289783809288767e-05
3 62 -1.1744114257567390e-05
4 4 5.0231461489346223e-05
4 6 -1.1341006227714400e-05
4 25 -1.1530195645911592e-05
4 64 -8.0877748309514944e-06
5 5 5.3414846206285253e-05
5 9 -1.2432063156651733e-05
5 30 -9.7707784036528289e-06
5 61 -1.0714885755652892e-05
6 4 -1.1341006227714400e-05
6 6 4.9368123102143678e-05
6 35 -9.2185003457524522e-06
6 63 -1.0621294151544355e-05
7 1 -9.6405618988404711e-06
7 7 4.8044086574881347e-05
7 36 -8.3639510534087502e-06
7 60 -1.0261449589948020e-05
8 3 -1.3909703346392223e-05
8 8 5.2016704642139517e-05
8 47 -8.2558185442874772e-06
8 49 -1.1603108884099151e-05
9 5 -1.2432063156651733e-05
9 9 4.9002575273371938e-05
9 46 -1.0937208767032257e-05
9 48 -7.4573736212395408e-06
10 10 5.5213541588837038e-05
10 19 -8.4533018494600256e-06
10 21 -9.0245248903627758e-06
11 11 5.1588910368306491e-05
11 23 -8.6782993172807765e-06
11 32 -8.8954461457137197e-06
12 12 5.1030405110902931e-05
12 24 -8.3111428382896096e-06
12 31 -8.9557465361141732e-06
13 13 5.1321195525575025e-05
13 15 -1.0677793591391819e-05
13 20 -1.0637360232828456e-05
13 30 -1.0193414554466854e-05
14 14 5.3473026976567079e-05
14 33 -7.4861896488278622e-06
14 34 -7.8604508195605926e-06
15 13 -1.0677793591391819e-05
15 15 5.7033701879755163e-05
15 47 -1.1735671306910604e-05
15 48 -1.1905276385100067e-05
16 16 5.7667587393405538e-05
16 21 -9.1200584998832000e-06
16 56 -1.1265566069319855e-05
17 17 5.7103107543925227e-05
17 23 -9.4536889591963601e-06
17 57 -1.1046927224257438e-05
18 18 4.9943722189715615e-05
18 24 -8.5800031764562235e-06
18 58 -9.5802763710565855e-06
19 10 -8.4533018494600256e-06
19 19 4.5462547372044459e-05
19 22 -9.1628881662819667e-06
19 36 -9.1695743062265576e-06
20 3 -1.0289783809288767e-05
20 13 -1.0637360232828456e-05
20 20 5.2561006147992679e-05
20 23 -1.1911425017480155e-05
21 10 -9.0245248903627758e-06
21 16 -9.1200584998832000e-06
21 21 4.8829048910188104e-05
21 46 -1.0180946846517824e-05
22 19 -9.1628881662819667e-06
22 22 5.7855497382991612e-05
22 59 -1.0373313282477131e-05
23 11 -8.6782993172807765e-06
23 17 -9.4536889591963601e-06
23 20 -1.1911425017480155e-05
23 23 5.1270424119469737e-05
24 12 -8.3111428382896096e-06
24 18 -8.5800031764562235e-06
24 24 4.6928423417537274e-05
24 35 -1.0834693202414398e-05
25 2 -8.0925747933611162e-06
25 4 -1.1530195645911592e-05
25 25 4.7465634112043582e-05
25 33 -9.0751456188763715e-06
26 26 5.9227568551279482e-05
26 31 -9.8371754313813604e-06
26 54 -1.2588372906805097e-05
27 27 4.8886629580234713e-05
27 32 -7.8020411355083509e-06
27 53 -9.2752378254982494e-06
28 28 5.8211821872548203e-05
28 33 -9.7145028383746734e-06
28 55 -1.1337606987965472e-05
29 29 5.8490250438381490e-05
29 34 -9.0021840139373422e-06
29 52 -1.1124662647130857e-05
30 5 -9.7707784036528289e-06
30 13 -1.0193414554466854e-05
30 30 5.0356739830701446e-05
30 32 -1.1286979911301597e-05
31 12 -8.9557465361141732e-06
31 26 -9.8371754313813604e-06
31 31 5.3617996138018953e-05
31 49 -1.2185688682794133e-05
32 11 -8.8954461457137197e-06
32 27 -7.8020411355083509e-06
32 30 -1.1286979911301597e-05
32 32 4.7394477151484042e-05
33 14 -7.4861896488278622e-06
33 25 -9.0751456188763715e-06
33 28 -9.7145028383746734e-06
33 33 4.2877638615442025e-05
34 2 -9.2316045271610640e-06
34 14 -7.8604508195605926e-06
34 29 -9.0021840139373422e-06
34 34 4.3395684176163241e-05
35 6 -9.2185003457524522e-06
35 24 -1.0834693202414398e-05
35 35 4.9966900053319861e-05
35 65 -1.2171460247473695e-05
36 7 -8.3639510534087502e-06
36 19 -9.1695743062265576e-06
36 36 4.7542357406786959e-05
36 66 -1.1503786630870512e-05
37 37 6.0469749773341889e-05
37 41 -1.3035919645403463e-05
37 54 -7.6566232849594019e-06
38 38 4.4190673496459620e-05
38 42 -9.2722655429598034e-06
38 53 -5.9185853415001785e-06
39 39 4.2120459036519025e-05
39 40 -9.2677495402023790e-06
39 55 -6.1303944021155696e-06
40 39 -9.2677495402023790e-06
40 40 4.4174151051889625e-05
40 58 -5.9166958137852567e-06
41 37 -1.3035919645403463e-05
41 41 6.1101532241967279e-05
41 57 -8.1727531066521178e-06
42 38 -9.2722655429598034e-06
42 42 4.2188081253864792e-05
42 56 -6.1619876049916782e-06
43 43 5.5505351775138056e-05
43 44 -1.1193917159095493e-05
43 59 -6.9909913211305047e-06
44 43 -1.1193917159095493e-05
44 44 5.5170627968086902e-05
44 52 -6.6648973142529873e-06
45 1 -9.3281289900642178e-06
45 45 4.8509222358404007e-05
45 51 -1.1012461740997870e-05
45 64 -8.7116427777689537e-06
46 9 -1.0937208767032257e-05
46 21 -1.0180946846517824e-05
46 46 4.4664103718843530e-05
46 66 -7.3511639891860361e-06
47 8 -8.2558185442874772e-06
47 15 -1.1735671306910604e-05
47 47 4.9455555652634900e-05
47 50 -1.1597567015047459e-05
48 9 -7.4573736212395408e-06
48 15 -1.1905276385100067e-05
48 48 4.9078102768866788e-05
48 51 -1.1332719135766298e-05
49 8 -1.1603108884099151e-05
49 31 -1.2185688682794133e-05
49 49 5.0013331142796259e-05
49 65 -9.0208256983158780e-06
50 47 -1.1597567015047459e-05
50 50 5.0709422771149820e-05
50 64 -1.2995643258168689e-05
50 65 -8.5768332359034252e-06
51 45 -1.1012461740997870e-05
51 48 -1.1332719135766298e-05
51 51 4.7706060885752054e-05
51 66 -7.9006143151022027e-06
52 29 -1.1124662647130857e-05
52 44 -6.6648973142529873e-06
52 52 4.2453613856034080e-05
52 60 -8.9225824495027065e-06
53 27 -9.2752378254982494e-06
53 38 -5.9185853415001785e-06
53 53 3.6506591351746900e-05
53 61 -8.3884331702564069e-06
54 26 -1.2588372906805097e-05
54 37 -7.6566232849594019e-06
54 54 4.9622261875233026e-05
54 62 -1.1491156575489943e-05
55 28 -1.1337606987965472e-05
55 39 -6.1303944021155696e-06
55 55 4.1538444820841871e-05
55 63 -9.2890241880987577e-06
56 16 -1.1265566069319855e-05
56 42 -6.1619876049916782e-06
56 56 4.0695300338528796e-05
56 61 -8.9522069944528587e-06
57 17 -1.1046927224257438e-05
57 41 -8.1727531066521178e-06
57 57 4.5027333220013134e-05
57 62 -9.9733299180054441e-06
58 18 -9.5802763710565855e-06
58 40 -5.9166958137852567e-06
58 58 3.6367773259066403e-05
58 63 -8.0515595153039374e-06
59 22 -1.0373313282477131e-05
59 43 -6.9909913211305047e-06
59 59 3.9042242056874344e-05
59 60 -7.6097871675145218e-06
60 7 -1.0261449589948020e-05
60 52 -8.9225824495027065e-06
60 59 -7.6097871675145218e-06
60 60 4.1854471288327682e-05
61 5 -1.0714885755652892e-05
61 53 -8.3884331702564069e-06
61 56 -8.9522069944528587e-06
61 61 4.2612727821237636e-05
62 3 -1.1744114257567390e-05
62 54 -1.1491156575489943e-05
62 57 -9.9733299180054441e-06
62 62 4.9413194366079068e-05
63 6 -1.0621294151544355e-05
63 55 -9.2890241880987577e-06
63 58 -8.0515595153039374e-06
63 63 4.2057193056870939e-05
64 4 -8.0877748309514944e-06
64 45 -8.7116427777689537e-06
64 50 -1.2995643258168689e-05
64 64 4.6952018594583373e-05
65 35 -1.2171460247473695e-05
65 49 -9.0208256983158780e-06
65 50 -8.5768332359034252e-06
65 65 4.4536238146859541e-05
66 36 -1.1503786630870512e-05
66 46 -7.3511639891860361e-06
66 51 -7.9006143151022027e-06
66 66 4.1045827724002428e-05
