%%MatrixMarket matrix coordinate real general
66 66 244
1 1 5.6875891209546252e-05
1 2 -1.3247313782093294e-05
1 7 -9.6740736289756624e-06
1 45 -9.3615768418585581e-06
2 1 -1.3247313782093294e-05
2 2 5.2219423100711255e-05
2 25 -8.1426038540245999e-06
2 34 -9.2513033918284278e-06
3 3 5.6745974361976410e-05
3 8 -1.3944599571651097e-05
3 20 -1.0318169549820046e-05
3 62 -1.1779592076494225e-05
4 4 5.0519670896160805e-05
4 6 -1.1421268932229086e-05
4 25 -1.1589986605510077e-05
4 64 -8.1337952015409167e-06
5 5 5.3624363432038709e-05
5 9 -1.2512940968272418e-05
5 30 -9.8315524496375734e-06
5 61 -1.0796232148700472e-05
6 4 -1.1421268932229086e-05
6 6 4.9751289038052863e-05
6 35 -9.2816617791703374e-06
6 63 -1.0709004546204608e-05
7 1 -9.6740736289756624e-06
7 7 4.8160622912419569e-05
7 36 -8.3884818472957129e-06
7 60 -1.0281110843102290e-05
8 3 -1.3944599571651097e-05
8 8 5.2166529423621819e-05
8 47 -8.2737683217425625e-06
8 49 -1.1662647416952699e-05
9 5 -1.2512940968272418e-05
9 9 4.9268571310937960e-05
9 46 -1.0990040061145131e-05
9 48 -7.5008564344254763e-06
10 10 5.5424618142704615e-05
10 19 -8.4779507237747853e-06
10 21 -9.0701997416067786e-06
11 11 5.2616891003800708e-05
11 23 -8.8362368107538827e-06
11 32 -9.0697023027405031e-06
12 12 5.2039199989981160e-05
12 24 -8.4735911936554860e-06
12 31 -9.1174240373295475e-06
13 13 5.1547334133886358e-05
13 15 -1.0720561620844068e-05
13 20 -1.0679861517161195e-05
13 30 -1.0237736095982174e-05
14 14 5.3701173322394841e-05
14 33 -7.5224227349993336e-06
14 34 -7.8898849262368755e-06
15 13 -1.0720561620844068e-05
15 15 5.7264367206539108e-05
15 47 -1.1793927069619376e-05
15 48 -1.1948020642685349e-05
16 16 5.8208807798971244e-05
16 21 -9.1743681926110424e-06
16 56 -1.1399421215479229e-05
17 17 5.8217198215132189e-05
17 23 -9.6214784496462228e-06
17 57 -1.1244186912293356e-05
18 18 5.0796038386522666e-05
18 24 -8.7198732989100484e-06
18 58 -9.7600091159755472e-06
19 10 -8.4779507237747853e-06
19 19 4.5591919837118635e-05
19 22 -9.1863502045947324e-06
19 36 -9.1980351502498769e-06
20 3 -1.0318169549820046e-05
20 13 -1.0679861517161195e-05
20 20 5.2763897585741846e-05
20 23 -1.1946268931386895e-05
21 10 -9.0701997416067786e-06
21 16 -9.1743681926110424e-06
21 21 4.9120458228870596e-05
21 46 -1.0251551617134829e-05
22 19 -9.1863502045947324e-06
22 22 5.7941601259591804e-05
22 59 -1.0384282508218656e-05
23 11 -8.8362368107538827e-06
23 17 -9.6214784496462228e-06
23 20 -1.1946268931386895e-05
23 23 5.1704280183667471e-05
24 12 -8.4735911936554860e-06
24 18 -8.7198732989100484e-06
24 24 4.7717548184540103e-05
24 35 -1.0985080846521974e-05
25 2 -8.1426038540245999e-06
25 4 -1.1589986605510077e-05
25 25 4.7771165636501152e-05
25 33 -9.1361713406789906e-06
26 26 6.0368123046416930e-05
26 31 -1.0010573174985138e-05
26 54 -1.2809792617361228e-05
27 27 4.9688178049316362e-05
27 32 -7.9244436701116992e-06
27 53 -9.4451889092486839e-06
28 28 5.8745477638567919e-05
28 33 -9.7698607630349701e-06
28 55 -1.1470724685035495e-05
29 29 5.8585012368907746e-05
29 34 -9.0319432572851684e-06
29 52 -1.1135743801607348e-05
30 5 -9.8315524496375734e-06
30 13 -1.0237736095982174e-05
30 30 5.0747869300848699e-05
30 32 -1.1438045141946177e-05
31 12 -9.1174240373295475e-06
31 26 -1.0010573174985138e-05
31 31 5.4093224253364026e-05
31 49 -1.2230128187732347e-05
32 11 -9.0697023027405031e-06
32 27 -7.9244436701116992e-06
32 30 -1.1438045141946177e-05
32 32 4.8171059960483000e-05
33 14 -7.5224227349993336e-06
33 25 -9.1361713406789906e-06
33 28 -9.7698607630349701e-06
33 33 4.3122848539585721e-05
34 2 -9.2513033918284278e-06
34 14 -7.8898849262368755e-06
34 29 -9.0319432572851684e-06
34 34 4.3540523514357509e-05
35 6 -9.2816617791703374e-06
35 24 -1.0985080846521974e-05
35 35 5.0362982401739266e-05
35 65 -1.2222574094423548e-05
36 7 -8.3884818472957129e-06
36 19 -9.1980351502498769e-06
36 36 4.7702619050169875e-05
36 66 -1.1551417577172571e-05
37 37 6.1364424717643383e-05
37 41 -1.3224422652719164e-05
37 54 -7.7538829737378169e-06
38 38 4.4418465734127283e-05
38 42 -9.3431771500299529e-06
38 53 -5.9632266442729034e-06
39 39 4.2834473224886364e-05
39 40 -9.3385802224036208e-06
39 55 -6.2218620525231170e-06
40 39 -9.3385802224036208e-06
40 40 4.4400662399946446e-05
40 58 -5.9610424835680409e-06
41 37 -1.3224422652719164e-05
41 41 6.1997875037077461e-05
41 57 -8.2761407058747758e-06
42 38 -9.3431771500299529e-06
42 42 4.2901200921930231e-05
42 56 -6.2545970930083354e-06
43 43 5.5530559722163040e-05
43 44 -1.1198679594515069e-05
43 59 -6.9974070261469805e-06
44 43 -1.1198679594515069e-05
44 44 5.5196866819560240e-05
44 52 -6.6706289041700113e-06
45 1 -9.3615768418585581e-06
45 45 4.8706349105636242e-05
45 51 -1.1053522661766659e-05
45 64 -8.7596808204444548e-06
46 9 -1.0990040061145131e-05
46 21 -1.0251551617134829e-05
46 46 4.4965488092380804e-05
46 66 -7.4012076298426513e-06
47 8 -8.2737683217425625e-06
47 15 -1.1793927069619376e-05
47 47 4.9519121606910534e-05
47 50 -1.1657107293544102e-05
48 9 -7.5008564344254763e-06
48 15 -1.1948020642685349e-05
48 48 4.9353252816477822e-05
48 51 -1.1398007149505827e-05
49 8 -1.1662647416952699e-05
49 31 -1.2230128187732347e-05
49 49 5.0282584462333840e-05
49 65 -9.0696254317363325e-06
50 47 -1.1657107293544102e-05
50 50 5.0945810785651299e-05
50 64 -1.3054190350906182e-05
50 65 -8.6101429064411978e-06
51 45 -1.1053522661766659e-05
51 48 -1.1398007149505827e-05
51 51 4.7914338960637806e-05
51 66 -7.9311301280216910e-06
52 29 -1.1135743801607348e-05
52 44 -6.6706289041700113e-06
52 52 4.2507329594613712e-05
52 60 -8.9436368191750199e-06
53 27 -9.4451889092486839e-06
53 38 -5.9632266442729034e-06
53 53 3.7406940969177733e-05
53 61 -8.6386579453793575e-06
54 26 -1.2809792617361228e-05
54 37 -7.7538829737378169e-06
54 54 4.9919783446142434e-05
54 62 -1.1486881735730948e-05
55 28 -1.1470724685035495e-05
55 39 -6.2218620525231170e-06
55 55 4.2068170138619886e-05
55 63 -9.4145345799798735e-06
56 16 -1.1399421215479229e-05
56 42 -6.2545970930083354e-06
56 56 4.1217565348802761e-05
56 61 -9.0700528465880552e-06
57 17 -1.1244186912293356e-05
57 41 -8.2761407058747758e-06
57 57 4.5304941635419539e-05
57 62 -9.9684661862602817e-06
58 18 -9.7600091159755472e-06
58 40 -5.9610424835680409e-06
58 58 3.7271583717041705e-05
58 63 -8.2915622934973632e-06
59 22 -1.0384282508218656e-05
59 43 -6.9974070261469805e-06
59 59 3.9092231472041558e-05
59 60 -7.6279469708583326e-06
60 7 -1.0281110843102290e-05
60 52 -8.9436368191750199e-06
60 59 -7.6279469708583326e-06
60 60 4.1951147010186419e-05
61 5 -1.0796232148700472e-05
61 53 -8.6386579453793575e-06
61 56 -9.0700528465880552e-06
61 61 4.3261186346324606e-05
62 3 -1.1779592076494225e-05
62 54 -1.1486881735730948e-05
62 57 -9.9684661862602817e-06
62 62 4.9497500693529786e-05
63 6 -1.0709004546204608e-05
63 55 -9.4145345799798735e-06
63 58 -8.2915622934973632e-06
63 63 4.2713230173316167e-05
64 4 -8.1337952015409167e-06
64 45 -8.7596808204444548e-06
64 50 -1.3054190350906182e-05
64 64 4.7215321225144873e-05
65 35 -1.2222574094423548e-05
65 49 -9.0696254317363325e-06
65 50 -8.6101429064411978e-06
65 65 4.4742613906721817e-05
66 36 -1.1551417577172571e-05
66 46 -7.4012076298426513e-06
66 51 -7.9311301280216910e-06
66 66 4.1238300563429594e-05
