%%MatrixMarket matrix coordinate real general
66 66 244
1 1 2.4603201462680311e-04
1 2 -1.2470401158712757e-07
1 7 -9.1021907526475313e-08
1 45 -8.4725000032863938e-08
2 1 -1.2470401158712757e-07
2 2 2.1311022514035698e-04
2 25 -7.7358126255035457e-08
2 34 -8.7180908352981091e-08
3 3 1.9370334067465142e-04
3 8 -1.1135341388097652e-07
3 20 -8.2565832269380458e-08
3 62 -9.2167866901421236e-08
4 4 1.9100589722990325e-04
4 6 -1.0138692114758767e-07
4 25 -1.0450196039050754e-07
4 64 -7.2445813911014503e-08
5 5 2.0353096567198007e-04
5 9 -1.1021496638692586e-07
5 30 -8.3052403984881313e-08
5 61 -9.5856696834426773e-08
6 4 -1.0138692114758767e-07
6 6 1.8251538689036993e-04
6 35 -7.8981189261489071e-08
6 63 -9.5952183587191535e-08
7 1 -9.1021907526475313e-08
7 7 1.9574643633275552e-04
7 36 -8.0071066520053881e-08
7 60 -9.7927036963106133e-08
8 3 -1.1135341388097652e-07
8 8 1.7120309540047851e-04
8 47 -6.6768518150278447e-08
8 49 -9.5318913672391770e-08
9 5 -1.1021496638692586e-07
9 9 1.8034301333064501e-04
9 46 -9.8279996636625956e-08
9 48 -6.6736813722749147e-08
10 10 1.9617368785288702e-04
10 19 -8.3476930917045578e-08
10 21 -8.8191051166585717e-08
11 11 2.0276940560723334e-04
11 23 -8.4784564352524519e-08
11 32 -8.7191557186479781e-08
12 12 2.0274480524634425e-04
12 24 -8.1925320375856746e-08
12 31 -8.7883593275100592e-08
13 13 1.9084239691269790e-04
13 15 -8.8855596158443801e-08
13 20 -8.6057277226985705e-08
13 30 -8.5264120115102672e-08
14 14 1.5771197856258510e-04
14 33 -7.3397837532255583e-08
14 34 -7.8013298109623620e-08
15 13 -8.8855596158443801e-08
15 15 2.1911792064972408e-04
15 47 -9.9960150706361280e-08
15 48 -1.0135423651149902e-07
16 16 2.2085147046009351e-04
16 21 -8.9745641667924134e-08
16 56 -1.1287338614838453e-07
17 17 2.0578070330965311e-04
17 23 -8.6130173662128338e-08
17 57 -1.0098051913536936e-07
18 18 2.1095804236908998e-04
18 24 -8.9836891715839482e-08
18 58 -1.0174768714251306e-07
19 10 -8.3476930917045578e-08
19 19 1.8924314368666821e-04
19 22 -9.0197079051358379e-08
19 36 -8.7733850349642305e-08
20 3 -8.2565832269380458e-08
20 13 -8.6057277226985705e-08
20 20 1.8802838782222179e-04
20 23 -9.2568887142973524e-08
21 10 -8.8191051166585717e-08
21 16 -8.9745641667924134e-08
21 21 2.0875903735912896e-04
21 46 -9.6928564845431314e-08
22 19 -9.0197079051358379e-08
22 22 2.0188385302541517e-04
22 59 -1.0290185920407828e-07
23 11 -8.4784564352524519e-08
23 17 -8.6130173662128338e-08
23 20 -9.2568887142973524e-08
23 23 1.9780332425748870e-04
24 12 -8.1925320375856746e-08
24 18 -8.9836891715839482e-08
24 24 1.9102335244128567e-04
24 35 -8.9381028130111732e-08
25 2 -7.7358126255035457e-08
25 4 -1.0450196039050754e-07
25 25 1.9185155908672398e-04
25 33 -8.7002858882266649e-08
26 26 2.3407698053113613e-04
26 31 -8.9336911723959850e-08
26 54 -1.1463828048724803e-07
27 27 1.9779573401696300e-04
27 32 -8.1705300689774431e-08
27 53 -9.8608222637426349e-08
28 28 2.1857428251737421e-04
28 33 -9.5900922398294851e-08
28 55 -1.1327392999913813e-07
29 29 2.0883350871030447e-04
29 34 -8.9019656191141966e-08
29 52 -1.1015561247955850e-07
30 5 -8.3052403984881313e-08
30 13 -8.5264120115102672e-08
30 30 1.8928947451924232e-04
30 32 -9.2770277477821597e-08
31 12 -8.7883593275100592e-08
31 26 -8.9336911723959850e-08
31 31 2.1150565304652985e-04
31 49 -9.5265409827390532e-08
32 11 -8.7191557186479781e-08
32 27 -8.1705300689774431e-08
32 30 -9.2770277477821597e-08
32 32 1.9007288185930225e-04
33 14 -7.3397837532255583e-08
33 25 -8.7002858882266649e-08
33 28 -9.5900922398294851e-08
33 33 1.6947769161459271e-04
34 2 -8.7180908352981091e-08
34 14 -7.8013298109623620e-08
34 29 -8.9019656191141966e-08
34 34 1.7640174129547308e-04
35 6 -7.8981189261489071e-08
35 24 -8.9381028130111732e-08
35 35 1.7548027289685962e-04
35 65 -1.0220697966698064e-07
36 7 -8.0071066520053881e-08
36 19 -8.7733850349642305e-08
36 36 1.8625189369427423e-04
36 66 -1.0787290015711309e-07
37 37 1.8306075397228689e-04
37 41 -1.0978191623099190e-07
37 54 -6.4133029812748887e-08
38 38 1.8124277521558402e-04
38 42 -1.1092952878221437e-07
38 53 -6.8475225460935588e-08
39 39 1.7629088362937684e-04
39 40 -1.1093010912972503e-07
39 55 -6.5333319806348326e-08
40 39 -1.1093010912972503e-07
40 40 1.8122676027014270e-04
40 58 -6.8443785906043273e-08
41 37 -1.0978191623099190e-07
41 41 1.8302562150731880e-04
41 57 -6.8308908146334210e-08
42 38 -1.1092952878221437e-07
42 42 1.7629159951674760e-04
42 56 -6.5870706480962262e-08
43 43 1.7440935407675738e-04
43 44 -1.1207961137648763e-07
43 59 -6.9244875412093221e-08
44 43 -1.1207961137648763e-07
44 44 1.7440537825762995e-04
44 52 -6.5898201842310792e-08
45 1 -8.4725000032863938e-08
45 45 1.9159367761271967e-04
45 51 -9.9826347151601267e-08
45 64 -7.7835356599505015e-08
46 9 -9.8279996636625956e-08
46 21 -9.6928564845431314e-08
46 46 1.6648690860798619e-04
46 66 -7.0136385512639011e-08
47 8 -6.6768518150278447e-08
47 15 -9.9960150706361280e-08
47 47 1.7300877526987130e-04
47 50 -9.8859961936394279e-08
48 9 -6.6736813722749147e-08
48 15 -1.0135423651149902e-07
48 48 1.8199168428664295e-04
48 51 -1.0123783653763370e-07
49 8 -9.5318913672391770e-08
49 31 -9.5265409827390532e-08
49 49 1.6554818051231593e-04
49 65 -7.4111734346560179e-08
50 47 -9.8859961936394279e-08
50 50 1.6966549247800913e-04
50 64 -1.1185323007012474e-07
50 65 -7.1638464575026632e-08
51 45 -9.9826347151601267e-08
51 48 -1.0123783653763370e-07
51 51 1.7317153701504280e-04
51 66 -7.1545929880771386e-08
52 29 -1.1015561247955850e-07
52 44 -6.5898201842310792e-08
52 52 1.5817039326304717e-04
52 60 -8.7757552882047172e-08
53 27 -9.8608222637426349e-08
53 38 -6.8475225460935588e-08
53 53 1.4569116858038689e-04
53 61 -7.8325976105208879e-08
54 26 -1.1463828048724803e-07
54 37 -6.4133029812748887e-08
54 54 1.6318156559816870e-04
54 62 -8.7602303466773606e-08
55 28 -1.1327392999913813e-07
55 39 -6.5333319806348326e-08
55 55 1.5978406284000449e-04
55 63 -8.7767504750510283e-08
56 16 -1.1287338614838453e-07
56 42 -6.5870706480962262e-08
56 56 1.5639488554380270e-04
56 61 -8.3880714266718396e-08
57 17 -1.0098051913536936e-07
57 41 -6.8308908146334210e-08
57 57 1.4509044837636334e-04
57 62 -7.5832404627766660e-08
58 18 -1.0174768714251306e-07
58 40 -6.8443785906043273e-08
58 58 1.4406083810957013e-04
58 63 -7.5139235515358179e-08
59 22 -1.0290185920407828e-07
59 43 -6.9244875412093221e-08
59 59 1.4164375733929569e-04
59 60 -7.4858687050231818e-08
60 7 -9.7927036963106133e-08
60 52 -8.7757552882047172e-08
60 59 -7.4858687050231818e-08
60 60 1.5256247351182935e-04
61 5 -9.5856696834426773e-08
61 53 -7.8325976105208879e-08
61 56 -8.3880714266718396e-08
61 61 1.5391386395311954e-04
62 3 -9.2167866901421236e-08
62 54 -8.7602303466773606e-08
62 57 -7.5832404627766660e-08
62 62 1.5283552688563311e-04
63 6 -9.5952183587191535e-08
63 55 -8.7767504750510283e-08
63 58 -7.5139235515358179e-08
63 63 1.5061849638485411e-04
64 4 -7.2445813911014503e-08
64 45 -7.7835356599505015e-08
64 50 -1.1185323007012474e-07
64 64 1.7003484253921229e-04
65 35 -1.0220697966698064e-07
65 49 -7.4111734346560179e-08
65 50 -7.1638464575026632e-08
65 65 1.4128371489985892e-04
66 36 -1.0787290015711309e-07
66 46 -7.0136385512639011e-08
66 51 -7.1545929880771386e-08
66 66 1.4253531968146598e-04
