%%MatrixMarket matrix coordinate real general
66 66 244
1 1 2.4603131445260124e-04
1 2 -1.2470414137724225e-07
1 7 -9.1021950238096657e-08
1 45 -8.4725013201390851e-08
2 1 -1.2470414137724225e-07
2 2 2.1310591986396869e-04
2 25 -7.7358271498844742e-08
2 34 -8.7181460973523374e-08
3 3 1.9380143062956094e-04
3 8 -1.1134949780300177e-07
3 20 -8.2558642081972940e-08
3 62 -9.2152541879365565e-08
4 4 1.9101116349531401e-04
4 6 -1.0138524057976638e-07
4 25 -1.0450191583286851e-07
4 64 -7.2445700960325440e-08
5 5 2.0359598383802769e-04
5 9 -1.1021304153019716e-07
5 30 -8.3045854304970164e-08
5 61 -9.5848165406809201e-08
6 4 -1.0138524057976638e-07
6 6 1.8257570372347143e-04
6 35 -7.8974918800352906e-08
6 63 -9.5943674209296161e-08
7 1 -9.1021950238096657e-08
7 7 1.9574494731889241e-04
7 36 -8.0071165349373012e-08
7 60 -9.7927278737086380e-08
8 3 -1.1134949780300177e-07
8 8 1.7123971862479439e-04
8 47 -6.6767783293318443e-08
8 49 -9.5312126586100061e-08
9 5 -1.1021304153019716e-07
9 9 1.8034858261879871e-04
9 46 -9.8279915437663578e-08
9 48 -6.6736705730811093e-08
10 10 1.9613862472126734e-04
10 19 -8.3478096572437206e-08
10 21 -8.8192185096324622e-08
11 11 2.0252448425834893e-04
11 23 -8.4683221501658134e-08
11 32 -8.7085607813774232e-08
12 12 2.0412861915768555e-04
12 24 -8.1826816604177328e-08
12 31 -8.7784036249909102e-08
13 13 1.9089491905288826e-04
13 15 -8.8854417616831071e-08
13 20 -8.6050700005458960e-08
13 30 -8.5257425681577290e-08
14 14 1.5768212339076755e-04
14 33 -7.3398897920690381e-08
14 34 -7.8014465427966195e-08
15 13 -8.8854417616831071e-08
15 15 2.1912233477407864e-04
15 47 -9.9959973001050120e-08
15 48 -1.0135411749240727e-07
16 16 2.2083764984462726e-04
16 21 -8.9746304312572885e-08
16 56 -1.1287021561893051e-07
17 17 2.0791901701467600e-04
17 23 -8.6027125189427414e-08
17 57 -1.0084198509820860e-07
18 18 2.1062663378643628e-04
18 24 -8.9729177119583135e-08
18 58 -1.0161381547878710e-07
19 10 -8.3478096572437206e-08
19 19 1.8922178216550662e-04
19 22 -9.0198343958568669e-08
19 36 -8.7734403168179599e-08
20 3 -8.2558642081972940e-08
20 13 -8.6050700005458960e-08
20 20 1.8827959481853272e-04
20 23 -9.2527279285845454e-08
21 10 -8.8192185096324622e-08
21 16 -8.9746304312572885e-08
21 21 2.0873953222313475e-04
21 46 -9.6929106930841664e-08
22 19 -9.0198343958568669e-08
22 22 2.0184771647056924e-04
22 59 -1.0290350396489510e-07
23 11 -8.4683221501658134e-08
23 17 -8.6027125189427414e-08
23 20 -9.2527279285845454e-08
23 23 1.9675255943788939e-04
24 12 -8.1826816604177328e-08
24 18 -8.9729177119583135e-08
24 24 1.9002728225520538e-04
24 35 -8.9339747003852571e-08
25 2 -7.7358271498844742e-08
25 4 -1.0450191583286851e-07
25 25 1.9184790507063010e-04
25 33 -8.7003396352518763e-08
26 26 2.3352547100844416e-04
26 31 -8.9240622978159620e-08
26 54 -1.1449958682179329e-07
27 27 1.9756679352162331e-04
27 32 -8.1604652319888349e-08
27 53 -9.8474258717456198e-08
28 28 2.1855954480262628e-04
28 33 -9.5901730854618465e-08
28 55 -1.1327080924845242e-07
29 29 2.0879682581232754e-04
29 34 -8.9020957389966203e-08
29 52 -1.1015728855540642e-07
30 5 -8.3045854304970164e-08
30 13 -8.5257425681577290e-08
30 30 1.8955015240993851e-04
30 32 -9.2727557532427364e-08
31 12 -8.7784036249909102e-08
31 26 -8.9240622978159620e-08
31 31 2.1023759215390398e-04
31 49 -9.5224231476792183e-08
32 11 -8.7085607813774232e-08
32 27 -8.1604652319888349e-08
32 30 -9.2727557532427364e-08
32 32 1.9155118918566340e-04
33 14 -7.3398897920690381e-08
33 25 -8.7003396352518763e-08
33 28 -9.5901730854618465e-08
33 33 1.6945808961903918e-04
34 2 -8.7181460973523374e-08
34 14 -7.8014465427966195e-08
34 29 -8.9020957389966203e-08
34 34 1.7637935938571550e-04
35 6 -7.8974918800352906e-08
35 24 -8.9339747003852571e-08
35 35 1.7571854808174253e-04
35 65 -1.0219809265826029e-07
36 7 -8.0071165349373012e-08
36 19 -8.7734403168179599e-08
36 36 1.8624844021844595e-04
36 66 -1.0787302963932630e-07
37 37 1.8347799885999188e-04
37 41 -1.0955174647422073e-07
37 54 -6.4036625610462147e-08
38 38 1.8296076104704916e-04
38 42 -1.1081500087950023e-07
38 53 -6.8385018731786795e-08
39 39 1.7705965151666381e-04
39 40 -1.1081577613232313e-07
39 55 -6.5316616284820637e-08
40 39 -1.1081577613232313e-07
40 40 1.8293928652282881e-04
40 58 -6.8354599763579284e-08
41 37 -1.0955174647422073e-07
41 41 1.8344977568239971e-04
41 57 -6.8198788135622031e-08
42 38 -1.1081500087950023e-07
42 42 1.7706083003741260e-04
42 56 -6.5853703202245087e-08
43 43 1.7436754081804473e-04
43 44 -1.1208217407587308e-07
43 59 -6.9246191490156078e-08
44 43 -1.1208217407587308e-07
44 44 1.7436360067932656e-04
44 52 -6.5899399899232416e-08
45 1 -8.4725013201390851e-08
45 45 1.9159366984297906e-04
45 51 -9.9826348017741464e-08
45 64 -7.7835343106099964e-08
46 9 -9.8279915437663578e-08
46 21 -9.6929106930841664e-08
46 46 1.6648424780961175e-04
46 66 -7.0136457183611230e-08
47 8 -6.6767783293318443e-08
47 15 -9.9959973001050120e-08
47 47 1.7301165564487028e-04
47 50 -9.8859759425183526e-08
48 9 -6.6736705730811093e-08
48 15 -1.0135411749240727e-07
48 48 1.8199222699091805e-04
48 51 -1.0123782233213364e-07
49 8 -9.5312126586100061e-08
49 31 -9.5224231476792183e-08
49 49 1.6576559891424023e-04
49 65 -7.4105602708026040e-08
50 47 -9.8859759425183526e-08
50 50 1.6966995329845285e-04
50 64 -1.1185306754885045e-07
50 65 -7.1637251537396393e-08
51 45 -9.9826348017741464e-08
51 48 -1.0123782233213364e-07
51 51 1.7317151174270844e-04
51 66 -7.1545945446590627e-08
52 29 -1.1015728855540642e-07
52 44 -6.5899399899232416e-08
52 52 1.5814852738149055e-04
52 60 -8.7758353907837122e-08
53 27 -9.8474258717456198e-08
53 38 -6.8385018731786795e-08
53 53 1.4520444098707679e-04
53 61 -7.8283192679896296e-08
54 26 -1.1449958682179329e-07
54 37 -6.4036625610462147e-08
54 54 1.6460683061290921e-04
54 62 -8.7547682680740827e-08
55 28 -1.1327080924845242e-07
55 39 -6.5316616284820637e-08
55 55 1.5990780311094549e-04
55 63 -8.7757531198228795e-08
56 16 -1.1287021561893051e-07
56 42 -6.5853703202245087e-08
56 56 1.5651973279978056e-04
56 61 -8.3870644962067939e-08
57 17 -1.0084198509820860e-07
57 41 -6.8198788135622031e-08
57 57 1.4471204068479965e-04
57 62 -7.5781778090442272e-08
58 18 -1.0161381547878710e-07
58 40 -6.8354599763579284e-08
58 58 1.4536860067094080e-04
58 63 -7.5098907140372996e-08
59 22 -1.0290350396489510e-07
59 43 -6.9246191490156078e-08
59 59 1.4162234054217887e-04
59 60 -7.4859396578542776e-08
60 7 -9.7927278737086380e-08
60 52 -8.7758353907837122e-08
60 59 -7.4859396578542776e-08
60 60 1.5255491368818374e-04
61 5 -9.5848165406809201e-08
61 53 -7.8283192679896296e-08
61 56 -8.3870644962067939e-08
61 61 1.5418442939540804e-04
62 3 -9.2152541879365565e-08
62 54 -8.7547682680740827e-08
62 57 -7.5781778090442272e-08
62 62 1.5334575147659204e-04
63 6 -9.5943674209296161e-08
63 55 -8.7757531198228795e-08
63 58 -7.5098907140372996e-08
63 63 1.5086954086002998e-04
64 4 -7.2445700960325440e-08
64 45 -7.7835343106099964e-08
64 50 -1.1185306754885045e-07
64 64 1.7003549688874797e-04
65 35 -1.0219809265826029e-07
65 49 -7.4105602708026040e-08
65 50 -7.1637251537396393e-08
65 65 1.4133393611807349e-04
66 36 -1.0787302963932630e-07
66 46 -7.0136457183611230e-08
66 51 -7.1545945446590627e-08
66 66 1.4253464155205339e-04
