%%MatrixMarket matrix coordinate real general
66 66 244
1 1 5.6776173857399492e-05
1 2 -1.3225856872143401e-05
1 7 -9.6583440149299728e-06
1 45 -9.3458885645842327e-06
2 1 -1.3225856872143401e-05
2 2 5.2144759320389152e-05
2 25 -8.1189588440934293e-06
2 34 -9.2421259810952972e-06
3 3 5.6667449751193981e-05
3 8 -1.3928180584714774e-05
3 20 -1.0304835232942930e-05
3 62 -1.1763266034428035e-05
4 4 5.0384232279936900e-05
4 6 -1.1383422710685444e-05
4 25 -1.1561877721163208e-05
4 64 -8.1121202550017586e-06
5 5 5.3614083243761661e-05
5 9 -1.2474811519111612e-05
5 30 -9.8025692556112096e-06
5 61 -1.0758106501278258e-05
6 4 -1.1383422710685444e-05
6 6 4.9570713340743633e-05
6 35 -9.2515797824711445e-06
6 63 -1.0667864449270629e-05
7 1 -9.6583440149299728e-06
7 7 4.8106021838196565e-05
7 36 -8.3769702320152390e-06
7 60 -1.0271903632411614e-05
8 3 -1.3928180584714774e-05
8 8 5.2095230966304549e-05
8 47 -8.2653075418603250e-06
8 49 -1.1634666987544850e-05
9 5 -1.2474811519111612e-05
9 9 4.9142380190881135e-05
9 46 -1.0965214226687875e-05
9 48 -7.4804031377457060e-06
10 10 5.5326057021774731e-05
10 19 -8.4663844553828699e-06
10 21 -9.0487858478084833e-06
11 11 5.2113456300822750e-05
11 23 -8.7587894777806126e-06
11 32 -8.9846843223947125e-06
12 12 5.1540097743820631e-05
12 24 -8.3942533113379458e-06
12 31 -9.0380723453796451e-06
13 13 5.1441093618507157e-05
13 15 -1.0700430932029243e-05
13 20 -1.0659921136832027e-05
13 30 -1.0216823511075015e-05
14 14 5.3593723507777073e-05
14 33 -7.5054454272435862e-06
14 34 -7.8760365811372152e-06
15 13 -1.0700430932029243e-05
15 15 5.7156000499641635e-05
15 47 -1.1766639030009657e-05
15 48 -1.1927891238342691e-05
16 16 5.7951736651894982e-05
16 21 -9.1489340762821350e-06
16 56 -1.1335831076237797e-05
17 17 5.7680624648688572e-05
17 23 -9.5404696465470907e-06
17 57 -1.1148757876116457e-05
18 18 5.0373716831036017e-05
18 24 -8.6505620315513666e-06
18 58 -9.6711734783819530e-06
19 10 -8.4663844553828699e-06
19 19 4.5532715009437864e-05
19 22 -9.1753395195857868e-06
19 36 -9.1846790409514676e-06
20 3 -1.0304835232942930e-05
20 13 -1.0659921136832027e-05
20 20 5.2667983809285227e-05
20 23 -1.1931409255496059e-05
21 10 -9.0487858478084833e-06
21 16 -9.1489340762821350e-06
21 21 4.8982690722617557e-05
21 46 -1.0218173147140942e-05
22 19 -9.1753395195857868e-06
22 22 5.7901333837892240e-05
22 59 -1.0379158144178869e-05
23 11 -8.7587894777806126e-06
23 17 -9.5404696465470907e-06
23 20 -1.1931409255496059e-05
23 23 5.1500332955250893e-05
24 12 -8.3942533113379458e-06
24 18 -8.6505620315513666e-06
24 24 4.7348009561273066e-05
24 35 -1.0917142989533602e-05
25 2 -8.1189588440934293e-06
25 4 -1.1561877721163208e-05
25 25 4.7624787855530852e-05
25 33 -9.1073336326895476e-06
26 26 5.9816195873294951e-05
26 31 -9.9269920328935146e-06
26 54 -1.2702827218259965e-05
27 27 4.9288221453021739e-05
27 32 -7.8636276519810404e-06
27 53 -9.3610204635633515e-06
28 28 5.8492928920252502e-05
28 33 -9.7439518389821307e-06
28 55 -1.1407662059622853e-05
29 29 5.8540722362959446e-05
29 34 -9.0179443490968780e-06
29 52 -1.1130576633182013e-05
30 5 -9.8025692556112096e-06
30 13 -1.0216823511075015e-05
30 30 5.0566344320606468e-05
30 32 -1.1369883866295657e-05
31 12 -9.0380723453796451e-06
31 26 -9.9269920328935146e-06
31 31 5.3870578547607057e-05
31 49 -1.2210935833601225e-05
32 11 -8.9846843223947125e-06
32 27 -7.8636276519810404e-06
32 30 -1.1369883866295657e-05
32 32 4.7806184266727347e-05
33 14 -7.5054454272435862e-06
33 25 -9.1073336326895476e-06
33 28 -9.7439518389821307e-06
33 33 4.3007852052479364e-05
34 2 -9.2421259810952972e-06
34 14 -7.8760365811372152e-06
34 29 -9.0179443490968780e-06
34 34 4.3470138721054950e-05
35 6 -9.2515797824711445e-06
35 24 -1.0917142989533602e-05
35 35 5.0178234284429333e-05
35 65 -1.2198448554993424e-05
36 7 -8.3769702320152390e-06
36 19 -9.1846790409514676e-06
36 36 4.7629560183003067e-05
36 66 -1.1529063840304638e-05
37 37 6.0942128583387265e-05
37 41 -1.3134710219087425e-05
37 54 -7.7075551848682145e-06
38 38 4.4298679337017346e-05
38 42 -9.3060382491157874e-06
38 53 -5.9409458004358995e-06
39 39 4.2469017883041676e-05
39 40 -9.3014907119256102e-06
39 55 -6.1773586529012336e-06
40 39 -9.3014907119256102e-06
40 40 4.4281545287212795e-05
40 58 -5.9389238634291601e-06
41 37 -1.3134710219087425e-05
41 41 6.1569699435066444e-05
41 57 -8.2269340562700373e-06
42 38 -9.3060382491157874e-06
42 42 4.2535614591685851e-05
42 56 -6.2094329026413407e-06
43 43 5.5518778337872418e-05
43 44 -1.1196452984926046e-05
43 59 -6.9944092212196862e-06
44 43 -1.1196452984926046e-05
44 44 5.5184604074124671e-05
44 52 -6.6679547989084099e-06
45 1 -9.3458885645842327e-06
45 45 4.8613870258350562e-05
45 51 -1.1034278042404008e-05
45 64 -8.7370575796776095e-06
46 9 -1.0965214226687875e-05
46 21 -1.0218173147140942e-05
46 46 4.4820246210266037e-05
46 66 -7.3775475984346949e-06
47 8 -8.2653075418603250e-06
47 15 -1.1766639030009657e-05
47 47 4.9460081243339412e-05
47 50 -1.1629223934157225e-05
48 9 -7.4804031377457060e-06
48 15 -1.1927891238342691e-05
48 48 4.9223935392782070e-05
48 51 -1.1367299006170611e-05
49 8 -1.1634666987544850e-05
49 31 -1.2210935833601225e-05
49 49 5.0157895237399431e-05
49 65 -9.0466949557905169e-06
50 47 -1.1629223934157225e-05
50 50 5.0836913330811181e-05
50 64 -1.3026660486761089e-05
50 65 -8.5944671579939015e-06
51 45 -1.1034278042404008e-05
51 48 -1.1367299006170611e-05
51 51 4.7816418385659909e-05
51 66 -7.9168324165882957e-06
52 29 -1.1130576633182013e-05
52 44 -6.6679547989084099e-06
52 52 4.2482215620897152e-05
52 60 -8.9337556193833705e-06
53 27 -9.3610204635633515e-06
53 38 -5.9409458004358995e-06
53 53 3.6974201822750863e-05
53 61 -8.5205084396631792e-06
54 26 -1.2702827218259965e-05
54 37 -7.7075551848682145e-06
54 54 4.9776779014921207e-05
54 62 -1.1489020508184939e-05
55 28 -1.1407662059622853e-05
55 39 -6.1773586529012336e-06
55 55 4.1807630805189165e-05
55 63 -9.3563498828299906e-06
56 16 -1.1335831076237797e-05
56 42 -6.2094329026413407e-06
56 56 4.0970457429286278e-05
56 61 -9.0155508777211614e-06
57 17 -1.1148757876116457e-05
57 41 -8.2269340562700373e-06
57 57 4.5171508866971284e-05
57 62 -9.9708983803141740e-06
58 18 -9.6711734783819530e-06
58 40 -5.9389238634291601e-06
58 58 3.6837117310184610e-05
58 63 -8.1783579373384588e-06
59 22 -1.0379158144178869e-05
59 43 -6.9944092212196862e-06
59 59 3.9068379044554044e-05
59 60 -7.6194225449557105e-06
60 7 -1.0271903632411614e-05
60 52 -8.9337556193833705e-06
60 59 -7.6194225449557105e-06
60 60 4.1905879065495986e-05
61 5 -1.0758106501278258e-05
61 53 -8.5205084396631792e-06
61 56 -9.0155508777211614e-06
61 61 4.2960827070253703e-05
62 3 -1.1763266034428035e-05
62 54 -1.1489020508184939e-05
62 57 -9.9708983803141740e-06
62 62 4.9458683176202316e-05
63 6 -1.0667864449270629e-05
63 55 -9.3563498828299906e-06
63 58 -8.1783579373384588e-06
63 63 4.2408975232222016e-05
64 4 -8.1121202550017586e-06
64 45 -8.7370575796776095e-06
64 50 -1.3026660486761089e-05
64 64 4.7091514063118774e-05
65 35 -1.2198448554993424e-05
65 49 -9.0466949557905169e-06
65 50 -8.5944671579939015e-06
65 65 4.4644942092137891e-05
66 36 -1.1529063840304638e-05
66 46 -7.3775475984346949e-06
66 51 -7.9168324165882957e-06
66 66 4.1150160221842410e-05
