%%MatrixMarket matrix coordinate real general
66 66 244
1 1 5.4676315858132661e-05
1 2 -1.2492836259188977e-05
1 7 -9.1185718473597767e-06
1 45 -8.4891810248379330e-06
2 1 -1.2492836259188977e-05
2 2 5.0260824267187108e-05
2 25 -7.7517657760532839e-06
2 34 -8.7330631760581731e-06
3 3 4.8743844198598075e-05
3 8 -1.1269145253145581e-05
3 20 -8.3982005666978205e-06
3 62 -9.5353607518650085e-06
4 4 4.7078386944907457e-05
4 6 -1.0220606184116916e-05
4 25 -1.0484786388127014e-05
4 64 -7.2683697721961201e-06
5 5 4.9772494390407658e-05
5 9 -1.1110255112787454e-05
5 30 -8.4457959984223338e-06
5 61 -9.7658868825337862e-06
6 4 -1.0220606184116916e-05
6 6 4.6353872419206791e-05
6 35 -8.0294710577328312e-06
6 63 -9.7671341716287970e-06
7 1 -9.1185718473597767e-06
7 7 4.6497539297990907e-05
7 36 -8.0209016705611484e-06
7 60 -9.8096766122242263e-06
8 3 -1.1269145253145581e-05
8 8 4.4886569972763157e-05
8 47 -6.7290617157643767e-06
8 49 -9.6900051871151218e-06
9 5 -1.1110255112787454e-05
9 9 4.5710316855927307e-05
9 46 -9.8624347388496692e-06
9 48 -6.6969954625053003e-06
10 10 5.5339404639030649e-05
10 19 -8.3568952498713170e-06
10 21 -8.8333903992352867e-06
11 11 6.1102844362795556e-05
11 23 -9.7269425681109641e-06
11 32 -1.0003219453487850e-05
12 12 6.0756199221320483e-05
12 24 -9.3915481368056019e-06
12 31 -1.0075068845730706e-05
13 13 4.5558879034088466e-05
13 15 -8.9565635723466223e-06
13 20 -8.7554333482326676e-06
13 30 -8.6706015499170276e-06
14 14 5.3990883066172455e-05
14 33 -7.3504620374146925e-06
14 34 -7.8090053907932611e-06
15 13 -8.9565635723466223e-06
15 15 5.1074920699236820e-05
15 47 -1.0029574473959891e-05
15 48 -1.0168883054213770e-05
16 16 5.9011935770295224e-05
16 21 -8.9921869031863190e-06
16 56 -1.1404774978600563e-05
17 17 6.2768719364992101e-05
17 23 -9.8706307231408622e-06
17 57 -1.1568212862749356e-05
18 18 6.3257349209662388e-05
18 24 -1.0248920611985967e-05
18 58 -1.1608328234430834e-05
19 10 -8.3568952498713170e-06
19 19 4.5070721263468283e-05
19 22 -9.0297112497730325e-06
19 36 -8.7884021478115650e-06
20 3 -8.3982005666978205e-06
20 13 -8.7554333482326676e-06
20 20 4.5764773790735741e-05
20 23 -9.8267774737487826e-06
21 10 -8.8333903992352867e-06
21 16 -8.9921869031863190e-06
21 21 4.8394961832920010e-05
21 46 -9.7139763524716545e-06
22 19 -9.0297112497730325e-06
22 22 5.7552183048333158e-05
22 59 -1.0298784321416808e-05
23 11 -9.7269425681109641e-06
23 17 -9.8706307231408622e-06
23 20 -9.8267774737487826e-06
23 23 4.9214170532363106e-05
24 12 -9.3915481368056019e-06
24 18 -1.0248920611985967e-05
24 24 4.8223940500972900e-05
24 35 -9.4872303842034180e-06
25 2 -7.7517657760532839e-06
25 4 -1.0484786388127014e-05
25 25 4.6121094296748667e-05
25 33 -8.7181195475120046e-06
26 26 6.4140207791966406e-05
26 31 -1.0059256279680884e-05
26 54 -1.2903371115084435e-05
27 27 6.2301513068610247e-05
27 32 -9.4080963200257608e-06
27 53 -1.1355061173267431e-05
28 28 5.9572533364820265e-05
28 33 -9.6074912643471289e-06
28 55 -1.1441688574699586e-05
29 29 5.8172345793568717e-05
29 34 -8.9107991449430549e-06
29 52 -1.1025438762374246e-05
30 5 -8.4457959984223338e-06
30 13 -8.6706015499170276e-06
30 30 4.5875596527964283e-05
30 32 -9.8606534984179777e-06
31 12 -1.0075068845730706e-05
31 26 -1.0059256279680884e-05
31 31 5.1334024772217514e-05
31 49 -1.0063415554652399e-05
32 11 -1.0003219453487850e-05
32 27 -9.4080963200257608e-06
32 30 -9.8606534984179777e-06
32 32 4.8526001102439384e-05
33 14 -7.3504620374146925e-06
33 25 -8.7181195475120046e-06
33 28 -9.6074912643471289e-06
33 33 4.2603416854067891e-05
34 2 -8.7330631760581731e-06
34 14 -7.8090053907932611e-06
34 29 -8.9107991449430549e-06
34 34 4.3064744816990689e-05
35 6 -8.0294710577328312e-06
35 24 -9.4872303842034180e-06
35 35 4.5419012247022481e-05
35 65 -1.0389719558632107e-05
36 7 -8.0209016705611484e-06
36 19 -8.7884021478115650e-06
36 36 4.6215416003356949e-05
36 66 -1.0807753681224977e-05
37 37 6.2096714113512094e-05
37 41 -1.3026306494176756e-05
37 54 -7.6013141779940495e-06
38 38 6.1415682087363256e-05
38 42 -1.2790033691748543e-05
38 53 -7.8864501957487700e-06
39 39 5.7645788953360732e-05
39 40 -1.2786576078500327e-05
39 55 -6.7521172728061806e-06
40 39 -1.2786576078500327e-05
40 40 6.1395531213269178e-05
40 58 -7.8809101059001452e-06
41 37 -1.3026306494176756e-05
41 41 6.2600748893930868e-05
41 57 -8.0968899431322608e-06
42 38 -1.2790033691748543e-05
42 42 5.7710769576517626e-05
42 56 -6.8084638236173370e-06
43 43 5.5459701026087771e-05
43 44 -1.1200461858500349e-05
43 59 -6.9303003775926126e-06
44 43 -1.1200461858500349e-05
44 44 5.5124884569886289e-05
44 52 -6.5957429095153636e-06
45 1 -8.4891810248379330e-06
45 45 4.5433223458152037e-05
45 51 -1.0002570182389630e-05
45 64 -7.8029940641499724e-06
46 9 -9.8624347388496692e-06
46 21 -9.7139763524716545e-06
46 46 4.3236684216744654e-05
46 66 -7.0289210417418612e-06
47 8 -6.7290617157643767e-06
47 15 -1.0029574473959891e-05
47 47 4.3983341727896254e-05
47 50 -9.9191129985564019e-06
48 9 -6.6969954625053003e-06
48 15 -1.0168883054213770e-05
48 48 4.5200907742197043e-05
48 51 -1.0148500922377612e-05
49 8 -9.6900051871151218e-06
49 31 -1.0063415554652399e-05
49 49 4.3808663066252828e-05
49 65 -7.5334688042887551e-06
50 47 -9.9191129985564019e-06
50 50 4.5338918459366279e-05
50 64 -1.1223514546421219e-05
50 65 -7.2273779464886515e-06
51 45 -1.0002570182389630e-05
51 48 -1.0148500922377612e-05
51 51 4.4615427978713157e-05
51 66 -7.1689091010954716e-06
52 29 -1.1025438762374246e-05
52 44 -6.5957429095153636e-06
52 52 4.2196659551496989e-05
52 60 -8.7885255223045700e-06
53 27 -1.1355061173267431e-05
53 38 -7.8864501957487700e-06
53 53 4.2206436096240474e-05
53 61 -8.4016754296601132e-06
54 26 -1.2903371115084435e-05
54 37 -7.6013141779940495e-06
54 54 4.6298360176882273e-05
54 62 -9.3848910341470771e-06
55 28 -1.1441688574699586e-05
55 39 -6.7521172728061806e-06
55 55 4.3191150666859862e-05
55 63 -8.9332819891102857e-06
56 16 -1.1404774978600563e-05
56 42 -6.8084638236173370e-06
56 56 4.2485235108600026e-05
56 61 -8.5446895741196546e-06
57 17 -1.1568212862749356e-05
57 41 -8.0968899431322608e-06
57 57 4.2466956077863177e-05
57 62 -8.1941547042234933e-06
58 18 -1.1608328234430834e-05
58 40 -7.8809101059001452e-06
58 58 4.1928953839319922e-05
58 63 -8.0455832808795760e-06
59 22 -1.0298784321416808e-05
59 43 -6.9303003775926126e-06
59 59 3.8862360631017421e-05
59 60 -7.4967597584753522e-06
60 7 -9.8096766122242263e-06
60 52 -8.7885255223045700e-06
60 59 -7.4967597584753522e-06
60 60 4.1322867484315699e-05
61 5 -9.7658868825337862e-06
61 53 -8.4016754296601132e-06
61 56 -8.5446895741196546e-06
61 61 4.2084777793809379e-05
62 3 -9.5353607518650085e-06
62 54 -9.3848910341470771e-06
62 57 -8.1941547042234933e-06
62 62 4.2370101172819901e-05
63 6 -9.7671341716287970e-06
63 55 -8.9332819891102857e-06
63 58 -8.0455832808795760e-06
63 63 4.1779536421117941e-05
64 4 -7.2683697721961201e-06
64 45 -7.8029940641499724e-06
64 50 -1.1223514546421219e-05
64 64 4.3286442615702884e-05
65 35 -1.0389719558632107e-05
65 49 -7.5334688042887551e-06
65 50 -7.2273779464886515e-06
65 65 3.9352348099242958e-05
66 36 -1.0807753681224977e-05
66 46 -7.0289210417418612e-06
66 51 -7.1689091010954716e-06
66 66 3.9237117645894224e-05
