%%MatrixMarket matrix coordinate real general
66 66 244
1 1 5.7980760995226324e-05
1 2 -1.3483493413652781e-05
1 7 -9.8477649582007554e-06
1 45 -9.5359929499354204e-06
2 1 -1.3483493413652781e-05
2 2 5.3036961624100876e-05
2 25 -8.4162511482280183e-06
2 34 -9.3483375755708574e-06
3 3 5.7548899190511890e-05
3 8 -1.4125378694694770e-05
3 20 -1.0461900933767512e-05
3 62 -1.1925362304421458e-05
4 4 5.2063813027780577e-05
4 6 -1.1860573274374559e-05
4 25 -1.1906917353954582e-05
4 64 -8.3760145201371161e-06
5 5 5.5641969922749211e-05
5 9 -1.2952799225442459e-05
5 30 -1.0187370757229674e-05
5 61 -1.1232177119909902e-05
6 4 -1.1860573274374559e-05
6 6 5.1875978848218532e-05
6 35 -9.6525690415257342e-06
6 63 -1.1184897688504846e-05
7 1 -9.8477649582007554e-06
7 7 4.8753450515435964e-05
7 36 -8.5130598532041661e-06
7 60 -1.0380968371216374e-05
8 3 -1.4125378694694770e-05
8 8 5.2954706427857314e-05
8 47 -8.3723349082670859e-06
8 49 -1.1953498384363456e-05
9 5 -1.2952799225442459e-05
9 9 5.0698191734095995e-05
9 46 -1.1271687992304924e-05
9 48 -7.7277746428437830e-06
10 10 5.6476023379177046e-05
10 19 -8.6027845992851170e-06
10 21 -9.3031454177011152e-06
11 11 6.2686695962410453e-05
11 23 -1.0330063242573877e-05
11 32 -1.0639658499282828e-05
12 12 6.2140235947831461e-05
12 24 -9.9641129077885143e-06
12 31 -1.0674086678856536e-05
13 13 5.2715768275751732e-05
13 15 -1.0944585221298941e-05
13 20 -1.0886136818893130e-05
13 30 -1.0472543036459182e-05
14 14 5.4841994397294561e-05
14 33 -7.7064696878409721e-06
14 34 -8.0432630279248824e-06
15 13 -1.0944585221298941e-05
15 15 5.8470827983035495e-05
15 47 -1.2085610493934685e-05
15 48 -1.2176366084582373e-05
16 16 6.1010296443578398e-05
16 21 -9.4459015571196630e-06
16 56 -1.2216330648184340e-05
17 17 6.6759631203436377e-05
17 23 -1.0857944261381164e-05
17 57 -1.2720445474563935e-05
18 18 6.1786938473866226e-05
18 24 -1.0424084009945195e-05
18 58 -1.1812344206643546e-05
19 10 -8.6027845992851170e-06
19 19 4.6263762593834638e-05
19 22 -9.3054396536365847e-06
19 36 -9.3428729032496803e-06
20 3 -1.0461900933767512e-05
20 13 -1.0886136818893130e-05
20 20 5.3620363107056892e-05
20 23 -1.1996253390474132e-05
21 10 -9.3031454177011152e-06
21 16 -9.4459015571196630e-06
21 21 5.0600933585166127e-05
21 46 -1.0638401488417196e-05
22 19 -9.3054396536365847e-06
22 22 5.8355783202039592e-05
22 59 -1.0437439308826719e-05
23 11 -1.0330063242573877e-05
23 17 -1.0857944261381164e-05
23 20 -1.1996253390474132e-05
23 23 5.4335613896622326e-05
24 12 -9.9641129077885143e-06
24 18 -1.0424084009945195e-05
24 24 5.2123440787362213e-05
24 35 -1.1377226420712826e-05
25 2 -8.4162511482280183e-06
25 4 -1.1906917353954582e-05
25 25 4.9470403917661639e-05
25 33 -9.4692103180896469e-06
26 26 6.8942142054278447e-05
26 31 -1.1261418558873475e-05
26 54 -1.4435029898090488e-05
27 27 6.0460980946638243e-05
27 32 -9.4662112655129697e-06
27 53 -1.1432112930216310e-05
28 28 6.1501092279805914e-05
28 33 -1.0045305600951572e-05
28 55 -1.2258098712938135e-05
29 29 5.9040237980103564e-05
29 34 -9.1869406483672169e-06
29 52 -1.1189114496174373e-05
30 5 -1.0187370757229674e-05
30 13 -1.0472543036459182e-05
30 30 5.2534645209651625e-05
30 32 -1.1827778193438764e-05
31 12 -1.0674086678856536e-05
31 26 -1.1261418558873475e-05
31 31 5.7090965960136400e-05
31 49 -1.2309749000682821e-05
32 11 -1.0639658499282828e-05
32 27 -9.4662112655129697e-06
32 30 -1.1827778193438764e-05
32 32 5.2468913623416341e-05
33 14 -7.7064696878409721e-06
33 25 -9.4692103180896469e-06
33 28 -1.0045305600951572e-05
33 33 4.4355455219772974e-05
34 2 -9.3483375755708574e-06
34 14 -8.0432630279248824e-06
34 29 -9.1869406483672169e-06
34 34 4.4302905012969463e-05
35 6 -9.6525690415257342e-06
35 24 -1.1377226420712826e-05
35 35 5.2037885204188748e-05
35 65 -1.2503535916638460e-05
36 7 -8.5130598532041661e-06
36 19 -9.3428729032496803e-06
36 36 4.8540137649828960e-05
36 66 -1.1798203456110178e-05
37 37 6.6772405858595555e-05
37 41 -1.4336727925562319e-05
37 54 -8.3348446034904129e-06
38 38 5.2074889804697341e-05
38 42 -1.1219399165225181e-05
38 53 -6.9262318444840528e-06
39 39 5.4145937047325778e-05
39 40 -1.1213233119778668e-05
39 55 -6.9634815299925419e-06
40 39 -1.1213233119778668e-05
40 40 5.2041123452290517e-05
40 58 -6.9200797195658111e-06
41 37 -1.4336727925562319e-05
41 41 6.7364881550476498e-05
41 57 -8.8886777675302998e-06
42 38 -1.1219399165225181e-05
42 42 5.4224112523295702e-05
42 56 -7.0210942347369691e-06
43 43 5.5653561034898434e-05
43 44 -1.1221981193511844e-05
43 59 -7.0285851188056253e-06
44 43 -1.1221981193511844e-05
44 44 5.5325166125622674e-05
44 52 -6.6984620952556250e-06
45 1 -9.5359929499354204e-06
45 45 4.9750062299343937e-05
45 51 -1.1267146883975314e-05
45 64 -9.0126542834774297e-06
46 9 -1.1271687992304924e-05
46 21 -1.0638401488417196e-05
46 46 4.6604278142495821e-05
46 66 -7.6762466909821686e-06
47 8 -8.3723349082670859e-06
47 15 -1.2085610493934685e-05
47 47 5.0751783435648999e-05
47 50 -1.1954527791500684e-05
48 9 -7.7277746428437830e-06
48 15 -1.2176366084582373e-05
48 48 5.0598035078363871e-05
48 51 -1.1738488420958421e-05
49 8 -1.1953498384363456e-05
49 31 -1.2309749000682821e-05
49 49 5.1274455150879914e-05
49 65 -9.3079262807810922e-06
50 47 -1.1954527791500684e-05
50 50 5.1997632688997117e-05
50 64 -1.3362820652775182e-05
50 65 -8.7904062236980347e-06
51 45 -1.1267146883975314e-05
51 48 -1.1738488420958421e-05
51 51 4.9010741409875747e-05
51 66 -8.0898004059234621e-06
52 29 -1.1189114496174373e-05
52 44 -6.6984620952556250e-06
52 52 4.2776822429459399e-05
52 60 -9.0516624038445107e-06
53 27 -1.1432112930216310e-05
53 38 -6.9262318444840528e-06
53 53 4.3225792447765143e-05
53 61 -9.6406893807502060e-06
54 26 -1.4435029898090488e-05
54 37 -8.3348446034904129e-06
54 54 5.2040396104786513e-05
54 62 -1.1470554367720923e-05
55 28 -1.2258098712938135e-05
55 39 -6.9634815299925419e-06
55 55 4.5543824357530650e-05
55 63 -1.0111434341995584e-05
56 16 -1.2216330648184340e-05
56 42 -7.0210942347369691e-06
56 56 4.4626964785382562e-05
56 61 -9.7103977202765414e-06
57 17 -1.2720445474563935e-05
57 41 -8.8886777675302998e-06
57 57 4.7143448386566252e-05
57 62 -9.9468167387485702e-06
58 18 -1.1812344206643546e-05
58 40 -6.9200797195658111e-06
58 58 4.3043142445930486e-05
58 63 -9.2431356377011045e-06
59 22 -1.0437439308826719e-05
59 43 -7.0285851188056253e-06
59 59 3.9347677906186990e-05
59 60 -7.7211400310078492e-06
60 7 -1.0380968371216374e-05
60 52 -9.0516624038445107e-06
60 59 -7.7211400310078492e-06
60 60 4.2470971928727670e-05
61 5 -1.1232177119909902e-05
61 53 -9.6406893807502060e-06
61 56 -9.7103977202765414e-06
61 61 4.6454689942079698e-05
62 3 -1.1925362304421458e-05
62 54 -1.1470554367720923e-05
62 57 -9.9468167387485702e-06
62 62 4.9851069651843044e-05
63 6 -1.1184897688504846e-05
63 55 -1.0111434341995584e-05
63 58 -9.2431356377011045e-06
63 63 4.5984542616229210e-05
64 4 -8.3760145201371161e-06
64 45 -9.0126542834774297e-06
64 50 -1.3362820652775182e-05
64 64 4.8611600544889851e-05
65 35 -1.2503535916638460e-05
65 49 -9.3079262807810922e-06
65 50 -8.7904062236980347e-06
65 65 4.5639819943282543e-05
66 36 -1.1798203456110178e-05
66 46 -7.6762466909821686e-06
66 51 -8.0898004059234621e-06
66 66 4.2270276551445562e-05
