%%MatrixMarket matrix coordinate real general
66 66 244
1 1 5.7759901515143536e-05
1 2 -1.3437436589864262e-05
1 7 -9.8138484657470194e-06
1 45 -9.5012394968717357e-06
2 1 -1.3437436589864262e-05
2 2 5.2873868024555310e-05
2 25 -8.3617883551703294e-06
2 34 -9.3292368259880415e-06
3 3 5.7402202488726060e-05
3 8 -1.4090472104719608e-05
3 20 -1.0434691988510461e-05
3 62 -1.1901418699664166e-05
4 4 5.1758536518280508e-05
4 6 -1.1771295958760735e-05
4 25 -1.1843246595292190e-05
4 64 -8.3286337114483449e-06
5 5 5.5224528458957683e-05
5 9 -1.2863577719981109e-05
5 30 -1.0116322482504124e-05
5 61 -1.1143417976879150e-05
6 4 -1.1771295958760735e-05
6 6 5.1438583973344878e-05
6 35 -9.5784904798227372e-06
6 63 -1.1087638694988867e-05
7 1 -9.8138484657470194e-06
7 7 4.8637423717615372e-05
7 36 -8.4889183517812146e-06
7 60 -1.0361288333629357e-05
8 3 -1.4090472104719608e-05
8 8 5.2799735926093428e-05
8 47 -8.3521495059865744e-06
8 49 -1.1901306487470834e-05
9 5 -1.2863577719981109e-05
9 9 5.0406513543200997e-05
9 46 -1.1214784256822347e-05
9 48 -7.6838327227438321e-06
10 10 5.6276359241057679e-05
10 19 -8.5790136871538074e-06
10 21 -9.2578603821951085e-06
11 11 5.9837119700233737e-05
11 23 -9.9144989926023466e-06
11 32 -1.0209476512460710e-05
12 12 5.9246102600108539e-05
12 24 -9.5508752110452115e-06
12 31 -1.0235954129264262e-05
13 13 5.2485015215883149e-05
13 15 -1.0900531783341431e-05
13 20 -1.0848839074541688e-05
13 30 -1.0426772019903433e-05
14 14 5.4626474469381409e-05
14 33 -7.6707512242734438e-06
14 34 -8.0137864319141695e-06
15 13 -1.0900531783341431e-05
15 15 5.8232423805499288e-05
15 47 -1.2030438006810251e-05
15 48 -1.2130462856211706e-05
16 16 6.0460928447017415e-05
16 21 -9.3940325606844650e-06
16 56 -1.2037479082380192e-05
17 17 6.4671844798237690e-05
17 23 -1.0562921495067921e-05
17 57 -1.2366942905233628e-05
18 18 5.8125003263648022e-05
18 24 -9.8696347444362196e-06
18 58 -1.1161327434736208e-05
19 10 -8.5790136871538074e-06
19 19 4.6134731596691915e-05
19 22 -9.2826536180580660e-06
19 36 -9.3148125225343817e-06
20 3 -1.0434691988510461e-05
20 13 -1.0848839074541688e-05
20 20 5.3472533673408659e-05
20 23 -1.1992574705731924e-05
21 10 -9.2578603821951085e-06
21 16 -9.3940325606844650e-06
21 21 5.0310767111734307e-05
21 46 -1.0561609888083402e-05
22 19 -9.2826536180580660e-06
22 22 5.8279787036199825e-05
22 59 -1.0427508080628814e-05
23 11 -9.9144989926023466e-06
23 17 -1.0562921495067921e-05
23 20 -1.1992574705731924e-05
23 23 5.3626082666638750e-05
24 12 -9.5508752110452115e-06
24 18 -9.8696347444362196e-06
24 24 5.1072559605356000e-05
24 35 -1.1344662905983033e-05
25 2 -8.3617883551703294e-06
25 4 -1.1843246595292190e-05
25 25 4.9137529144498265e-05
25 33 -9.4031337192312254e-06
26 26 6.6883230345715771e-05
26 31 -1.0966841275745874e-05
26 54 -1.4050579189211998e-05
27 27 5.6816390446440736e-05
27 32 -8.9561739223000987e-06
27 53 -1.0792977774255677e-05
28 28 6.0960888457950492e-05
28 33 -9.9927809596439114e-06
28 55 -1.2087979330643432e-05
29 29 5.8956833564611103e-05
29 34 -9.1570778858174470e-06
29 52 -1.1179121895633711e-05
30 5 -1.0116322482504124e-05
30 13 -1.0426772019903433e-05
30 30 5.2227753406259261e-05
30 32 -1.1795698652148488e-05
31 12 -1.0235954129264262e-05
31 26 -1.0966841275745874e-05
31 31 5.6347990108023104e-05
31 49 -1.2302158925915961e-05
32 11 -1.0209476512460710e-05
32 27 -8.9561739223000987e-06
32 30 -1.1795698652148488e-05
32 32 5.1447735899743301e-05
33 14 -7.6707512242734438e-06
33 25 -9.4031337192312254e-06
33 28 -9.9927809596439114e-06
33 33 4.4114143008837565e-05
34 2 -9.3292368259880415e-06
34 14 -8.0137864319141695e-06
34 29 -9.1570778858174470e-06
34 34 4.4154918379722203e-05
35 6 -9.5784904798227372e-06
35 24 -1.1344662905983033e-05
35 35 5.1902171097872922e-05
35 65 -1.2447388212304796e-05
36 7 -8.4889183517812146e-06
36 19 -9.3148125225343817e-06
36 36 4.8371181716757122e-05
36 66 -1.1749938231165250e-05
37 37 6.5655153752158622e-05
37 41 -1.4110297315226831e-05
37 54 -8.2152997204858536e-06
38 38 4.8509459582360076e-05
38 42 -1.0419150695439708e-05
38 53 -6.4948023868260842e-06
39 39 5.0511232644309366e-05
39 40 -1.0413330411703453e-05
39 55 -6.7878673286186389e-06
40 39 -1.0413330411703453e-05
40 40 4.8479360067834172e-05
40 58 -6.4896287200081159e-06
41 37 -1.4110297315226831e-05
41 41 6.6261298313383213e-05
41 57 -8.7633582873390358e-06
42 38 -1.0419150695439708e-05
42 42 5.0585046785189781e-05
42 56 -6.8381965558990614e-06
43 43 5.5630592020576816e-05
43 44 -1.1217651937058552e-05
43 59 -7.0227102898214391e-06
44 43 -1.1217651937058552e-05
44 44 5.5301188368010173e-05
44 52 -6.6931842234777602e-06
45 1 -9.5012394968717357e-06
45 45 4.9543742728449933e-05
45 51 -1.1224565890754213e-05
45 64 -8.9631243941575185e-06
46 9 -1.1214784256822347e-05
46 21 -1.0561609888083402e-05
46 46 4.6275811417638246e-05
46 66 -7.6216063976811401e-06
47 8 -8.3521495059865744e-06
47 15 -1.2030438006810251e-05
47 47 5.0512113940629948e-05
47 50 -1.1898405859166362e-05
48 9 -7.6838327227438321e-06
48 15 -1.2130462856211706e-05
48 48 5.0311906846774079e-05
48 51 -1.1672560300356805e-05
49 8 -1.1901306487470834e-05
49 31 -1.2302158925915961e-05
49 49 5.1241130957112775e-05
49 65 -9.2652205315013705e-06
50 47 -1.1898405859166362e-05
50 50 5.1753688799512426e-05
50 64 -1.3301789317669768e-05
50 65 -8.7540328676448812e-06
51 45 -1.1224565890754213e-05
51 48 -1.1672560300356805e-05
51 51 4.8795768900906232e-05
51 66 -8.0582454216133244e-06
52 29 -1.1179121895633711e-05
52 44 -6.6931842234777602e-06
52 52 4.2724787612209725e-05
52 60 -9.0309122089180182e-06
53 27 -1.0792977774255677e-05
53 38 -6.4948023868260842e-06
53 53 4.1824568758048442e-05
53 61 -9.5231695654249744e-06
54 26 -1.4050579189211998e-05
54 37 -8.2152997204858536e-06
54 54 5.1539848475639922e-05
54 62 -1.1469701036663264e-05
55 28 -1.2087979330643432e-05
55 39 -6.7878673286186389e-06
55 55 4.4784420347361299e-05
55 63 -9.9585983886580280e-06
56 16 -1.2037479082380192e-05
56 42 -6.8381965558990614e-06
56 56 4.3858194081101558e-05
56 61 -9.5705995871957940e-06
57 17 -1.2366942905233628e-05
57 41 -8.7633582873390358e-06
57 57 4.6669640061783898e-05
57 62 -9.9474154927781697e-06
58 18 -1.1161327434736208e-05
58 40 -6.4896287200081159e-06
58 58 4.1646166580460940e-05
58 63 -9.1318022464595605e-06
59 22 -1.0427508080628814e-05
59 43 -7.0227102898214391e-06
59 59 3.9298414470591022e-05
59 60 -7.7032443744968251e-06
60 7 -1.0361288333629357e-05
60 52 -9.0309122089180182e-06
60 59 -7.7032443744968251e-06
60 60 4.2370744515714137e-05
61 5 -1.1143417976879150e-05
61 53 -9.5231695654249744e-06
61 56 -9.5705995871957940e-06
61 61 4.5856745289153474e-05
62 3 -1.1901418699664166e-05
62 54 -1.1469701036663264e-05
62 57 -9.9474154927781697e-06
62 62 4.9785502168129709e-05
63 6 -1.1087638694988867e-05
63 55 -9.9585983886580280e-06
63 58 -9.1318022464595605e-06
63 63 4.5362265874601879e-05
64 4 -8.3286337114483449e-06
64 45 -8.9631243941575185e-06
64 50 -1.3301789317669768e-05
64 64 4.8335831142805435e-05
65 35 -1.2447388212304796e-05
65 49 -9.2652205315013705e-06
65 50 -8.7540328676448812e-06
65 65 4.5429690544746041e-05
66 36 -1.1749938231165250e-05
66 46 -7.6216063976811401e-06
66 51 -8.0582454216133244e-06
66 66 4.2062336048015476e-05
