%%MatrixMarket matrix coordinate real general
66 66 244
1 1 5.7302299770019505e-05
1 2 -1.3336870328536474e-05
1 7 -9.7398384674946497e-06
1 45 -9.4270315849173019e-06
2 1 -1.3336870328536474e-05
2 2 5.2519954477431353e-05
2 25 -8.2439772698644952e-06
2 34 -9.2885574239331225e-06
3 3 5.7059559585606229e-05
3 8 -1.4013290344337461e-05
3 20 -1.0373585838473224e-05
3 62 -1.1841812952759156e-05
4 4 5.1092119212004056e-05
4 6 -1.1582709530424113e-05
4 25 -1.1708026024184972e-05
4 64 -8.2250037752398914e-06
5 5 5.4326970845290792e-05
5 9 -1.2674999458942604e-05
5 30 -9.9608303961461082e-06
5 61 -1.0956236100436629e-05
6 4 -1.1582709530424113e-05
6 6 5.0521748130804675e-05
6 35 -9.4161682547953038e-06
6 63 -1.0882799077958526e-05
7 1 -9.7398384674946497e-06
7 7 4.8386380690554988e-05
7 36 -8.4360538142252946e-06
7 60 -1.0319141677906607e-05
8 3 -1.4013290344337461e-05
8 8 5.2467863271533587e-05
8 47 -8.3097889016656611e-06
8 49 -1.1778350884644565e-05
9 5 -1.2674999458942604e-05
9 9 4.9796780802798552e-05
9 46 -1.1094596278840623e-05
9 48 -7.5868767441423029e-06
10 10 5.5829246801699984e-05
10 19 -8.5259214421981935e-06
10 21 -9.1589425555280064e-06
11 11 5.5277510118367638e-05
11 23 -9.2393352238272829e-06
11 32 -9.5027650303578599e-06
12 12 5.4685196142277559e-05
12 24 -8.8799479109893335e-06
12 31 -9.5325612312723030e-06
13 13 5.1990198507165643e-05
13 15 -1.0804840070602630e-05
13 20 -1.0761842687913486e-05
13 30 -1.0326091759699535e-05
14 14 5.4137013040747830e-05
14 33 -7.5926795288180183e-06
14 34 -7.9481151764576800e-06
15 13 -1.0804840070602630e-05
15 15 5.7717961340987735e-05
15 47 -1.1906653042218574e-05
15 48 -1.2032835278502378e-05
16 16 5.9265004637812042e-05
16 21 -9.2790360591048449e-06
16 56 -1.1681724726312640e-05
17 17 6.0841811032772742e-05
17 23 -1.0009368701052694e-05
17 57 -1.1704672603873456e-05
18 18 5.3208361719172176e-05
18 24 -9.1069971226037021e-06
18 58 -1.0245121635107813e-05
19 10 -8.5259214421981935e-06
19 19 4.5847367199770316e-05
19 22 -9.2320235118738569e-06
19 36 -9.2533294776897119e-06
20 3 -1.0373585838473224e-05
20 13 -1.0761842687913486e-05
20 20 5.3123116153162812e-05
20 23 -1.1983210033765349e-05
21 10 -9.1589425555280064e-06
21 16 -9.2790360591048449e-06
21 21 4.9677572888330598e-05
21 46 -1.0394947625152848e-05
22 19 -9.2320235118738569e-06
22 22 5.8104882429619594e-05
22 59 -1.0405108684714905e-05
23 11 -9.2393352238272829e-06
23 17 -1.0009368701052694e-05
23 20 -1.1983210033765349e-05
23 23 5.2596798700362490e-05
24 12 -8.8799479109893335e-06
24 18 -9.1069971226037021e-06
24 24 4.9238687744300683e-05
24 35 -1.1209835665438998e-05
25 2 -8.2439772698644952e-06
25 4 -1.1708026024184972e-05
25 25 4.8402188331938798e-05
25 33 -9.2597217367557471e-06
26 26 6.3034538580565244e-05
26 31 -1.0407808072220332e-05
26 54 -1.3322531031261907e-05
27 27 5.2003716379182873e-05
27 32 -8.2671593117102072e-06
27 53 -9.9072824039416150e-06
28 28 5.9784878515190596e-05
28 33 -9.8762572261086907e-06
28 55 -1.1746829502559850e-05
29 29 5.8764646813679191e-05
29 34 -9.0907515022506784e-06
29 52 -1.1156678074655528e-05
30 5 -9.9608303961461082e-06
30 13 -1.0326091759699535e-05
30 30 5.1480511325470858e-05
30 32 -1.1662392946898721e-05
31 12 -9.5325612312723030e-06
31 26 -1.0407808072220332e-05
31 31 5.5052588895711262e-05
31 49 -1.2281748279227505e-05
32 11 -9.5027650303578599e-06
32 27 -8.2671593117102072e-06
32 30 -1.1662392946898721e-05
32 32 4.9662211227718571e-05
33 14 -7.5926795288180183e-06
33 25 -9.2597217367557471e-06
33 28 -9.8762572261086907e-06
33 33 4.3583103491122152e-05
34 2 -9.2885574239331225e-06
34 14 -7.9481151764576800e-06
34 29 -9.0907515022506784e-06
34 34 4.3828682160909826e-05
35 6 -9.4161682547953038e-06
35 24 -1.1209835665438998e-05
35 35 5.1121568227915012e-05
35 65 -1.2326184641756239e-05
36 7 -8.4360538142252946e-06
36 19 -9.2533294776897119e-06
36 36 4.8025532739129492e-05
36 66 -1.1644850338238163e-05
37 37 6.3280706667920162e-05
37 41 -1.3622471592877443e-05
37 54 -7.9601811355672185e-06
38 38 4.5348355150140904e-05
38 42 -9.6155288679118448e-06
38 53 -6.1009319883429500e-06
39 39 4.5202549703087484e-05
39 40 -9.6105670834671845e-06
39 55 -6.4461887871871378e-06
40 39 -9.6105670834671845e-06
40 40 4.5326341773054945e-05
40 58 -6.0976766440231084e-06
41 37 -1.3622471592877443e-05
41 41 6.3898595117089293e-05
41 57 -8.4946336482681486e-06
42 38 -9.6155288679118448e-06
42 42 4.5270247751657004e-05
42 56 -6.4844235985169912e-06
43 43 5.5578661656238007e-05
43 44 -1.1207795464839385e-05
43 59 -7.0095863250735216e-06
44 43 -1.1207795464839385e-05
44 44 5.5246989544857180e-05
44 52 -6.6814823352599310e-06
45 1 -9.4270315849173019e-06
45 45 4.9097283039157346e-05
45 51 -1.1133683820265271e-05
45 64 -8.8549240067823804e-06
46 9 -1.1094596278840623e-05
46 21 -1.0394947625152848e-05
46 46 4.5567506853999675e-05
46 66 -7.5030575980922164e-06
47 8 -8.3097889016656611e-06
47 15 -1.1906653042218574e-05
47 47 4.9989851613695970e-05
47 50 -1.1772198243883093e-05
48 9 -7.5868767441423029e-06
48 15 -1.2032835278502378e-05
48 48 4.9899799567148132e-05
48 51 -1.1527148716403216e-05
49 8 -1.1778350884644565e-05
49 31 -1.2281748279227505e-05
49 49 5.0758988126497920e-05
49 65 -9.1644324044453599e-06
50 47 -1.1772198243883093e-05
50 50 5.1221678368245437e-05
50 64 -1.3169888095992187e-05
50 65 -8.6766268733603291e-06
51 45 -1.1133683820265271e-05
51 48 -1.1527148716403216e-05
51 51 4.8330013434802959e-05
51 66 -7.9907334273848713e-06
52 29 -1.1156678074655528e-05
52 44 -6.6814823352599310e-06
52 52 4.2610326932942897e-05
52 60 -8.9848960388672368e-06
53 27 -9.9072824039416150e-06
53 38 -6.1009319883429500e-06
53 53 3.9370547439821255e-05
53 61 -9.1162794496674592e-06
54 26 -1.3322531031261907e-05
54 37 -7.9601811355672185e-06
54 54 5.0594067726413437e-05
54 62 -1.1476913802455840e-05
55 28 -1.1746829502559850e-05
55 39 -6.4461887871871378e-06
55 55 4.3295587137841091e-05
55 63 -9.6560475358060244e-06
56 16 -1.1681724726312640e-05
56 42 -6.4844235985169912e-06
56 56 4.2345818648378594e-05
56 61 -9.2936318631048588e-06
57 17 -1.1704672603873456e-05
57 41 -8.4946336482681486e-06
57 57 4.5782249975063472e-05
57 62 -9.9570589796297413e-06
58 18 -1.0245121635107813e-05
58 40 -6.0976766440231084e-06
58 58 3.9210882725778119e-05
58 63 -8.7470448127453380e-06
59 22 -1.0405108684714905e-05
59 43 -7.0095863250735216e-06
59 59 3.9190073754612392e-05
59 60 -7.6635441070146414e-06
60 7 -1.0319141677906607e-05
60 52 -8.9848960388672368e-06
60 59 -7.6635441070146414e-06
60 60 4.2148958417864674e-05
61 5 -1.0956236100436629e-05
61 53 -9.1162794496674592e-06
61 56 -9.2936318631048588e-06
61 61 4.4510509344038964e-05
62 3 -1.1841812952759156e-05
62 54 -1.1476913802455840e-05
62 57 -9.9570589796297413e-06
62 62 4.9647590160619356e-05
63 6 -1.0882799077958526e-05
63 55 -9.6560475358060244e-06
63 58 -8.7470448127453380e-06
63 63 4.3971433487450433e-05
64 4 -8.2250037752398914e-06
64 45 -8.8549240067823804e-06
64 50 -1.3169888095992187e-05
64 64 4.7741353396990656e-05
65 35 -1.2326184641756239e-05
65 49 -9.1644324044453599e-06
65 50 -8.6766268733603291e-06
65 65 4.5133085953184074e-05
66 36 -1.1644850338238163e-05
66 46 -7.5030575980922164e-06
66 51 -7.9907334273848713e-06
66 66 4.1623886195766636e-05
