%%MatrixMarket matrix coordinate real general
66 66 244
1 1 5.8098011391371474e-05
1 2 -1.3508873568984479e-05
1 7 -9.8664603839307582e-06
1 45 -9.5554120235794283e-06
2 1 -1.3508873568984479e-05
2 2 5.3127326663001141e-05
2 25 -8.4459855906788195e-06
2 34 -9.3593269603561688e-06
3 3 5.7627796321436982e-05
3 8 -1.4144192557431690e-05
3 20 -1.0476454681585857e-05
3 62 -1.1937547762514206e-05
4 4 5.2237017582559332e-05
4 6 -1.1910188675816703e-05
4 25 -1.1942641100314387e-05
4 64 -8.4017772084783035e-06
5 5 5.5876748702475185e-05
5 9 -1.3002478010637629e-05
5 30 -1.0225421228686164e-05
5 61 -1.1281088624871631e-05
6 4 -1.1910188675816703e-05
6 6 5.2116551956376824e-05
6 35 -9.6920981180710407e-06
6 63 -1.1238389683644985e-05
7 1 -9.8664603839307582e-06
7 7 4.8818373392821924e-05
7 36 -8.5263767035102646e-06
7 60 -1.0392088123936210e-05
8 3 -1.4144192557431690e-05
8 8 5.3039036575473896e-05
8 47 -8.3835946463285860e-06
8 49 -1.1980726414818985e-05
9 5 -1.3002478010637629e-05
9 9 5.0861101741878716e-05
9 46 -1.1303781246421818e-05
9 48 -7.7515505164863342e-06
10 10 5.6585879522140320e-05
10 19 -8.6155566754653724e-06
10 21 -9.3280208824110630e-06
11 11 6.4465652356746395e-05
11 23 -1.0585853590855226e-05
11 32 -1.0903778279010178e-05
12 12 6.3962233892829077e-05
12 24 -1.0219766954601866e-05
12 31 -1.0945880651219686e-05
13 13 5.2835986956478314e-05
13 15 -1.0968631086260995e-05
13 20 -1.0905728998638986e-05
13 30 -1.0497240521128018e-05
14 14 5.4960247241307074e-05
14 33 -7.7261330913447046e-06
14 34 -8.0590660266747031e-06
15 13 -1.0968631086260995e-05
15 15 5.8606818369676910e-05
15 47 -1.2115258553932331e-05
15 48 -1.2201925332107974e-05
16 16 6.1321483230677252e-05
16 21 -9.4741090308123812e-06
16 56 -1.2319095963978026e-05
17 17 6.7946064533789191e-05
17 23 -1.1025134208997301e-05
17 57 -1.2920604958817592e-05
18 18 6.4338842359120533e-05
18 24 -1.0804660113390938e-05
18 58 -1.2256188752556338e-05
19 10 -8.6155566754653724e-06
19 19 4.6333531836902302e-05
19 22 -9.3177540802736156e-06
19 36 -9.3583185169590383e-06
20 3 -1.0476454681585857e-05
20 13 -1.0905728998638986e-05
20 20 5.3699853479275076e-05
20 23 -1.2000953930359758e-05
21 10 -9.3280208824110630e-06
21 16 -9.4741090308123812e-06
21 21 5.0759133191108641e-05
21 46 -1.0680139383686646e-05
22 19 -9.3177540802736156e-06
22 22 5.8396575586705205e-05
22 59 -1.0442820179862641e-05
23 11 -1.0585853590855226e-05
23 17 -1.1025134208997301e-05
23 20 -1.2000953930359758e-05
23 23 5.4767778626582934e-05
24 12 -1.0219766954601866e-05
24 18 -1.0804660113390938e-05
24 24 5.2803036692608183e-05
24 35 -1.1394169999087865e-05
25 2 -8.4459855906788195e-06
25 4 -1.1942641100314387e-05
25 25 4.9662798087906824e-05
25 33 -9.5051303557184220e-06
26 26 7.0123837458808456e-05
26 31 -1.1427296004561324e-05
26 54 -1.4651362434878805e-05
27 27 6.3028519936626854e-05
27 32 -9.8204191793025316e-06
27 53 -1.1872681978351970e-05
28 28 6.1807233449526582e-05
28 33 -1.0073916012503332e-05
28 55 -1.2355884066024203e-05
29 29 5.9085020889056687e-05
29 34 -9.2030143962178026e-06
29 52 -1.1194572257310923e-05
30 5 -1.0225421228686164e-05
30 13 -1.0497240521128018e-05
30 30 5.2706896658186482e-05
30 32 -1.1844581417143335e-05
31 12 -1.0945880651219686e-05
31 26 -1.1427296004561324e-05
31 31 5.7544404264890691e-05
31 49 -1.2316578363911649e-05
32 11 -1.0903778279010178e-05
32 27 -9.8204191793025316e-06
32 30 -1.1844581417143335e-05
32 32 5.3129762220799389e-05
33 14 -7.7261330913447046e-06
33 25 -9.5051303557184220e-06
33 28 -1.0073916012503332e-05
33 33 4.4487236293119426e-05
34 2 -9.3593269603561688e-06
34 14 -8.0590660266747031e-06
34 29 -9.2030143962178026e-06
34 34 4.4382820313320292e-05
35 6 -9.6920981180710407e-06
35 24 -1.1394169999087865e-05
35 35 5.2215667922077680e-05
35 65 -1.2534140580645143e-05
36 7 -8.5263767035102646e-06
36 19 -9.3583185169590383e-06
36 36 4.8630302208624858e-05
36 66 -1.1824802588344728e-05
37 37 6.7365687289280897e-05
37 41 -1.4455796926019754e-05
37 54 -8.3980371682256962e-06
38 38 5.5344281368638957e-05
38 42 -1.1907398780796678e-05
38 53 -7.3189114531247784e-06
39 39 5.6403033221396366e-05
39 40 -1.1901392193272933e-05
39 55 -7.0564028951757491e-06
40 39 -1.1901392193272933e-05
40 40 5.5311235238031656e-05
40 58 -7.3123500703067318e-06
41 37 -1.4455796926019754e-05
41 41 6.7950276243372901e-05
41 57 -8.9547723639315694e-06
42 38 -1.1907398780796678e-05
42 42 5.6483908508993657e-05
42 56 -7.1181677947045296e-06
43 43 5.5665916913205786e-05
43 44 -1.1224284759158356e-05
43 59 -7.0318029101812794e-06
44 43 -1.1224284759158356e-05
44 44 5.5338055398859780e-05
44 52 -6.7013816832721403e-06
45 1 -9.5554120235794283e-06
45 45 4.9862875621928275e-05
45 51 -1.1290921862724198e-05
45 64 -9.0396522435385890e-06
46 9 -1.1303781246421818e-05
46 21 -1.0680139383686646e-05
46 46 4.6786584067201514e-05
46 66 -7.7059522926733011e-06
47 8 -8.3835946463285860e-06
47 15 -1.2115258553932331e-05
47 47 5.0876276767396319e-05
47 50 -1.1984618081553380e-05
48 9 -7.7515505164863342e-06
48 15 -1.2201925332107974e-05
48 48 5.0752835386540750e-05
48 51 -1.1774206069332587e-05
49 8 -1.1980726414818985e-05
49 31 -1.2316578363911649e-05
49 49 5.1379230451454412e-05
49 65 -9.3301208940805575e-06
50 47 -1.1984618081553380e-05
50 50 5.2133663325907328e-05
50 64 -1.3396324760804007e-05
50 65 -8.8104835491991443e-06
51 45 -1.1290921862724198e-05
51 48 -1.1774206069332587e-05
51 51 4.9132401996317896e-05
51 66 -8.1073825080590900e-06
52 29 -1.1194572257310923e-05
52 44 -6.7013816832721403e-06
52 52 4.2805106823163136e-05
52 60 -9.0628507791589021e-06
53 27 -1.1872681978351970e-05
53 38 -7.3189114531247784e-06
53 53 4.4196627157261774e-05
53 61 -9.6939983450300537e-06
54 26 -1.4651362434878805e-05
54 37 -8.3980371682256962e-06
54 54 5.2263016337077122e-05
54 62 -1.1472566575370312e-05
55 28 -1.2355884066024203e-05
55 39 -7.0564028951757491e-06
55 55 4.5776708610385718e-05
55 63 -1.0196997388732875e-05
56 16 -1.2319095963978026e-05
56 42 -7.1181677947045296e-06
56 56 4.5054781359095873e-05
56 61 -9.7888031016525613e-06
57 17 -1.2920604958817592e-05
57 41 -8.9547723639315694e-06
57 57 4.7411530149731939e-05
57 62 -9.9479540172809149e-06
58 18 -1.2256188752556338e-05
58 40 -7.3123500703067318e-06
58 58 4.4013288292701418e-05
58 63 -9.2940969919955554e-06
59 22 -1.0442820179862641e-05
59 43 -7.0318029101812794e-06
59 59 3.9374314267472410e-05
59 60 -7.7307848933023746e-06
60 7 -1.0392088123936210e-05
60 52 -9.0628507791589021e-06
60 59 -7.7307848933023746e-06
60 60 4.2525404249093188e-05
61 5 -1.1281088624871631e-05
61 53 -9.6939983450300537e-06
61 56 -9.7888031016525613e-06
61 61 4.6775947191585472e-05
62 3 -1.1937547762514206e-05
62 54 -1.1472566575370312e-05
62 57 -9.9479540172809149e-06
62 62 4.9888368059474663e-05
63 6 -1.1238389683644985e-05
63 55 -1.0196997388732875e-05
63 58 -9.2940969919955554e-06
63 63 4.6320697723685486e-05
64 4 -8.4017772084783035e-06
64 45 -9.0396522435385890e-06
64 50 -1.3396324760804007e-05
64 64 4.8763538764196234e-05
65 35 -1.2534140580645143e-05
65 49 -9.3301208940805575e-06
65 50 -8.8104835491991443e-06
65 65 4.5751283200183339e-05
66 36 -1.1824802588344728e-05
66 46 -7.7059522926733011e-06
66 51 -8.1073825080590900e-06
66 66 4.2381791344363776e-05
