%%MatrixMarket matrix coordinate real general
66 66 244
1 1 2.4602410388023321e-04
1 2 -1.2470506336432385e-07
1 7 -9.1022365180281070e-08
1 45 -8.4725138467845384e-08
2 1 -1.2470506336432385e-07
2 2 2.1307755801392705e-04
2 25 -7.7359099988233961e-08
2 34 -8.7184148884089728e-08
3 3 1.9472140784223909e-04
3 8 -1.1131174785214620e-07
3 20 -8.2504758059768040e-08
3 62 -9.2046386768948182e-08
4 4 1.9108463033191825e-04
4 6 -1.0136919688687232e-07
4 25 -1.0450041591894148e-07
4 64 -7.2444042331028063e-08
5 5 2.0419627102564699e-04
5 9 -1.1019460178010212e-07
5 30 -8.2999036388423329e-08
5 61 -9.5789450494071383e-08
6 4 -1.0136919688687232e-07
6 6 1.8312911059918839e-04
6 35 -7.8930120672157521e-08
6 63 -9.5885061581442561e-08
7 1 -9.1022365180281070e-08
7 7 1.9573088994882641e-04
7 36 -8.0071918306342645e-08
7 60 -9.7928942737878291e-08
8 3 -1.1131174785214620e-07
8 8 1.7162197500363599e-04
8 47 -6.6759822163034572e-08
8 49 -9.5263036688636988e-08
9 5 -1.1019460178010212e-07
9 9 1.8042567642947817e-04
9 46 -9.8278091643961974e-08
9 48 -6.6735143397438047e-08
10 10 1.9601903199449646e-04
10 19 -8.3482637580814317e-08
10 21 -8.8196298738116250e-08
11 11 2.0503621038730374e-04
11 23 -8.4279643684753901e-08
11 32 -8.6665280527364035e-08
12 12 2.0489383025282061e-04
12 24 -8.1436668803858040e-08
12 31 -8.7384901715172294e-08
13 13 1.9139752064860395e-04
13 15 -8.8842704496493691e-08
13 20 -8.6003044072322605e-08
13 30 -8.5209762383631747e-08
14 14 1.5759141378917244e-04
14 33 -7.3402409338783995e-08
14 34 -7.8018733677609473e-08
15 13 -8.8842704496493691e-08
15 15 2.1918676117914203e-04
15 47 -9.9957269330496529e-08
15 48 -1.0135229591567344e-07
16 16 2.2090936402920130e-04
16 21 -8.9746423780320805e-08
16 56 -1.1284412639058976e-07
17 17 2.0836548313270256e-04
17 23 -8.5612064040039571e-08
17 57 -1.0028568758081766e-07
18 18 2.1319671174660590e-04
18 24 -8.9298708187777090e-08
18 58 -1.0108874447016509e-07
19 10 -8.3482637580814317e-08
19 19 1.8912163767406247e-04
19 22 -9.0203420370251447e-08
19 36 -8.7737160415839825e-08
20 3 -8.2504758059768040e-08
20 13 -8.6003044072322605e-08
20 20 1.8998842397882816e-04
20 23 -9.2318838061452296e-08
21 10 -8.8196298738116250e-08
21 16 -8.9746423780320805e-08
21 21 2.0866118665745193e-04
21 46 -9.6931281218900283e-08
22 19 -9.0203420370251447e-08
22 22 2.0171718124678827e-04
22 59 -1.0291004347332304e-07
23 11 -8.4279643684753901e-08
23 17 -8.5612064040039571e-08
23 20 -9.2318838061452296e-08
23 23 1.9863541538949855e-04
24 12 -8.1436668803858040e-08
24 18 -8.9298708187777090e-08
24 24 1.9189449775652712e-04
24 35 -8.9135113092651332e-08
25 2 -7.7359099988233961e-08
25 4 -1.0450041591894148e-07
25 25 1.9183105979101269e-04
25 33 -8.7005474716029776e-08
26 26 2.3620599969661715e-04
26 31 -8.8841172813079866e-08
26 54 -1.1392677950279304e-07
27 27 2.0006809234992840e-04
27 32 -8.1207265697172479e-08
27 53 -9.7955551172533987e-08
28 28 2.1862311514317747e-04
28 33 -9.5901952804284629e-08
28 55 -1.1324505539775150e-07
29 29 2.0866194207724327e-04
29 34 -8.9026153727653995e-08
29 52 -1.1016408504940300e-07
30 5 -8.2999036388423329e-08
30 13 -8.5209762383631747e-08
30 30 1.9128832796765468e-04
30 32 -9.2516073206900760e-08
31 12 -8.7384901715172294e-08
31 26 -8.8841172813079866e-08
31 31 2.1435849510524345e-04
31 49 -9.5014101090279897e-08
32 11 -8.6665280527364035e-08
32 27 -8.1207265697172479e-08
32 30 -9.2516073206900760e-08
32 32 1.9352958029260101e-04
33 14 -7.3402409338783995e-08
33 25 -8.7005474716029776e-08
33 28 -9.5901952804284629e-08
33 33 1.6938493192581158e-04
34 2 -8.7184148884089728e-08
34 14 -7.8018733677609473e-08
34 29 -8.9026153727653995e-08
34 34 1.7627853570722311e-04
35 6 -7.8930120672157521e-08
35 24 -8.9135113092651332e-08
35 35 1.7730799546553918e-04
35 65 -1.0213515884961419e-07
36 7 -8.0071918306342645e-08
36 19 -8.7737160415839825e-08
36 36 1.8622483854741740e-04
36 66 -1.0787395071096159e-07
37 37 1.8772262454596502e-04
37 41 -1.0873805053425960e-07
37 54 -6.3661211339835192e-08
38 38 1.8421775942514430e-04
38 42 -1.1040982364154719e-07
38 53 -6.8047253416028152e-08
39 39 1.7789012362411175e-04
39 40 -1.1041169528479049e-07
39 55 -6.5242042430333729e-08
40 39 -1.1041169528479049e-07
40 40 1.8416976226865093e-04
40 58 -6.8020545149624970e-08
41 37 -1.0873805053425960e-07
41 41 1.8775913677104747e-04
41 57 -6.7772036017424465e-08
42 38 -1.1040982364154719e-07
42 42 1.7789636503331280e-04
42 56 -6.5777681286435615e-08
43 43 1.7422547566748901e-04
43 44 -1.1209087212790415e-07
43 59 -6.9251209010384286e-08
44 43 -1.1209087212790415e-07
44 44 1.7422212308401713e-04
44 52 -6.5904003984387390e-08
45 1 -8.4725138467845384e-08
45 45 1.9159414732255358e-04
45 51 -9.9826326552977547e-08
45 64 -7.7835051713869781e-08
46 9 -9.8278091643961974e-08
46 21 -9.6931281218900283e-08
46 46 1.6647365376758709e-04
46 66 -7.0136810724739006e-08
47 8 -6.6759822163034572e-08
47 15 -9.9957269330496529e-08
47 47 1.7305830514254011e-04
47 50 -9.8856763983593594e-08
48 9 -6.6735143397438047e-08
48 15 -1.0135229591567344e-07
48 48 1.8200369659647438e-04
48 51 -1.0123749881825184e-07
49 8 -9.5263036688636988e-08
49 31 -9.5014101090279897e-08
49 49 1.6722612442407930e-04
49 65 -7.4061670688621030e-08
50 47 -9.8856763983593594e-08
50 50 1.6973201520770109e-04
50 64 -1.1185067189303204e-07
50 65 -7.1625610886904916e-08
51 45 -9.9826326552977547e-08
51 48 -1.0123749881825184e-07
51 51 1.7317185387422714e-04
51 66 -7.1546066650185229e-08
52 29 -1.1016408504940300e-07
52 44 -6.5904003984387390e-08
52 52 1.5804614902762594e-04
52 60 -8.7762442447583410e-08
53 27 -9.7955551172533987e-08
53 38 -6.8047253416028152e-08
53 53 1.4740790214514299e-04
53 61 -7.8078811572878832e-08
54 26 -1.1392677950279304e-07
54 37 -6.3661211339835192e-08
54 54 1.6712911688966374e-04
54 62 -8.7264522550365329e-08
55 28 -1.1324505539775150e-07
55 39 -6.5242042430333729e-08
55 55 1.6074734058169450e-04
55 63 -8.7692891764800108e-08
56 16 -1.1284412639058976e-07
56 42 -6.5777681286435615e-08
56 56 1.5736478305687022e-04
56 61 -8.3805661309789983e-08
57 17 -1.0028568758081766e-07
57 41 -6.7772036017424465e-08
57 57 1.4765038532201357e-04
57 62 -7.5522622910366235e-08
58 18 -1.0108874447016509e-07
58 40 -6.8020545149624970e-08
58 58 1.4562867777206538e-04
58 63 -7.4905929409583804e-08
59 22 -1.0291004347332304e-07
59 43 -6.9251209010384286e-08
59 59 1.4152413372123533e-04
59 60 -7.4862974104574038e-08
60 7 -9.7928942737878291e-08
60 52 -8.7762442447583410e-08
60 59 -7.4862974104574038e-08
60 60 1.5250671883006774e-04
61 5 -9.5789450494071383e-08
61 53 -7.8078811572878832e-08
61 56 -8.3805661309789983e-08
61 61 1.5393279912447348e-04
62 3 -9.2046386768948182e-08
62 54 -8.7264522550365329e-08
62 57 -7.5522622910366235e-08
62 62 1.5462144049131903e-04
63 6 -9.5885061581442561e-08
63 55 -8.7692891764800108e-08
63 58 -7.4905929409583804e-08
63 63 1.5054670156698370e-04
64 4 -7.2444042331028063e-08
64 45 -7.7835051713869781e-08
64 50 -1.1185067189303204e-07
64 64 1.7004901785061058e-04
65 35 -1.0213515884961419e-07
65 49 -7.4061670688621030e-08
65 50 -7.1625610886904916e-08
65 65 1.4179818811784861e-04
66 36 -1.0787395071096159e-07
66 46 -7.0136810724739006e-08
66 51 -7.1546066650185229e-08
66 66 1.4252883920787230e-04
