%%MatrixMarket matrix coordinate real general
66 66 244
1 1 5.7374717561473575e-05
1 2 -1.3353569830513817e-05
1 7 -9.7521189350434129e-06
1 45 -9.4392270161772263e-06
2 1 -1.3353569830513817e-05
2 2 5.2576060955916183e-05
2 25 -8.2632778676149616e-06
2 34 -9.2953242044351266e-06
3 3 5.7115931775191710e-05
3 8 -1.4026079255704065e-05
3 20 -1.0383812552330696e-05
3 62 -1.1852393408125911e-05
4 4 5.1203628602071902e-05
4 6 -1.1613362726105012e-05
4 25 -1.1730185355845946e-05
4 64 -8.2421123615931472e-06
5 5 5.4472158751179279e-05
5 9 -1.2705729687246780e-05
5 30 -9.9861328328278321e-06
5 61 -1.0986546862483289e-05
6 4 -1.1613362726105012e-05
6 6 5.0668181842168368e-05
6 35 -9.4425500204732979e-06
6 63 -1.0915863488734901e-05
7 1 -9.7521189350434129e-06
7 7 4.8428070459245302e-05
7 36 -8.4448442427749058e-06
7 60 -1.0326142092278279e-05
8 3 -1.4026079255704065e-05
8 8 5.2522805398735520e-05
8 47 -8.3166533519640931e-06
8 49 -1.1799398757830687e-05
9 5 -1.2705729687246780e-05
9 9 4.9896049043987633e-05
9 46 -1.1114243783934887e-05
9 48 -7.6029526629331105e-06
10 10 5.5902460759182220e-05
10 19 -8.5348033547161207e-06
10 21 -9.1753651607387213e-06
11 11 5.5900041833381692e-05
11 23 -9.3320297671577089e-06
11 32 -9.6007665424204939e-06
12 12 5.5298210951950933e-05
12 24 -8.9724414504975235e-06
12 31 -9.6285603187539668e-06
13 13 5.2073949471157324e-05
13 15 -1.0820612012817135e-05
13 20 -1.0776697336067826e-05
13 30 -1.0342726446274200e-05
14 14 5.4220299322976919e-05
14 33 -7.6056727507833144e-06
14 34 -7.9590079345458608e-06
15 13 -1.0820612012817135e-05
15 15 5.7802708401592398e-05
15 47 -1.1927384316528957e-05
15 48 -1.2048832024535610e-05
16 16 5.9460701892421263e-05
16 21 -9.2982566151368579e-06
16 56 -1.1737598952669918e-05
17 17 6.1407464568925569e-05
17 23 -1.0091779836364542e-05
17 57 -1.1803026449933637e-05
18 18 5.3817645279337820e-05
18 24 -9.2027560262408120e-06
18 58 -1.0362466559675085e-05
19 10 -8.5348033547161207e-06
19 19 4.5895389198222146e-05
19 22 -9.2404851456766342e-06
19 36 -9.2635535313324738e-06
20 3 -1.0383812552330696e-05
20 13 -1.0776697336067826e-05
20 20 5.3185745550842044e-05
20 23 -1.1986354794705576e-05
21 10 -9.1753651607387213e-06
21 16 -9.2982566151368579e-06
21 21 4.9778255585916767e-05
21 46 -1.0422228472417407e-05
22 19 -9.2404851456766342e-06
22 22 5.8134463572406735e-05
22 59 -1.0408889153258705e-05
23 11 -9.3320297671577089e-06
23 17 -1.0091779836364542e-05
23 20 -1.1986354794705576e-05
23 23 5.2777856056393530e-05
24 12 -8.9724414504975235e-06
24 18 -9.2027560262408120e-06
24 24 4.9520013045116149e-05
24 35 -1.1240457306152314e-05
25 2 -8.2632778676149616e-06
25 4 -1.1730185355845946e-05
25 25 4.8523871767240640e-05
25 33 -9.2832323893454827e-06
26 26 6.3595340726553502e-05
26 31 -1.0491614737919265e-05
26 54 -1.3431358292538153e-05
27 27 5.2596994656275817e-05
27 32 -8.3527239163881067e-06
27 53 -1.0019759107456271e-05
28 28 5.9977779925855505e-05
28 33 -9.8957742814069879e-06
28 55 -1.1800873208920296e-05
29 29 5.8797127212399170e-05
29 34 -9.1017461821755997e-06
29 52 -1.1160468127317151e-05
30 5 -9.9861328328278321e-06
30 13 -1.0342726446274200e-05
30 30 5.1611381104492918e-05
30 32 -1.1692784228508177e-05
31 12 -9.6285603187539668e-06
31 26 -1.0491614737919265e-05
31 31 5.5244527375211523e-05
31 49 -1.2287061653020955e-05
32 11 -9.6007665424204939e-06
32 27 -8.3527239163881067e-06
32 30 -1.1692784228508177e-05
32 32 4.9936097211843323e-05
33 14 -7.6056727507833144e-06
33 25 -9.2832323893454827e-06
33 28 -9.8957742814069879e-06
33 33 4.3671451640507419e-05
34 2 -9.2953242044351266e-06
34 14 -7.9590079345458608e-06
34 29 -9.1017461821755997e-06
34 34 4.3880781971655790e-05
35 6 -9.4425500204732979e-06
35 24 -1.1240457306152314e-05
35 35 5.1259420366562873e-05
35 65 -1.2345978963420097e-05
36 7 -8.4448442427749058e-06
36 19 -9.2635535313324738e-06
36 36 4.8084477181179020e-05
36 66 -1.1662270540543208e-05
37 37 6.3649326890873270e-05
37 41 -1.3700732074594089e-05
37 54 -8.0009008710342949e-06
38 38 4.5647025964217686e-05
38 42 -9.6981693999913972e-06
38 53 -6.1401831250700324e-06
39 39 4.5848300238079379e-05
39 40 -9.6931036890674473e-06
39 55 -6.4961360112563747e-06
40 39 -9.6931036890674473e-06
40 40 4.5624011383718718e-05
40 58 -6.1366607382329897e-06
41 37 -1.3700732074594089e-05
41 41 6.4270009581417751e-05
41 57 -8.5376534759975739e-06
42 38 -9.6981693999913972e-06
42 42 4.5916377461081257e-05
42 56 -6.5359046450858944e-06
43 43 5.5587420421659890e-05
43 44 -1.1209458553682559e-05
43 59 -7.0117971386906655e-06
44 43 -1.1209458553682559e-05
44 44 5.5256125193006848e-05
44 52 -6.6834512022332554e-06
45 1 -9.4392270161772263e-06
45 45 4.9172568996613738e-05
45 51 -1.1148635578494246e-05
45 64 -8.8727874854995904e-06
46 9 -1.1114243783934887e-05
46 21 -1.0422228472417407e-05
46 46 4.5683409388119057e-05
46 66 -7.5224603854262712e-06
47 8 -8.3166533519640931e-06
47 15 -1.1927384316528957e-05
47 47 5.0077379789614215e-05
47 50 -1.1793355907247267e-05
48 9 -7.6029526629331105e-06
48 15 -1.2048832024535610e-05
48 48 5.0003930656373935e-05
48 51 -1.1551265557933143e-05
49 8 -1.1799398757830687e-05
49 31 -1.2287061653020955e-05
49 49 5.0846067135582298e-05
49 65 -9.1816826970619892e-06
50 47 -1.1793355907247267e-05
50 50 5.1309616409200693e-05
50 64 -1.3191588426175815e-05
50 65 -8.6892457734466308e-06
51 45 -1.1148635578494246e-05
51 48 -1.1551265557933143e-05
51 51 4.8408927077270130e-05
51 66 -8.0018513562316742e-06
52 29 -1.1160468127317151e-05
52 44 -6.6834512022332554e-06
52 52 4.2629181329638128e-05
52 60 -8.9925671224069223e-06
53 27 -1.0019759107456271e-05
53 38 -6.1401831250700324e-06
53 53 3.9754392378666619e-05
53 61 -9.1967530341717532e-06
54 26 -1.3431358292538153e-05
54 37 -8.0009008710342949e-06
54 54 5.0735930927313475e-05
54 62 -1.1475184538923428e-05
55 28 -1.1800873208920296e-05
55 39 -6.4961360112563747e-06
55 55 4.3523849891735056e-05
55 63 -9.7029068579103407e-06
56 16 -1.1737598952669918e-05
56 42 -6.5359046450858944e-06
56 56 4.2574100550475948e-05
56 61 -9.3366426374927776e-06
57 17 -1.1803026449933637e-05
57 41 -8.5376534759975739e-06
57 57 4.5914102524178113e-05
57 62 -9.9549942788276954e-06
58 18 -1.0362466559675085e-05
58 40 -6.1366607382329897e-06
58 58 3.9590328423896198e-05
58 63 -8.8233913749011274e-06
59 22 -1.0408889153258705e-05
59 43 -7.0117971386906655e-06
59 59 3.9207984490091099e-05
59 60 -7.6701624673052387e-06
60 7 -1.0326142092278279e-05
60 52 -8.9925671224069223e-06
60 59 -7.6701624673052387e-06
60 60 4.2185934051302324e-05
61 5 -1.0986546862483289e-05
61 53 -9.1967530341717532e-06
61 56 -9.3366426374927776e-06
61 61 4.4733845066117018e-05
62 3 -1.1852393408125911e-05
62 54 -1.1475184538923428e-05
62 57 -9.9549942788276954e-06
62 62 4.9672651582555091e-05
63 6 -1.0915863488734901e-05
63 55 -9.7029068579103407e-06
63 58 -8.8233913749011274e-06
63 63 4.4207684506718606e-05
64 4 -8.2421123615931472e-06
64 45 -8.8727874854995904e-06
64 50 -1.3191588426175815e-05
64 64 4.7839370679584860e-05
65 35 -1.2345978963420097e-05
65 49 -9.1816826970619892e-06
65 50 -8.6892457734466308e-06
65 65 4.5207723285387396e-05
66 36 -1.1662270540543208e-05
66 46 -7.5224603854262712e-06
66 51 -8.0018513562316742e-06
66 66 4.1699703812556814e-05
