%%MatrixMarket matrix coordinate real general
66 66 244
1 1 2.4602726646783977e-04
1 2 -1.2470470875083240e-07
1 7 -9.1022186703996762e-08
1 45 -8.4725085983582126e-08
2 1 -1.2470470875083240e-07
2 2 2.1308807952162502e-04
2 25 -7.7358822220678011e-08
2 34 -8.7183268479989722e-08
3 3 1.9433053533498927e-04
3 8 -1.1132795478279809e-07
3 20 -8.2526005135250170e-08
3 62 -9.2086554099847985e-08
4 4 1.9104935457560113e-04
4 6 -1.0137606309559836e-07
4 25 -1.0450122624570163e-07
4 64 -7.2444852063843921e-08
5 5 2.0394270332426551e-04
5 9 -1.1020250368479189e-07
5 30 -8.3017137006142235e-08
5 61 -9.5811962503397113e-08
6 4 -1.0137606309559836e-07
6 6 1.8289594002243134e-04
6 35 -7.8947437882400261e-08
6 63 -9.5907500675999830e-08
7 1 -9.1022186703996762e-08
7 7 1.9573687499278568e-04
7 36 -8.0071619540186009e-08
7 60 -9.7928309941141191e-08
8 3 -1.1132795478279809e-07
8 8 1.7145302251460405e-04
8 47 -6.6763390540118366e-08
8 49 -9.5282173278212522e-08
9 5 -1.1020250368479189e-07
9 9 1.8038873798320836e-04
9 46 -9.8279038753239793e-08
9 48 -6.6735903079171642e-08
10 10 1.9605171178143629e-04
10 19 -8.3481297479592302e-08
10 21 -8.8195164687231132e-08
11 11 2.0532892832132073e-04
11 23 -8.4399879688458029e-08
11 32 -8.6790310582893873e-08
12 12 2.0522162839780821e-04
12 24 -8.1552523590526680e-08
12 31 -8.7503990596614318e-08
13 13 1.9118221384526233e-04
13 15 -8.8847798073375511e-08
13 20 -8.6021603018684412e-08
13 30 -8.5228178110286943e-08
14 14 1.5761449106256774e-04
14 33 -7.3401500666911865e-08
14 34 -7.8017515060735470e-08
15 13 -8.8847798073375511e-08
15 15 2.1915527127576570e-04
15 47 -9.9958606687388097e-08
15 48 -1.0135319910920891e-07
16 16 2.2086161120920506e-04
16 21 -8.9746944250097474e-08
16 56 -1.1285450298394659e-07
17 17 2.0854220272736252e-04
17 23 -8.5736700214284545e-08
17 57 -1.0045225428808992e-07
18 18 2.1116263078888335e-04
18 24 -8.9427640905645777e-08
18 58 -1.0124354486415919e-07
19 10 -8.3481297479592302e-08
19 19 1.8915379472157464e-04
19 22 -9.0201893068879540e-08
19 36 -8.7736244224931793e-08
20 3 -8.2526005135250170e-08
20 13 -8.6021603018684412e-08
20 20 1.8934040720385589e-04
20 23 -9.2388515488101103e-08
21 10 -8.8195164687231132e-08
21 16 -8.9746944250097474e-08
21 21 2.0868307187333756e-04
21 46 -9.6930689910984087e-08
22 19 -9.0201893068879540e-08
22 22 2.0175441628183407e-04
22 59 -1.0290808753271608e-07
23 11 -8.4399879688458029e-08
23 17 -8.5736700214284545e-08
23 20 -9.2388515488101103e-08
23 23 1.9891326964679347e-04
24 12 -8.1552523590526680e-08
24 18 -8.9427640905645777e-08
24 24 1.9215494856417709e-04
24 35 -8.9203186125499136e-08
25 2 -7.7358822220678011e-08
25 4 -1.0450122624570163e-07
25 25 1.9183564082852581e-04
25 33 -8.7004922744317337e-08
26 26 2.3387720427139809e-04
26 31 -8.8963382204366852e-08
26 54 -1.1410204460202781e-07
27 27 2.0034240562624486e-04
27 32 -8.1325700476213695e-08
27 53 -9.8107561231742804e-08
28 28 2.1857871199983017e-04
28 33 -9.5902544895072985e-08
28 55 -1.1325530727059589e-07
29 29 2.0870079379818769e-04
29 34 -8.9024598078388812e-08
29 52 -1.1016202968380385e-07
30 5 -8.3017137006142235e-08
30 13 -8.5228178110286943e-08
30 30 1.9063574190419233e-04
30 32 -9.2586442674593127e-08
31 12 -8.7503990596614318e-08
31 26 -8.8963382204366852e-08
31 31 2.1215800932180353e-04
31 49 -9.5084522962756621e-08
32 11 -8.6790310582893873e-08
32 27 -8.1325700476213695e-08
32 30 -9.2586442674593127e-08
32 32 1.9376944628024040e-04
33 14 -7.3401500666911865e-08
33 25 -8.7004922744317337e-08
33 28 -9.5902544895072985e-08
33 33 1.6940426416686352e-04
34 2 -8.7183268479989722e-08
34 14 -7.8017515060735470e-08
34 29 -8.9024598078388812e-08
34 34 1.7631022528687292e-04
35 6 -7.8947437882400261e-08
35 24 -8.9203186125499136e-08
35 35 1.7671090697487583e-04
35 65 -1.0215940429329114e-07
36 7 -8.0071619540186009e-08
36 19 -8.7736244224931793e-08
36 36 1.8623379663237427e-04
36 66 -1.0787359689804918e-07
37 37 1.8553747619146730e-04
37 41 -1.0896258569294254e-07
37 54 -6.3771497249522869e-08
38 38 1.8289320220028193e-04
38 42 -1.1052253524811441e-07
38 53 -6.8144324557870737e-08
39 39 1.7697999259040498e-04
39 40 -1.1052406921020534e-07
39 55 -6.5265470164990206e-08
40 39 -1.1052406921020534e-07
40 40 1.8285383357050756e-04
40 58 -6.8116596617723014e-08
41 37 -1.0896258569294254e-07
41 41 1.8554884492981801e-04
41 57 -6.7896757673366094e-08
42 38 -1.1052253524811441e-07
42 42 1.7698406537214179e-04
42 56 -6.5801581816066638e-08
43 43 1.7426402718828337e-04
43 44 -1.1208851352946883e-07
43 59 -6.9249750507431228e-08
44 43 -1.1208851352946883e-07
44 44 1.7426043383336320e-04
44 52 -6.5902657767997591e-08
45 1 -8.4725085983582126e-08
45 45 1.9159380479696672e-04
45 51 -9.9826343249773456e-08
45 64 -7.7835208564112252e-08
46 9 -9.8279038753239793e-08
46 21 -9.6930689910984087e-08
46 46 1.6647597754426013e-04
46 66 -7.0136709728188088e-08
47 8 -6.6763390540118366e-08
47 15 -9.9958606687388097e-08
47 47 1.7303483840420543e-04
47 50 -9.8858233416588203e-08
48 9 -6.6735903079171642e-08
48 15 -1.0135319910920891e-07
48 48 1.8199755081429046e-04
48 51 -1.0123767514106212e-07
49 8 -9.5282173278212522e-08
49 31 -9.5084522962756621e-08
49 49 1.6667559157635265e-04
49 65 -7.4078680006439226e-08
50 47 -9.8858233416588203e-08
50 50 1.6970213506777579e-04
50 64 -1.1185184624536500e-07
50 65 -7.1630604615649600e-08
51 45 -9.9826343249773456e-08
51 48 -1.0123767514106212e-07
51 51 1.7317155872099670e-04
51 66 -7.1546021149953863e-08
52 29 -1.1016202968380385e-07
52 44 -6.5902657767997591e-08
52 52 1.5807902681680259e-04
52 60 -8.7761071166049090e-08
53 27 -9.8107561231742804e-08
53 38 -6.8144324557870737e-08
53 53 1.4741872895882203e-04
53 61 -7.8145045457634597e-08
54 26 -1.1410204460202781e-07
54 37 -6.3771497249522869e-08
54 54 1.6499662757683679e-04
54 62 -8.7360257187508069e-08
55 28 -1.1325530727059589e-07
55 39 -6.5265470164990206e-08
55 55 1.6043165748788295e-04
55 63 -8.7716906555587208e-08
56 16 -1.1285450298394659e-07
56 42 -6.5801581816066638e-08
56 56 1.5704735632703150e-04
56 61 -8.3829798498231965e-08
57 17 -1.0045225428808992e-07
57 41 -6.7896757673366094e-08
57 57 1.4738259259979930e-04
57 62 -7.5609509537384627e-08
58 18 -1.0124354486415919e-07
58 40 -6.8116596617723014e-08
58 58 1.4566201624335845e-04
58 63 -7.4968448312651346e-08
59 22 -1.0290808753271608e-07
59 43 -6.9249750507431228e-08
59 59 1.4155530133361349e-04
59 60 -7.4861781518478765e-08
60 7 -9.7928309941141191e-08
60 52 -8.7761071166049090e-08
60 59 -7.4861781518478765e-08
60 60 1.5252440228665336e-04
61 5 -9.5811962503397113e-08
61 53 -7.8145045457634597e-08
61 56 -8.3829798498231965e-08
61 61 1.5526625289848046e-04
62 3 -9.2086554099847985e-08
62 54 -8.7360257187508069e-08
62 57 -7.5609509537384627e-08
62 62 1.5344837943504863e-04
63 6 -9.5907500675999830e-08
63 55 -8.7716906555587208e-08
63 58 -7.4968448312651346e-08
63 63 1.5187702682309986e-04
64 4 -7.2444852063843921e-08
64 45 -7.7835208564112252e-08
64 50 -1.1185184624536500e-07
64 64 1.7004182089428566e-04
65 35 -1.0215940429329114e-07
65 49 -7.4078680006439226e-08
65 50 -7.1630604615649600e-08
65 65 1.4160199117023802e-04
66 36 -1.0787359689804918e-07
66 46 -7.0136709728188088e-08
66 51 -7.1546021149953863e-08
66 66 1.4253117816405059e-04
