%%MatrixMarket matrix coordinate real general
66 66 244
1 1 5.8038107250005801e-05
1 2 -1.3495912890441202e-05
1 7 -9.8569127335026344e-06
1 45 -9.5454627685522375e-06
2 1 -1.3495912890441202e-05
2 2 5.3080975388202512e-05
2 25 -8.4308291589478281e-06
2 34 -9.3536574762372465e-06
3 3 5.7587435733421529e-05
3 8 -1.4134625767998807e-05
3 20 -1.0469063544881531e-05
3 62 -1.1931418091064378e-05
4 4 5.2146945669571579e-05
4 6 -1.1884829695165713e-05
4 25 -1.1924304057297764e-05
4 64 -8.3886665025550002e-06
5 5 5.5756956902124195e-05
5 9 -1.2977068584000302e-05
5 30 -1.0206115921639595e-05
5 61 -1.1256133980806208e-05
6 4 -1.1884829695165713e-05
6 6 5.1993902228628080e-05
6 35 -9.6720529130946702e-06
6 63 -1.1211117994183580e-05
7 1 -9.8569127335026344e-06
7 7 4.8785082153458408e-05
7 36 -8.5195649200350819e-06
7 60 -1.0386373267401529e-05
8 3 -1.4134625767998807e-05
8 8 5.2996083456449791e-05
8 47 -8.3778329924059396e-06
8 49 -1.1966969546917993e-05
9 5 -1.2977068584000302e-05
9 9 5.0777673010677223e-05
9 46 -1.1287294223765515e-05
9 48 -7.7394609969714347e-06
10 10 5.6530063398408359e-05
10 19 -8.6090667825029778e-06
10 21 -9.3153190482686814e-06
11 11 6.3542423232958549e-05
11 23 -1.0453142138731891e-05
11 32 -1.0766778622982214e-05
12 12 6.3015301227919824e-05
12 24 -1.0086966248587406e-05
12 31 -1.0804655652483069e-05
13 13 5.2774828636350325e-05
13 15 -1.0956378557748108e-05
13 20 -1.0895812971051863e-05
13 30 -1.0484683571479462e-05
14 14 5.4900261929552083e-05
14 33 -7.7160797896113739e-06
14 34 -8.0510480081622934e-06
15 13 -1.0956378557748108e-05
15 15 5.8537373195091311e-05
15 47 -1.2100197780120350e-05
15 48 -1.2188852841001949e-05
16 16 6.1162150375112585e-05
16 21 -9.4597329501690353e-06
16 56 -1.2266223094875219e-05
17 17 6.7336608599532241e-05
17 23 -1.0939667667245472e-05
17 57 -1.2818308476799050e-05
18 18 6.2977961470270713e-05
18 24 -1.0603052805491365e-05
18 58 -1.2021272187590520e-05
19 10 -8.6090667825029778e-06
19 19 4.6298014894008088e-05
19 22 -9.3114875378967450e-06
19 36 -9.3504221587923345e-06
20 3 -1.0469063544881531e-05
20 13 -1.0895812971051863e-05
20 20 5.3659235248951364e-05
20 23 -1.1998236879786419e-05
21 10 -9.3153190482686814e-06
21 16 -9.4597329501690353e-06
21 21 5.0678438072342085e-05
21 46 -1.0658863274028082e-05
22 19 -9.3114875378967450e-06
22 22 5.8375840444215100e-05
22 59 -1.0440078647612582e-05
23 11 -1.0453142138731891e-05
23 17 -1.0939667667245472e-05
23 20 -1.1998236879786419e-05
23 23 5.4543696981877713e-05
24 12 -1.0086966248587406e-05
24 18 -1.0603052805491365e-05
24 24 5.2445707943436075e-05
24 35 -1.1385307019777682e-05
25 2 -8.4308291589478281e-06
25 4 -1.1924304057297764e-05
25 25 4.9563375782277745e-05
25 33 -9.4868406979251549e-06
26 26 6.9523900291328702e-05
26 31 -1.1342596591452408e-05
26 54 -1.4540925992708145e-05
27 27 6.1666204315271152e-05
27 32 -9.6324639147869096e-06
27 53 -1.1639121644371574e-05
28 28 6.1650483473658699e-05
28 33 -1.0059318214128169e-05
28 55 -1.2305584213699573e-05
29 29 5.9062259822714570e-05
29 34 -9.1948506981353266e-06
29 52 -1.1191786250564455e-05
30 5 -1.0206115921639595e-05
30 13 -1.0484683571479462e-05
30 30 5.2619036930302768e-05
30 32 -1.1835778022751147e-05
31 12 -1.0804655652483069e-05
31 26 -1.1342596591452408e-05
31 31 5.7309193431003856e-05
31 49 -1.2312764739731459e-05
32 11 -1.0766778622982214e-05
32 27 -9.6324639147869096e-06
32 30 -1.1835778022751147e-05
32 32 5.2782302341216337e-05
33 14 -7.7160797896113739e-06
33 25 -9.4868406979251549e-06
33 28 -1.0059318214128169e-05
33 33 4.4420006587764681e-05
34 2 -9.3536574762372465e-06
34 14 -8.0510480081622934e-06
34 29 -9.1948506981353266e-06
34 34 4.4342169990917952e-05
35 6 -9.6720529130946702e-06
35 24 -1.1385307019777682e-05
35 35 5.2123406910887433e-05
35 65 -1.2518555464071587e-05
36 7 -8.5195649200350819e-06
36 19 -9.3504221587923345e-06
36 36 4.8584876381055055e-05
36 66 -1.1811212585893661e-05
37 37 6.7067448399844734e-05
37 41 -1.4395776882109344e-05
37 54 -8.3661464788975310e-06
38 38 5.3511638944881185e-05
38 42 -1.1526068638112217e-05
38 53 -7.0994340803077255e-06
39 39 5.5220640050413538e-05
39 40 -1.1519923270413672e-05
39 55 -7.0095670702778827e-06
40 39 -1.1519923270413672e-05
40 40 5.3478973612902646e-05
40 58 -7.0930590468496467e-06
41 37 -1.4395776882109344e-05
41 41 6.7657722410664769e-05
41 57 -8.9214437493181998e-06
42 38 -1.1526068638112217e-05
42 42 5.5300135972499836e-05
42 56 -7.0691948336554470e-06
43 43 5.5659632303661019e-05
43 44 -1.1223116077001968e-05
43 59 -7.0301594787767409e-06
44 43 -1.1223116077001968e-05
44 44 5.5331500757064682e-05
44 52 -6.6998872616763129e-06
45 1 -9.5454627685522375e-06
45 45 4.9805135028720249e-05
45 51 -1.1278745298552923e-05
45 64 -9.0259025925221165e-06
46 9 -1.1287294223765515e-05
46 21 -1.0658863274028082e-05
46 46 4.6691402859820635e-05
46 66 -7.6908080440106422e-06
47 8 -8.3778329924059396e-06
47 15 -1.2100197780120350e-05
47 47 5.0813018636844776e-05
47 50 -1.1969341327195327e-05
48 9 -7.7394609969714347e-06
48 15 -1.2188852841001949e-05
48 48 5.0674064151326398e-05
48 51 -1.1756036055443481e-05
49 8 -1.1966969546917993e-05
49 31 -1.2312764739731459e-05
49 49 5.1325954659300648e-05
49 65 -9.3189174907917788e-06
50 47 -1.1969341327195327e-05
50 50 5.2063389788401974e-05
50 64 -1.3379222914056021e-05
50 65 -8.8002353650113353e-06
51 45 -1.1278745298552923e-05
51 48 -1.1756036055443481e-05
51 51 4.9070235756448925e-05
51 66 -8.0983820170105758e-06
52 29 -1.1191786250564455e-05
52 44 -6.6998872616763129e-06
52 52 4.2790689104477164e-05
52 60 -9.0571608036056113e-06
53 27 -1.1639121644371574e-05
53 38 -7.0994340803077255e-06
53 53 4.3672641314716126e-05
53 61 -9.6671931585405361e-06
54 26 -1.4540925992708145e-05
54 37 -8.3661464788975310e-06
54 54 5.2178842483342923e-05
54 62 -1.1471399244141369e-05
55 28 -1.2305584213699573e-05
55 39 -7.0095670702778827e-06
55 55 4.5558010852710325e-05
55 63 -1.0153249810516857e-05
56 16 -1.2266223094875219e-05
56 42 -7.0691948336554470e-06
56 56 4.4836727534483371e-05
56 61 -9.7486884128197393e-06
57 17 -1.2818308476799050e-05
57 41 -8.9214437493181998e-06
57 57 4.7274551285474690e-05
57 62 -9.9472389086940261e-06
58 18 -1.2021272187590520e-05
58 40 -7.0930590468496467e-06
58 58 4.3489218799646610e-05
58 63 -9.2684221666676926e-06
59 22 -1.0440078647612582e-05
59 43 -7.0301594787767409e-06
59 59 3.9360752922572030e-05
59 60 -7.7258804017443831e-06
60 7 -1.0386373267401529e-05
60 52 -9.0571608036056113e-06
60 59 -7.7258804017443831e-06
60 60 4.2497673529181182e-05
61 5 -1.1256133980806208e-05
61 53 -9.6671931585405361e-06
61 56 -9.7486884128197393e-06
61 61 4.6608923650598820e-05
62 3 -1.1931418091064378e-05
62 54 -1.1471399244141369e-05
62 57 -9.9472389086940261e-06
62 62 4.9869317061080610e-05
63 6 -1.1211117994183580e-05
63 55 -1.0153249810516857e-05
63 58 -9.2684221666676926e-06
63 63 4.6146270297684505e-05
64 4 -8.3886665025550002e-06
64 45 -9.0259025925221165e-06
64 50 -1.3379222914056021e-05
64 64 4.8686174734871457e-05
65 35 -1.2518555464071587e-05
65 49 -9.3189174907917788e-06
65 50 -8.8002353650113353e-06
65 65 4.5694537159706824e-05
66 36 -1.1811212585893661e-05
66 46 -7.6908080440106422e-06
66 51 -8.0983820170105758e-06
66 66 4.2325308995280547e-05
