%%MatrixMarket matrix coordinate real general
66 66 244
1 1 5.7403965042548056e-05
1 2 -1.3360308663735707e-05
1 7 -9.7570760413188206e-06
1 45 -9.4441625558675141e-06
2 1 -1.3360308663735707e-05
2 2 5.2599941429269382e-05
2 25 -8.2711001156457872e-06
2 34 -9.2980556729884071e-06
3 3 5.7139457921366837e-05
3 8 -1.4031260080766128e-05
3 20 -1.0387939134131646e-05
3 62 -1.1856583706280562e-05
4 4 5.1248155193684524e-05
4 6 -1.1625791009571123e-05
4 25 -1.1739157667404551e-05
4 64 -8.2490310454353182e-06
5 5 5.4530014141140171e-05
5 9 -1.2718202420918917e-05
5 30 -9.9964224477360084e-06
5 61 -1.0998869942969001e-05
6 4 -1.1625791009571123e-05
6 6 5.0727828364098172e-05
6 35 -9.4532935063697372e-06
6 63 -1.0929296192366071e-05
7 1 -9.7570760413188206e-06
7 7 4.8444886676630433e-05
7 36 -8.4483886709104122e-06
7 60 -1.0328965496871263e-05
8 3 -1.4031260080766128e-05
8 8 5.2545018269672280e-05
8 47 -8.3194421342150169e-06
8 49 -1.1807832019169782e-05
9 5 -1.2718202420918917e-05
9 9 4.9937315194699632e-05
9 46 -1.1122208502847503e-05
9 48 -7.6094534569215179e-06
10 10 5.5931977506689732e-05
10 19 -8.5383833301529476e-06
10 21 -9.1820069504520441e-06
11 11 5.6160501695708304e-05
11 23 -9.3713959186918256e-06
11 32 -9.6422620868822703e-06
12 12 5.5557686862291426e-05
12 24 -9.0116167570185161e-06
12 31 -9.6693416251842674e-06
13 13 5.2108664559442601e-05
13 15 -1.0826997714948920e-05
13 20 -1.0782660597484215e-05
13 30 -1.0349463506140514e-05
14 14 5.4252794417491217e-05
14 33 -7.6109081589860086e-06
14 34 -7.9634137531762871e-06
15 13 -1.0826997714948920e-05
15 15 5.7836993014296049e-05
15 47 -1.1935727864700942e-05
15 48 -1.2055309834593980e-05
16 16 5.9543262171753676e-05
16 21 -9.3060150413802578e-06
16 56 -1.1760511591793626e-05
17 17 6.1638789419851952e-05
17 23 -1.0126095473759555e-05
17 57 -1.1844015696426117e-05
18 18 5.4076747226955714e-05
18 24 -9.2441869153893298e-06
18 58 -1.0412977068942147e-05
19 10 -8.5383833301529476e-06
19 19 4.5914748227366263e-05
19 22 -9.2438958133030172e-06
19 36 -9.2676766742933818e-06
20 3 -1.0387939134131646e-05
20 13 -1.0782660597484215e-05
20 20 5.3209364537309083e-05
20 23 -1.1987365354239976e-05
21 10 -9.1820069504520441e-06
21 16 -9.3060150413802578e-06
21 21 4.9821123178554856e-05
21 46 -1.0433312096653579e-05
22 19 -9.2438958133030172e-06
22 22 5.8146363610474922e-05
22 59 -1.0410408536450378e-05
23 11 -9.3713959186918256e-06
23 17 -1.0126095473759555e-05
23 20 -1.1987365354239976e-05
23 23 5.2853063143817883e-05
24 12 -9.0116167570185161e-06
24 18 -9.2441869153893298e-06
24 24 4.9634556747295096e-05
24 35 -1.1251810951661357e-05
25 2 -8.2711001156457872e-06
25 4 -1.1739157667404551e-05
25 25 4.8573153586679145e-05
25 33 -9.2927612243003081e-06
26 26 6.3832037566810768e-05
26 31 -1.0526413130392576e-05
26 54 -1.3476590000532338e-05
27 27 5.2854015061454585e-05
27 32 -8.3899062871263413e-06
27 53 -1.0068344150179912e-05
28 28 6.0058887014864127e-05
28 33 -9.9036291560767545e-06
28 55 -1.1822933569493503e-05
29 29 5.8810197053336011e-05
29 34 -9.1061949142167271e-06
29 52 -1.1161990639247629e-05
30 5 -9.9964224477360084e-06
30 13 -1.0349463506140514e-05
30 30 5.1663461191355799e-05
30 32 -1.1704038321812324e-05
31 12 -9.6693416251842674e-06
31 26 -1.0526413130392576e-05
31 31 5.5323956235254443e-05
31 49 -1.2288908259995444e-05
32 11 -9.6422620868822703e-06
32 27 -8.3899062871263413e-06
32 30 -1.1704038321812324e-05
32 32 5.0047909175853788e-05
33 14 -7.6109081589860086e-06
33 25 -9.2927612243003081e-06
33 28 -9.9036291560767545e-06
33 33 4.3707097886898104e-05
34 2 -9.2980556729884071e-06
34 14 -7.9634137531762871e-06
34 29 -9.1061949142167271e-06
34 34 4.3902867987648825e-05
35 6 -9.4532935063697372e-06
35 24 -1.1251810951661357e-05
35 35 5.1313168908323290e-05
35 65 -1.2354011849965105e-05
36 7 -8.4483886709104122e-06
36 19 -9.2676766742933818e-06
36 36 4.8108254656711321e-05
36 66 -1.1669303528594257e-05
37 37 6.3803121547430946e-05
37 41 -1.3732700384481075e-05
37 54 -8.0175644067048152e-06
38 38 4.5784694964907861e-05
38 42 -9.7356768148452480e-06
38 53 -6.1579798091779803e-06
39 39 4.6131537003153339e-05
39 40 -9.7305575054763391e-06
39 55 -6.5170961125338248e-06
40 39 -9.7305575054763391e-06
40 40 4.5761149072618071e-05
40 58 -6.1543392101294599e-06
41 37 -1.3732700384481075e-05
41 41 6.4424439255097266e-05
41 57 -8.5552362004083824e-06
42 38 -9.7356768148452480e-06
42 42 4.6200090958997643e-05
42 56 -6.5575614275247450e-06
43 43 5.5590941901454179e-05
43 44 -1.1210127310435576e-05
43 59 -7.0126858670434421e-06
44 43 -1.1210127310435576e-05
44 44 5.5259798880344405e-05
44 52 -6.6842427014349566e-06
45 1 -9.4441625558675141e-06
45 45 4.9202601990894912e-05
45 51 -1.1154678531017074e-05
45 64 -8.8800105076452314e-06
46 9 -1.1122208502847503e-05
46 21 -1.0433312096653579e-05
46 46 4.5727977018459874e-05
46 66 -7.5303444863364376e-06
47 8 -8.3194421342150169e-06
47 15 -1.1935727864700942e-05
47 47 5.0112619294107814e-05
47 50 -1.1801869905460960e-05
48 9 -7.6094534569215179e-06
48 15 -1.2055309834593980e-05
48 48 5.0044563404711242e-05
48 51 -1.1561015848211215e-05
49 8 -1.1807832019169782e-05
49 31 -1.2288908259995444e-05
49 49 5.0880981182672431e-05
49 65 -9.1885957617750391e-06
50 47 -1.1801869905460960e-05
50 50 5.1345156050576030e-05
50 64 -1.3200364652515757e-05
50 65 -8.6943627309420542e-06
51 45 -1.1154678531017074e-05
51 48 -1.1561015848211215e-05
51 51 4.8440822569298351e-05
51 66 -8.0063446295428032e-06
52 29 -1.1161990639247629e-05
52 44 -6.6842427014349566e-06
52 52 4.2636770019468899e-05
52 60 -8.9956621050649320e-06
53 27 -1.0068344150179912e-05
53 38 -6.1579798091779803e-06
53 53 3.9912463044381009e-05
53 61 -9.2280776960526018e-06
54 26 -1.3476590000532338e-05
54 37 -8.0175644067048152e-06
54 54 5.0794864260622719e-05
54 62 -1.1474524682117236e-05
55 28 -1.1822933569493503e-05
55 39 -6.5170961125338248e-06
55 55 4.3617649353224172e-05
55 63 -9.7221781388357724e-06
56 16 -1.1760511591793626e-05
56 42 -6.5575614275247450e-06
56 56 4.2668154038992369e-05
56 61 -9.3543240371843180e-06
57 17 -1.1844015696426117e-05
57 41 -8.5552362004083824e-06
57 57 4.5968958782836156e-05
57 62 -9.9541924630614673e-06
58 18 -1.0412977068942147e-05
58 40 -6.1543392101294599e-06
58 58 3.9750123641300591e-05
58 63 -8.8530315646734568e-06
59 22 -1.0410408536450378e-05
59 43 -7.0126858670434421e-06
59 59 3.9215193079570591e-05
59 60 -7.6728327307876885e-06
60 7 -1.0328965496871263e-05
60 52 -8.9956621050649320e-06
60 59 -7.6728327307876885e-06
60 60 4.2200852310912801e-05
61 5 -1.0998869942969001e-05
61 53 -9.2280776960526018e-06
61 56 -9.3543240371843180e-06
61 61 4.4825681449130426e-05
62 3 -1.1856583706280562e-05
62 54 -1.1474524682117236e-05
62 57 -9.9541924630614673e-06
62 62 4.9682598015571710e-05
63 6 -1.0929296192366071e-05
63 55 -9.7221781388357724e-06
63 58 -8.8530315646734568e-06
63 63 4.4300689682253168e-05
64 4 -8.2490310454353182e-06
64 45 -8.8800105076452314e-06
64 50 -1.3200364652515757e-05
64 64 4.7878483823588335e-05
65 35 -1.2354011849965105e-05
65 49 -9.1885957617750391e-06
65 50 -8.6943627309420542e-06
65 65 4.5237915962996058e-05
66 36 -1.1669303528594257e-05
66 46 -7.5303444863364376e-06
66 51 -8.0063446295428032e-06
66 66 4.1730367688564703e-05
