%%MatrixMarket matrix coordinate real general
66 66 244
1 1 5.7574101441593781e-05
1 2 -1.3398152911851646e-05
1 7 -9.7849248710578043e-06
1 45 -9.4720264616930359e-06
2 1 -1.3398152911851646e-05
2 2 5.2734075281612162e-05
2 25 -8.3153473502091331e-06
2 34 -9.3133374762484003e-06
3 3 5.7270472351713636e-05
3 8 -1.4060336529183344e-05
3 20 -1.0410994886572905e-05
3 62 -1.1879314948424280e-05
4 4 5.1494044675923800e-05
4 6 -1.1696502332336615e-05
4 25 -1.1789848395342272e-05
4 64 -8.2880192947489423e-06
5 5 5.4867876448174800e-05
5 9 -1.2788900783241995e-05
5 30 -1.0054997573708415e-05
5 61 -1.1068986049135089e-05
6 4 -1.1696502332336615e-05
6 6 5.1074141001139007e-05
6 35 -9.5144393416520453e-06
6 63 -1.1006021966277631e-05
7 1 -9.7849248710578043e-06
7 7 4.8539260884214849e-05
7 36 -8.4682851192892294e-06
7 60 -1.0344798370608642e-05
8 3 -1.4060336529183344e-05
8 8 5.2669910399884481e-05
8 47 -8.3353018052652214e-06
8 49 -1.1854464116583778e-05
9 5 -1.2788900783241995e-05
9 9 5.0167163344719718e-05
9 46 -1.1167251237549799e-05
9 48 -7.6459616431955350e-06
10 10 5.6102853914856677e-05
10 19 -8.5584116838537484e-06
10 21 -9.2192398020955283e-06
11 11 5.7806258765695457e-05
11 23 -9.6152167846262426e-06
11 32 -9.8979377927237393e-06
12 12 5.7198206111483895e-05
12 24 -9.2539543095007235e-06
12 31 -9.9229358122434256e-06
13 13 5.2298728093096664e-05
13 15 -1.0862967450539558e-05
13 20 -1.0815612715468107e-05
13 30 -1.0387361806463850e-05
14 14 5.4434307119317866e-05
14 33 -7.6402681831837916e-06
14 34 -7.9881650286569357e-06
15 13 -1.0862967450539558e-05
15 15 5.8030209575165780e-05
15 47 -1.1982387613618787e-05
15 48 -1.2091920291068644e-05
16 16 5.9986152641328997e-05
16 21 -9.3493697290695376e-06
16 56 -1.1892926615768171e-05
17 17 6.3049352277458614e-05
17 23 -1.0330220925329875e-05
17 57 -1.2088184028628492e-05
18 18 5.5800052655029115e-05
18 24 -9.5123593249346407e-06
18 58 -1.0736573954678588e-05
19 10 -8.5584116838537484e-06
19 19 4.6023113617590870e-05
19 22 -9.2629836824972812e-06
19 36 -9.2908217214709854e-06
20 3 -1.0410994886572905e-05
20 13 -1.0815612715468107e-05
20 20 5.3337963511056660e-05
20 23 -1.1990912492436074e-05
21 10 -9.2192398020955283e-06
21 16 -9.3493697290695376e-06
21 21 5.0061630859215243e-05
21 46 -1.0495963959225862e-05
22 19 -9.2629836824972812e-06
22 22 5.8212694428691407e-05
22 59 -1.0418865441815313e-05
23 11 -9.6152167846262426e-06
23 17 -1.0330220925329875e-05
23 20 -1.1990912492436074e-05
23 23 5.3099153838587900e-05
24 12 -9.2539543095007235e-06
24 18 -9.5123593249346407e-06
24 24 5.0310510839535546e-05
24 35 -1.1305392224180625e-05
25 2 -8.3153473502091331e-06
25 4 -1.1789848395342272e-05
25 25 4.8841270624166525e-05
25 33 -9.3466499179546639e-06
26 26 6.5259332891765131e-05
26 31 -1.0732865269895259e-05
26 54 -1.3745387062121635e-05
27 27 5.4531334377607671e-05
27 32 -8.6314056913989242e-06
27 53 -1.0380339416910792e-05
28 28 6.0493911395937728e-05
28 33 -9.9475298995868339e-06
28 55 -1.1950004002339461e-05
29 29 5.8883026911023755e-05
29 34 -9.1311873080677440e-06
29 52 -1.1170462251560237e-05
30 5 -1.0054997573708415e-05
30 13 -1.0387361806463850e-05
30 30 5.1947292385005837e-05
30 32 -1.1757008062526134e-05
31 12 -9.9229358122434256e-06
31 26 -1.0732865269895259e-05
31 31 5.5796719947204113e-05
31 49 -1.2296725175621235e-05
32 11 -9.8979377927237393e-06
32 27 -8.6314056913989242e-06
32 30 -1.1757008062526134e-05
32 32 5.0706614744441047e-05
33 14 -7.6402681831837916e-06
33 25 -9.3466499179546639e-06
33 28 -9.9475298995868339e-06
33 33 4.3907017573985356e-05
34 2 -9.3133374762484003e-06
34 14 -7.9881650286569357e-06
34 29 -9.1311873080677440e-06
34 34 4.4026823844833480e-05
35 6 -9.5144393416520453e-06
35 24 -1.1305392224180625e-05
35 35 5.1614314715587505e-05
35 65 -1.2399565068746517e-05
36 7 -8.4682851192892294e-06
36 19 -9.2908217214709854e-06
36 36 4.8238451636838091e-05
36 66 -1.1708824489304606e-05
37 37 6.4698908636649276e-05
37 41 -1.3915850413104780e-05
37 54 -8.1132434576387959e-06
38 38 4.6803057256455977e-05
38 42 -1.0002046715745664e-05
38 53 -6.2857485490002351e-06
39 39 4.8006801942350051e-05
39 40 -9.9966066306311368e-06
39 55 -6.6434347474065019e-06
40 39 -9.9966066306311368e-06
40 40 4.6776256199771556e-05
40 58 -6.2813923555239517e-06
41 37 -1.3915850413104780e-05
41 41 6.5314193788143794e-05
41 57 -8.6560604645075444e-06
42 38 -1.0002046715745664e-05
42 42 4.8077570168148251e-05
42 56 -6.6883017469678658e-06
43 43 5.5610551008802494e-05
43 44 -1.1213851464022188e-05
43 59 -7.0176359965273865e-06
44 43 -1.1213851464022188e-05
44 44 5.5280264464187325e-05
44 52 -6.6886541025422719e-06
45 1 -9.4720264616930359e-06
45 45 4.9366267264146877e-05
45 51 -1.1188773571963199e-05
45 64 -8.9207071221620715e-06
46 9 -1.1167251237549799e-05
46 21 -1.0495963959225862e-05
46 46 4.5999041405362637e-05
46 66 -7.5749036591355260e-06
47 8 -8.3353018052652214e-06
47 15 -1.1982387613618787e-05
47 47 5.0309353869635440e-05
47 50 -1.1849451470924382e-05
48 9 -7.6459616431955350e-06
48 15 -1.2091920291068644e-05
48 48 5.0065456902745872e-05
48 51 -1.1615765505647732e-05
49 8 -1.1854464116583778e-05
49 31 -1.2296725175621235e-05
49 49 5.1063598033915543e-05
49 65 -9.2268300126628477e-06
50 47 -1.1849451470924382e-05
50 50 5.1545229768411195e-05
50 64 -1.3249942182911847e-05
50 65 -8.7233903141111854e-06
51 45 -1.1188773571963199e-05
51 48 -1.1615765505647732e-05
51 51 4.8615993665477369e-05
51 66 -8.0316811029805219e-06
52 29 -1.1170462251560237e-05
52 44 -6.6886541025422719e-06
52 52 4.2679794775415439e-05
52 60 -9.0130115026414821e-06
53 27 -1.0380339416910792e-05
53 38 -6.2857485490002351e-06
53 53 4.0819112971566770e-05
53 61 -9.3884811837895965e-06
54 26 -1.3745387062121635e-05
54 37 -8.1132434576387959e-06
54 54 5.1144170582898064e-05
54 62 -1.1471402588487120e-05
55 28 -1.1950004002339461e-05
55 39 -6.6434347474065019e-06
55 55 4.4170571454666660e-05
55 63 -9.8344858908315347e-06
56 16 -1.1892926615768171e-05
56 42 -6.6883017469678658e-06
56 56 4.3230887285492344e-05
56 61 -9.4571355999923462e-06
57 17 -1.2088184028628492e-05
57 41 -8.6560604645075444e-06
57 57 4.6294998025560321e-05
57 62 -9.9501849284170464e-06
58 18 -1.0736573954678588e-05
58 40 -6.2813923555239517e-06
58 58 4.0644724416003352e-05
58 63 -9.0046953163087841e-06
59 22 -1.0418865441815313e-05
59 43 -7.0176359965273865e-06
59 59 3.9255669121475834e-05
59 60 -7.6878019331684939e-06
60 7 -1.0344798370608642e-05
60 52 -9.0130115026414821e-06
60 59 -7.6878019331684939e-06
60 60 4.2284438317595527e-05
61 5 -1.1068986049135089e-05
61 53 -9.3884811837895965e-06
61 56 -9.4571355999923462e-06
61 61 4.5338896166934530e-05
62 3 -1.1879314948424280e-05
62 54 -1.1471402588487120e-05
62 57 -9.9501849284170464e-06
62 62 4.9733963574850864e-05
63 6 -1.1006021966277631e-05
63 55 -9.8344858908315347e-06
63 58 -9.0046953163087841e-06
63 63 4.4824579476665332e-05
64 4 -8.2880192947489423e-06
64 45 -8.9207071221620715e-06
64 50 -1.3249942182911847e-05
64 64 4.8099457027674001e-05
65 35 -1.2399565068746517e-05
65 49 -9.2268300126628477e-06
65 50 -8.7233903141111854e-06
65 65 4.5255827857292517e-05
66 36 -1.1708824489304606e-05
66 46 -7.5749036591355260e-06
66 51 -8.0316811029805219e-06
66 66 4.1892544674226889e-05
