%%MatrixMarket matrix coordinate real general
66 66 244
1 1 2.4603232756520730e-04
1 2 -1.2470394553622018e-07
1 7 -9.1021888086181549e-08
1 45 -8.4724994100479459e-08
2 1 -1.2470394553622018e-07
2 2 2.1311245900178721e-04
2 25 -7.7358049280982669e-08
2 34 -8.7180585992008719e-08
3 3 1.9365818658935216e-04
3 8 -1.1135520272063051e-07
3 20 -8.2569438919031651e-08
3 62 -9.2175781308918042e-08
4 4 1.9100378412816377e-04
4 6 -1.0138769067579582e-07
4 25 -1.0450196487157454e-07
4 64 -7.2445858651268585e-08
5 5 2.0350093223572266e-04
5 9 -1.1021584683878090e-07
5 30 -8.3055733341340127e-08
5 61 -9.5861095399389601e-08
6 4 -1.0138769067579582e-07
6 6 1.8248747776216807e-04
6 35 -7.8984378653649114e-08
6 63 -9.5956566258864377e-08
7 1 -9.1021888086181549e-08
7 7 1.9574711970323579e-04
7 36 -8.0071017216641142e-08
7 60 -9.7926912636543353e-08
8 3 -1.1135520272063051e-07
8 8 1.7118674811724541e-04
8 47 -6.6768843146376909e-08
8 49 -9.5322368358254567e-08
9 5 -1.1021584683878090e-07
9 9 1.8034077210554416e-04
9 46 -9.8280018748318526e-08
9 48 -6.6736856725596869e-08
10 10 1.9619709596676262e-04
10 19 -8.3476187346210386e-08
10 21 -8.8190321049903896e-08
11 11 2.0374173643393815e-04
11 23 -8.4848919519766235e-08
11 32 -8.7258924872084413e-08
12 12 2.0372586145168194e-04
12 24 -8.1987934522171623e-08
12 31 -8.7947133300434374e-08
13 13 1.9081835608122225e-04
13 15 -8.8856130525454990e-08
13 20 -8.6060614628020570e-08
13 30 -8.5267531064513747e-08
14 14 1.5773272033472880e-04
14 33 -7.3397134818833330e-08
14 34 -7.8012535349544073e-08
15 13 -8.8856130525454990e-08
15 15 2.1911615872916831e-04
15 47 -9.9960220789443396e-08
15 48 -1.0135428342050455e-07
16 16 2.2086480405304274e-04
16 21 -8.9745142867564509e-08
16 56 -1.1287483282041002e-07
17 17 2.0677592193126749e-04
17 23 -8.6194853841199333e-08
17 57 -1.0106826577429718e-07
18 18 2.0952979062141471e-04
18 24 -8.9904066404582994e-08
18 58 -1.0183250120526136e-07
19 10 -8.3476187346210386e-08
19 19 1.8925573334958610e-04
19 22 -9.0196278576414125e-08
19 36 -8.7733530186252565e-08
20 3 -8.2569438919031651e-08
20 13 -8.6060614628020570e-08
20 20 1.8789847435582346e-04
20 23 -9.2592525162625970e-08
21 10 -8.8190321049903896e-08
21 16 -8.9745142867564509e-08
21 21 2.0877076622279953e-04
21 46 -9.6928242188413305e-08
22 19 -9.0196278576414125e-08
22 22 2.0190765413921751e-04
22 59 -1.0290081592987047e-07
23 11 -8.4848919519766235e-08
23 17 -8.6194853841199333e-08
23 20 -9.2592525162625970e-08
23 23 1.9692664801939053e-04
24 12 -8.1987934522171623e-08
24 18 -8.9904066404582994e-08
24 24 1.9016437662634680e-04
24 35 -8.9404484601172879e-08
25 2 -7.7358049280982669e-08
25 4 -1.0450196487157454e-07
25 25 1.9185354516248462e-04
25 33 -8.7002535032537138e-08
26 26 2.3260796550495511e-04
26 31 -8.9396375089271064e-08
26 54 -1.1472423466665664e-07
27 27 1.9640779955548793e-04
27 32 -8.1769014363192409e-08
27 53 -9.8694265736352348e-08
28 28 2.1858803619358060e-04
28 33 -9.5900315449385359e-08
28 55 -1.1327535133798267e-07
29 29 2.0885752089040826e-04
29 34 -8.9018833189395125e-08
29 52 -1.1015455603183553e-07
30 5 -8.3055733341340127e-08
30 13 -8.5267531064513747e-08
30 30 1.8915410498763566e-04
30 32 -9.2794667397901179e-08
31 12 -8.7947133300434374e-08
31 26 -8.9396375089271064e-08
31 31 2.1065965870414584e-04
31 49 -9.5289071893219040e-08
32 11 -8.7258924872084413e-08
32 27 -8.1769014363192409e-08
32 30 -9.2794667397901179e-08
32 32 1.9163890411636088e-04
33 14 -7.3397134818833330e-08
33 25 -8.7002535032537138e-08
33 28 -9.5900315449385359e-08
33 33 1.6948971379714066e-04
34 2 -8.7180585992008719e-08
34 14 -7.8012535349544073e-08
34 29 -8.9018833189395125e-08
34 34 1.7641509758079254e-04
35 6 -7.8984378653649114e-08
35 24 -8.9404484601172879e-08
35 35 1.7535645236458480e-04
35 65 -1.0221151378215701e-07
36 7 -8.0071017216641142e-08
36 19 -8.7733530186252565e-08
36 36 1.8625367579095344e-04
36 66 -1.0787283440071568e-07
37 37 1.8340906665715722e-04
37 41 -1.0993346903037496e-07
37 54 -6.4194625436211806e-08
38 38 1.8212804892186741e-04
38 42 -1.1100430177745035e-07
38 53 -6.8533323307846729e-08
39 39 1.7581881031223908e-04
39 40 -1.1100475730507335e-07
39 55 -6.5343369468460816e-08
40 39 -1.1100475730507335e-07
40 40 1.8211497490488863e-04
40 58 -6.8501244393342974e-08
41 37 -1.0993346903037496e-07
41 41 1.8337154792126491e-04
41 57 -6.8379316609210859e-08
42 38 -1.1100430177745035e-07
42 42 1.7581935015352338e-04
42 56 -6.5880931981650074e-08
43 43 1.7443718121495997e-04
43 44 -1.1207790548528593e-07
43 59 -6.9244032672698603e-08
44 43 -1.1207790548528593e-07
44 44 1.7443320731423779e-04
44 52 -6.5897435933928589e-08
45 1 -8.4724994100479459e-08
45 45 1.9159368351555467e-04
45 51 -9.9826346636808562e-08
45 64 -7.7835361310123175e-08
46 9 -9.8280018748318526e-08
46 21 -9.6928242188413305e-08
46 46 1.6648837481986960e-04
46 66 -7.0136347289786927e-08
47 8 -6.6768843146376909e-08
47 15 -9.9960220789443396e-08
47 47 1.7300766137812770e-04
47 50 -9.8860042439892128e-08
48 9 -6.6736856725596869e-08
48 15 -1.0135428342050455e-07
48 48 1.8199149302613527e-04
48 51 -1.0123784141625693e-07
49 8 -9.5322368358254567e-08
49 31 -9.5289071893219040e-08
49 49 1.6543529075013110e-04
49 65 -7.4114854359371872e-08
50 47 -9.8860042439892128e-08
50 50 1.6966368929179326e-04
50 64 -1.1185329476510133e-07
50 65 -7.1639019592958718e-08
51 45 -9.9826346636808562e-08
51 48 -1.0123784141625693e-07
51 51 1.7317155073759579e-04
51 66 -7.1545922590908097e-08
52 29 -1.1015455603183553e-07
52 44 -6.5897435933928589e-08
52 52 1.5818329370343787e-04
52 60 -8.7757093218919281e-08
53 27 -9.8694265736352348e-08
53 38 -6.8533323307846729e-08
53 53 1.4487607948481852e-04
53 61 -7.8351341328437347e-08
54 26 -1.1472423466665664e-07
54 37 -6.4194625436211806e-08
54 54 1.6443595001771079e-04
54 62 -8.7633745127522733e-08
55 28 -1.1327535133798267e-07
55 39 -6.5343369468460816e-08
55 55 1.5972073971493305e-04
55 63 -8.7772714779115803e-08
56 16 -1.1287483282041002e-07
56 42 -6.5880931981650074e-08
56 56 1.5633094996263136e-04
56 61 -8.3885984058189015e-08
57 17 -1.0106826577429718e-07
57 41 -6.8379316609210859e-08
57 57 1.4422553481751693e-04
57 62 -7.5861661112974153e-08
58 18 -1.0183250120526136e-07
58 40 -6.8501244393342974e-08
58 58 1.4327574004929802e-04
58 63 -7.5163166011549734e-08
59 22 -1.0290081592987047e-07
59 43 -6.9244032672698603e-08
59 59 1.4165646703431190e-04
59 60 -7.4858278332079807e-08
60 7 -9.7926912636543353e-08
60 52 -8.7757093218919281e-08
60 59 -7.4858278332079807e-08
60 60 1.5256644346487908e-04
61 5 -9.5861095399389601e-08
61 53 -7.8351341328437347e-08
61 56 -8.3885984058189015e-08
61 61 1.5377105786955198e-04
62 3 -9.2175781308918042e-08
62 54 -8.7633745127522733e-08
62 57 -7.5861661112974153e-08
62 62 1.5256720736572257e-04
63 6 -9.5956566258864377e-08
63 55 -8.7772714779115803e-08
63 58 -7.5163166011549734e-08
63 63 1.5048620411642184e-04
64 4 -7.2445858651268585e-08
64 45 -7.7835361310123175e-08
64 50 -1.1185329476510133e-07
64 64 1.7003461111955918e-04
65 35 -1.0221151378215701e-07
65 49 -7.4114854359371872e-08
65 50 -7.1639019592958718e-08
65 65 1.4126051664789248e-04
66 36 -1.0787283440071568e-07
66 46 -7.0136347289786927e-08
66 51 -7.1545922590908097e-08
66 66 1.4253563533894116e-04
