%%MatrixMarket matrix coordinate real general
66 66 244
1 1 5.6833034175617010e-05
1 2 -1.3238093629595621e-05
1 7 -9.6673128649769143e-06
1 45 -9.3548362522449861e-06
2 1 -1.3238093629595621e-05
2 2 5.2187342884398643e-05
2 25 -8.1323946950893994e-06
2 34 -9.2473724321910150e-06
3 3 5.6712287503224944e-05
3 8 -1.3937540048750162e-05
3 20 -1.0312439490782616e-05
3 62 -1.1772640181012788e-05
4 4 5.0461391899375104e-05
4 6 -1.1404947739619866e-05
4 25 -1.1577907261652342e-05
4 64 -8.1244557226756629e-06
5 5 5.3620725041049576e-05
5 9 -1.2496526872227030e-05
5 30 -9.8190000773849338e-06
5 61 -1.0779864689117330e-05
6 4 -1.1404947739619866e-05
6 6 4.9673493538947731e-05
6 35 -9.2686411823137369e-06
6 63 -1.0691300777264174e-05
7 1 -9.6673128649769143e-06
7 7 4.8137183879343755e-05
7 36 -8.3835399435408560e-06
7 60 -1.0277153208982180e-05
8 3 -1.3937540048750162e-05
8 8 5.2135715213747942e-05
8 47 -8.2701231075121897e-06
8 49 -1.1650625753651451e-05
9 5 -1.2496526872227030e-05
9 9 4.9213078534438418e-05
9 46 -1.0979358657858259e-05
9 48 -7.4920514998019972e-06
10 10 5.5382476532375604e-05
10 19 -8.4729827437138495e-06
10 21 -9.0609851756481490e-06
11 11 5.2389796314333215e-05
11 23 -8.8021685740225132e-06
11 32 -9.0323987590707691e-06
12 12 5.1827961165762328e-05
12 24 -8.4387890354590873e-06
12 31 -9.0825324462312417e-06
13 13 5.1501661450007119e-05
13 15 -1.0711907201192694e-05
13 20 -1.0671299955567525e-05
13 30 -1.0228733322397431e-05
14 14 5.3655087564832162e-05
14 33 -7.5151322405456437e-06
14 34 -7.8839276650201491e-06
15 13 -1.0711907201192694e-05
15 15 5.7217757921902395e-05
15 47 -1.1782192686443597e-05
15 48 -1.1939363695761394e-05
16 16 5.8099853644813535e-05
16 21 -9.1634327953767957e-06
16 56 -1.1371895268954194e-05
17 17 5.7980919326247687e-05
17 23 -9.5861566806084739e-06
17 57 -1.1202537802957252e-05
18 18 5.0609732409107622e-05
18 24 -8.6891840073046149e-06
18 58 -9.7207492904407153e-06
19 10 -8.4729827437138495e-06
19 19 4.5566491564377118e-05
19 22 -9.1816211181092995e-06
19 36 -9.1923004891411763e-06
20 3 -1.0312439490782616e-05
20 13 -1.0671299955567525e-05
20 20 5.2723020251677603e-05
20 23 -1.1940192839462166e-05
21 10 -9.0609851756481490e-06
21 16 -9.1634327953767957e-06
21 21 4.9061245360577257e-05
21 46 -1.0237153945322814e-05
22 19 -9.1816211181092995e-06
22 22 5.7924329416435098e-05
22 59 -1.0382086392316179e-05
23 11 -8.8021685740225132e-06
23 17 -9.5861566806084739e-06
23 20 -1.1940192839462166e-05
23 23 5.1616445729576812e-05
24 12 -8.4387890354590873e-06
24 18 -8.6891840073046149e-06
24 24 4.7558902301635556e-05
24 35 -1.0956487906138432e-05
25 2 -8.1323946950893994e-06
25 4 -1.1577907261652342e-05
25 25 4.7709945647932627e-05
25 33 -9.1237227962164242e-06
26 26 6.0121226513379426e-05
26 31 -9.9741565321508833e-06
26 54 -1.2763137556912661e-05
27 27 4.9511987679265367e-05
27 32 -7.8975489190845664e-06
27 53 -9.4080452353846405e-06
28 28 5.8638181648308710e-05
28 33 -9.7587411958588074e-06
28 55 -1.1443496735053110e-05
29 29 5.8566018014142825e-05
29 34 -9.0259220802778470e-06
29 52 -1.1133530167007102e-05
30 5 -9.8190000773849338e-06
30 13 -1.0228733322397431e-05
30 30 5.0668268672938291e-05
30 32 -1.1409388780418907e-05
31 12 -9.0825324462312417e-06
31 26 -9.9741565321508833e-06
31 31 5.3997524718277588e-05
31 49 -1.2222232794645183e-05
32 11 -9.0323987590707691e-06
32 27 -7.8975489190845664e-06
32 30 -1.1409388780418907e-05
32 32 4.8015095916049124e-05
33 14 -7.5151322405456437e-06
33 25 -9.1237227962164242e-06
33 28 -9.7587411958588074e-06
33 33 4.3073439438558715e-05
34 2 -9.2473724321910150e-06
34 14 -7.8839276650201491e-06
34 29 -9.0259220802778470e-06
34 34 4.3510224984854486e-05
35 6 -9.2686411823137369e-06
35 24 -1.0956487906138432e-05
35 35 5.0283841176457075e-05
35 65 -1.2212173666385144e-05
36 7 -8.3835399435408560e-06
36 19 -9.1923004891411763e-06
36 36 4.7671245138092047e-05
36 66 -1.1541813085886133e-05
37 37 6.1180298126510194e-05
37 41 -1.3185602807216512e-05
37 54 -7.7338226234738988e-06
38 38 4.4363820196526150e-05
38 42 -9.3262850522298504e-06
38 53 -5.9533308982896542e-06
39 39 4.2670087729847078e-05
39 40 -9.3217086540360966e-06
39 55 -6.2023747147029718e-06
40 39 -9.3217086540360966e-06
40 40 4.4346308491220753e-05
40 58 -5.9512154467931017e-06
41 37 -1.3185602807216512e-05
41 41 6.1808469600449186e-05
41 57 -8.2548512522564597e-06
42 38 -9.3262850522298504e-06
42 42 4.2736702261045389e-05
42 56 -6.2347831557704010e-06
43 43 5.5525507478477882e-05
43 44 -1.1197724429222803e-05
43 59 -6.9961222809811938e-06
44 43 -1.1197724429222803e-05
44 44 5.5191607473137596e-05
44 52 -6.6694830138878806e-06
45 1 -9.3548362522449861e-06
45 45 4.8666589715803389e-05
45 51 -1.1045255938340345e-05
45 64 -8.7499317979429670e-06
46 9 -1.0979358657858259e-05
46 21 -1.0237153945322814e-05
46 46 4.4902896843142202e-05
46 66 -7.3910024093764534e-06
47 8 -8.2701231075121897e-06
47 15 -1.1782192686443597e-05
47 47 4.9470830579307492e-05
47 50 -1.1645117774421157e-05
48 9 -7.4920514998019972e-06
48 15 -1.1939363695761394e-05
48 48 4.9297630400142134e-05
48 51 -1.1384788662149374e-05
49 8 -1.1650625753651451e-05
49 31 -1.2222232794645183e-05
49 49 5.0229365860325654e-05
49 65 -9.0597733533013475e-06
50 47 -1.1645117774421157e-05
50 50 5.0898981310850856e-05
50 64 -1.3042357341379983e-05
50 65 -8.6033955375477718e-06
51 45 -1.1045255938340345e-05
51 48 -1.1384788662149374e-05
51 51 4.7872028775013478e-05
51 66 -7.9249879762388488e-06
52 29 -1.1133530167007102e-05
52 44 -6.6694830138878806e-06
52 52 4.2496556541235590e-05
52 60 -8.9393900492305362e-06
53 27 -9.4080452353846405e-06
53 38 -5.9533308982896542e-06
53 53 3.7227868938867835e-05
53 61 -8.5877947010777673e-06
54 26 -1.2763137556912661e-05
54 37 -7.7338226234738988e-06
54 54 4.9857555607881345e-05
54 62 -1.1487825115559660e-05
55 28 -1.1443496735053110e-05
55 39 -6.2023747147029718e-06
55 55 4.1952180161792407e-05
55 63 -9.3896415509755685e-06
56 16 -1.1371895268954194e-05
56 42 -6.2347831557704010e-06
56 56 4.1113841275112640e-05
56 61 -9.0467695581980967e-06
57 17 -1.1202537802957252e-05
57 41 -8.2548512522564597e-06
57 57 4.5246889989199078e-05
57 62 -9.9695406721669961e-06
58 18 -9.7207492904407153e-06
58 40 -5.9512154467931017e-06
58 58 3.7082316042600546e-05
58 63 -8.2428553007380286e-06
59 22 -1.0382086392316179e-05
59 43 -6.9961222809811938e-06
59 59 3.9081999204031758e-05
59 60 -7.6242832808647634e-06
60 7 -1.0277153208982180e-05
60 52 -8.9393900492305362e-06
60 59 -7.6242832808647634e-06
60 60 4.1931689511590574e-05
61 5 -1.0779864689117330e-05
61 53 -8.5877947010777673e-06
61 56 -9.0467695581980967e-06
61 61 4.3135400337002731e-05
62 3 -1.1772640181012788e-05
62 54 -1.1487825115559660e-05
62 57 -9.9695406721669961e-06
62 62 4.9480580142285740e-05
63 6 -1.0691300777264174e-05
63 55 -9.3896415509755685e-06
63 58 -8.2428553007380286e-06
63 63 4.2583146452902366e-05
64 4 -8.1244557226756629e-06
64 45 -8.7499317979429670e-06
64 50 -1.3042357341379983e-05
64 64 4.7162067610514619e-05
65 35 -1.2212173666385144e-05
65 49 -9.0597733533013475e-06
65 50 -8.6033955375477718e-06
65 65 4.4700573213315466e-05
66 36 -1.1541813085886133e-05
66 46 -7.3910024093764534e-06
66 51 -7.9249879762388488e-06
66 66 4.1200400571054014e-05
