%%MatrixMarket matrix coordinate real general
66 66 244
1 1 5.6747861936856481e-05
1 2 -1.3219762570632936e-05
1 7 -9.6538788041449898e-06
1 45 -9.3414299964144236e-06
2 1 -1.3219762570632936e-05
2 2 5.2123531921242501e-05
2 25 -8.1123026927723071e-06
2 34 -9.2394980558116461e-06
3 3 5.6645066952017204e-05
3 8 -1.3923524030281596e-05
3 20 -1.0301046585941000e-05
3 62 -1.1758528539653670e-05
4 4 5.0345845545704810e-05
4 6 -1.1372740041726266e-05
4 25 -1.1553924216383262e-05
4 64 -8.1059988129350341e-06
5 5 5.3564684623359168e-05
5 9 -1.2464046417332122e-05
5 30 -9.7944755380260149e-06
5 61 -1.0747270903898564e-05
6 4 -1.1372740041726266e-05
6 6 4.9519717630719733e-05
6 35 -9.2431797215710648e-06
6 63 -1.0656187748422521e-05
7 1 -9.6538788041449898e-06
7 7 4.8090495097112079e-05
7 36 -8.3737063371333912e-06
7 60 -1.0269284511730931e-05
8 3 -1.3923524030281596e-05
8 8 5.2075450591175739e-05
8 47 -8.2629197868644129e-06
8 49 -1.1626729486064030e-05
9 5 -1.2464046417332122e-05
9 9 4.9107235152020885e-05
9 46 -1.0958175662596393e-05
9 48 -7.4746091451187117e-06
10 10 5.5297921842362491e-05
10 19 -8.4630959491192723e-06
10 21 -9.0427047368386482e-06
11 11 5.1969794560441960e-05
11 23 -8.7379052056690611e-06
11 32 -8.9616234414374346e-06
12 12 5.1408854931260124e-05
12 24 -8.3727586181136203e-06
12 31 -9.0166967901236465e-06
13 13 5.1410970154810312e-05
13 15 -1.0694745637332031e-05
13 20 -1.0654253801519914e-05
13 30 -1.0210932742416980e-05
14 14 5.3563163138108432e-05
14 33 -7.5006126736713087e-06
14 34 -7.8721177912043690e-06
15 13 -1.0694745637332031e-05
15 15 5.7125281986066678e-05
15 47 -1.1758877236270659e-05
15 48 -1.1922194133822657e-05
16 16 5.7879096305359161e-05
16 21 -9.1417017089895961e-06
16 56 -1.1318053221848914e-05
17 17 5.7528513745928295e-05
17 23 -9.5182261231905602e-06
17 57 -1.1122615563253041e-05
18 18 5.0259584221198485e-05
18 24 -8.6321098259490736e-06
18 58 -9.6474346624400445e-06
19 10 -8.4630959491192723e-06
19 19 4.5515891584260374e-05
19 22 -9.1722087296156446e-06
19 36 -9.1808928279885111e-06
20 3 -1.0301046585941000e-05
20 13 -1.0654253801519914e-05
20 20 5.2640990485582880e-05
20 23 -1.1926715679817544e-05
21 10 -9.0427047368386482e-06
21 16 -9.1417017089895961e-06
21 21 4.8943579608028628e-05
21 46 -1.0208786674429731e-05
22 19 -9.1722087296156446e-06
22 22 5.7889852769922508e-05
22 59 -1.0377696356709675e-05
23 11 -8.7379052056690611e-06
23 17 -9.5182261231905602e-06
23 20 -1.1926715679817544e-05
23 23 5.1442617083820111e-05
24 12 -8.3727586181136203e-06
24 18 -8.6321098259490736e-06
24 24 4.7247116290365653e-05
24 35 -1.0896980153323268e-05
25 2 -8.1123026927723071e-06
25 4 -1.1553924216383262e-05
25 25 4.7581905196147019e-05
25 33 -9.0992135447149975e-06
26 26 5.9663263148400315e-05
26 31 -9.9039993152975768e-06
26 54 -1.2673476114977578e-05
27 27 4.9177650758171553e-05
27 32 -7.8475095651074026e-06
27 53 -9.3386129992395283e-06
28 28 5.8420024199255501e-05
28 33 -9.7365669913528903e-06
28 55 -1.1389938770338005e-05
29 29 5.8528092606729948e-05
29 34 -9.0139827107524742e-06
29 52 -1.1129098971064954e-05
30 5 -9.7944755380260149e-06
30 13 -1.0210932742416980e-05
30 30 5.0515351449912318e-05
30 32 -1.1349628265063955e-05
31 12 -9.0166967901236465e-06
31 26 -9.9039993152975768e-06
31 31 5.3807337854522538e-05
31 49 -1.2204953269183200e-05
32 11 -8.9616234414374346e-06
32 27 -7.8475095651074026e-06
32 30 -1.1349628265063955e-05
32 32 4.7704654657379511e-05
33 14 -7.5006126736713087e-06
33 25 -9.0992135447149975e-06
33 28 -9.7365669913528903e-06
33 33 4.2975177282997189e-05
34 2 -9.2394980558116461e-06
34 14 -7.8721177912043690e-06
34 29 -9.0139827107524742e-06
34 34 4.3451435341015977e-05
35 6 -9.2431797215710648e-06
35 24 -1.0896980153323268e-05
35 35 5.0125373841767369e-05
35 65 -1.2191640897240754e-05
36 7 -8.3737063371333912e-06
36 19 -9.1808928279885111e-06
36 36 4.7607753403918659e-05
36 66 -1.1522718509910588e-05
37 37 6.0824676172339297e-05
37 41 -1.3109648119455220e-05
37 54 -7.6946343968242671e-06
38 38 4.4269103839272541e-05
38 42 -9.2968155936904223e-06
38 53 -5.9350778442959743e-06
39 39 4.2375019257466424e-05
39 40 -9.2922734705055216e-06
39 55 -6.1652429558135446e-06
40 39 -9.2922734705055216e-06
40 40 4.4252129908071214e-05
40 58 -5.9330912535763792e-06
41 37 -1.3109648119455220e-05
41 41 6.1452526920517344e-05
41 57 -8.2131935429694615e-06
42 38 -9.2968155936904223e-06
42 42 4.2442119649740383e-05
42 56 -6.1971924289210592e-06
43 43 5.5515418418344500e-05
43 44 -1.1195818148209996e-05
43 59 -6.9935543236846862e-06
44 43 -1.1195818148209996e-05
44 44 5.5181106179965589e-05
44 52 -6.6671905310924875e-06
45 1 -9.3414299964144236e-06
45 45 4.8587621857839617e-05
45 51 -1.1028806736497958e-05
45 64 -8.7306673279542731e-06
46 9 -1.0958175662596393e-05
46 21 -1.0208786674429731e-05
46 46 4.4779261472081426e-05
46 66 -7.3708913354672907e-06
47 8 -8.2629197868644129e-06
47 15 -1.1758877236270659e-05
47 47 4.9458843660364063e-05
47 50 -1.1621292065323113e-05
48 9 -7.4746091451187117e-06
48 15 -1.1922194133822657e-05
48 48 4.9187290487627742e-05
48 51 -1.1358599200037626e-05
49 8 -1.1626729486064030e-05
49 31 -1.2204953269183200e-05
49 49 5.0121943508976179e-05
49 65 -9.0401894463308370e-06
50 47 -1.1621292065323113e-05
50 50 5.0805795372298885e-05
50 64 -1.3018851533524564e-05
50 65 -8.5900310936805858e-06
51 45 -1.1028806736497958e-05
51 48 -1.1358599200037626e-05
51 51 4.7788716232056760e-05
51 66 -7.9127638920890017e-06
52 29 -1.1129098971064954e-05
52 44 -6.6671905310924875e-06
52 52 4.2475054718943761e-05
52 60 -8.9309500500593351e-06
53 27 -9.3386129992395283e-06
53 38 -5.9350778442959743e-06
53 53 3.6859332287857082e-05
53 61 -8.4871549342817486e-06
54 26 -1.2673476114977578e-05
54 37 -7.6946343968242671e-06
54 54 4.9737321262011841e-05
54 62 -1.1489589892627375e-05
55 28 -1.1389938770338005e-05
55 39 -6.1652429558135446e-06
55 55 4.1738092932378826e-05
55 63 -9.3396363387805457e-06
56 16 -1.1318053221848914e-05
56 42 -6.1971924289210592e-06
56 56 4.0898993055569248e-05
56 61 -8.9998473208038812e-06
57 17 -1.1122615563253041e-05
57 41 -8.2131935429694615e-06
57 57 4.5134690708536419e-05
57 62 -9.9715437123639941e-06
58 18 -9.6474346624400445e-06
58 40 -5.9330912535763792e-06
58 58 3.6716878302321530e-05
58 63 -8.1463776605161255e-06
59 22 -1.0377696356709675e-05
59 43 -6.9935543236846862e-06
59 59 3.9061790519664388e-05
59 60 -7.6170029358043885e-06
60 7 -1.0269284511730931e-05
60 52 -8.9309500500593351e-06
60 59 -7.6170029358043885e-06
60 60 4.1893024228292482e-05
61 5 -1.0747270903898564e-05
61 53 -8.4871549342817486e-06
61 56 -8.9998473208038812e-06
61 61 4.2873930107650202e-05
62 3 -1.1758528539653670e-05
62 54 -1.1489589892627375e-05
62 57 -9.9715437123639941e-06
62 62 4.9447528822575136e-05
63 6 -1.0656187748422521e-05
63 55 -9.3396363387805457e-06
63 58 -8.1463776605161255e-06
63 63 4.2319716936421287e-05
64 4 -8.1059988129350341e-06
64 45 -8.7306673279542731e-06
64 50 -1.3018851533524564e-05
64 64 4.7056441410792187e-05
65 35 -1.2191640897240754e-05
65 49 -9.0401894463308370e-06
65 50 -8.5900310936805858e-06
65 65 4.4617308686209748e-05
66 36 -1.1522718509910588e-05
66 46 -7.3708913354672907e-06
66 51 -7.9127638920890017e-06
66 66 4.1123937764395006e-05
