%%MatrixMarket matrix coordinate real general
66 66 244
1 1 5.7418725687253627e-05
1 2 -1.3363707280696266e-05
1 7 -9.7595763447075964e-06
1 45 -9.4466598641044000e-06
2 1 -1.3363707280696266e-05
2 2 5.2611986008537596e-05
2 25 -8.2750539040332429e-06
2 34 -9.2994316638872336e-06
3 3 5.7151299447881810e-05
3 8 -1.4033872516747625e-05
3 20 -1.0390017961068538e-05
3 62 -1.1858679571935406e-05
4 4 5.1269977262262921e-05
4 6 -1.1632100912577373e-05
4 25 -1.1743688431418178e-05
4 64 -8.2525224131557355e-06
5 5 5.4559261675812397e-05
5 9 -1.2724503154377274e-05
5 30 -1.0001634404532511e-05
5 61 -1.1005101296146122e-05
6 4 -1.1632100912577373e-05
6 6 5.0759440067700602e-05
6 35 -9.4587351776338853e-06
6 63 -1.0936116369400105e-05
7 1 -9.7595763447075964e-06
7 7 4.8453364846982600e-05
7 36 -8.4501752966774156e-06
7 60 -1.0330388820274633e-05
8 3 -1.4033872516747625e-05
8 8 5.2556222849762030e-05
8 47 -8.3208524606584217e-06
8 49 -1.1812070420214896e-05
9 5 -1.2724503154377274e-05
9 9 4.9958150708832931e-05
9 46 -1.1126230425776511e-05
9 48 -7.6127319816141580e-06
10 10 5.5946853670480547e-05
10 19 -8.5401877106039435e-06
10 21 -9.1853554265670886e-06
11 11 5.6296817038010095e-05
11 23 -9.3916612777314581e-06
11 32 -9.6635982738544251e-06
12 12 5.5697927471037124e-05
12 24 -9.0318138717121460e-06
12 31 -9.6903927758389329e-06
13 13 5.2126166709403662e-05
13 15 -1.0830220033624814e-05
13 20 -1.0785657681328869e-05
13 30 -1.0352862462276100e-05
14 14 5.4269020916263748e-05
14 33 -7.6135472265596864e-06
14 34 -7.9656361524400221e-06
15 13 -1.0830220033624814e-05
15 15 5.7854298251008355e-05
15 47 -1.1939930488257854e-05
15 48 -1.2058581860388287e-05
16 16 5.9584889897819575e-05
16 21 -9.3099236033277634e-06
16 56 -1.1772155084626078e-05
17 17 6.1759551872698937e-05
17 23 -1.0143637349401289e-05
17 57 -1.1864977498862957e-05
18 18 5.4217308083066287e-05
18 24 -9.2657661395180805e-06
18 58 -1.0439218785730919e-05
19 10 -8.5401877106039435e-06
19 19 4.5924505916925624e-05
19 22 -9.2456148130983629e-06
19 36 -9.2697551692877177e-06
20 3 -1.0390017961068538e-05
20 13 -1.0785657681328869e-05
20 20 5.3221188027517287e-05
20 23 -1.1987824029225801e-05
21 10 -9.1853554265670886e-06
21 16 -9.3099236033277634e-06
21 21 4.9842741474289074e-05
21 46 -1.0438909420100353e-05
22 19 -9.2456148130983629e-06
22 22 5.8152356180643046e-05
22 59 -1.0411173320632874e-05
23 11 -9.3916612777314581e-06
23 17 -1.0143637349401289e-05
23 20 -1.1987824029225801e-05
23 23 5.2891463928226902e-05
24 12 -9.0318138717121460e-06
24 18 -9.2657661395180805e-06
24 24 4.9693298971581765e-05
24 35 -1.1257329605407969e-05
25 2 -8.2750539040332429e-06
25 4 -1.1743688431418178e-05
25 25 4.8596793420302020e-05
25 33 -9.2975768641115403e-06
26 26 6.3952708265420339e-05
26 31 -1.0544175065782953e-05
26 54 -1.3499689337067012e-05
27 27 5.2987783173877624e-05
27 32 -8.4092838369760940e-06
27 53 -1.0093600029541390e-05
28 28 6.0099764594039823e-05
28 33 -9.9075860745872275e-06
28 55 -1.1834115714061931e-05
29 29 5.8816778187208412e-05
29 34 -9.1084390630857526e-06
29 52 -1.1162756859043108e-05
30 5 -1.0001634404532511e-05
30 13 -1.0352862462276100e-05
30 30 5.1689570570940165e-05
30 32 -1.1709511578845083e-05
31 12 -9.6903927758389329e-06
31 26 -1.0544175065782953e-05
31 31 5.5364497799308211e-05
31 49 -1.2289778944526513e-05
32 11 -9.6635982738544251e-06
32 27 -8.4092838369760940e-06
32 30 -1.1709511578845083e-05
32 32 5.0105585759610693e-05
33 14 -7.6135472265596864e-06
33 25 -9.2975768641115403e-06
33 28 -9.9075860745872275e-06
33 33 4.3725076282635704e-05
34 2 -9.2994316638872336e-06
34 14 -7.9656361524400221e-06
34 29 -9.1084390630857526e-06
34 34 4.3914007990401486e-05
35 6 -9.4587351776338853e-06
35 24 -1.1257329605407969e-05
35 35 5.1339263940653660e-05
35 65 -1.2358072202162044e-05
36 7 -8.4501752966774156e-06
36 19 -9.2697551692877177e-06
36 36 4.8120242576561831e-05
36 66 -1.1672850794082784e-05
37 37 6.3881282152619161e-05
37 41 -1.3748934601531031e-05
37 54 -8.0260055758921268e-06
38 38 4.5858771203770068e-05
38 42 -9.7555889121651077e-06
38 53 -6.1674353350588319e-06
39 39 4.6281051238367295e-05
39 40 -9.7504469664491902e-06
39 55 -6.5278427095742623e-06
40 39 -9.7504469664491902e-06
40 40 4.5835004976087038e-05
40 58 -6.1637337874386570e-06
41 37 -1.3748934601531031e-05
41 41 6.4505123665245653e-05
41 57 -8.5641681817948555e-06
42 38 -9.7555889121651077e-06
42 42 4.6349784665928180e-05
42 56 -6.5686810936199326e-06
43 43 5.5592714763607201e-05
43 44 -1.1210464023814894e-05
43 59 -7.0131332447832367e-06
44 43 -1.1210464023814894e-05
44 44 5.5261648543538180e-05
44 52 -6.6846411454828274e-06
45 1 -9.4466598641044000e-06
45 45 4.9217256180994895e-05
45 51 -1.1157727499680818e-05
45 64 -8.8836548862290786e-06
46 9 -1.1126230425776511e-05
46 21 -1.0438909420100353e-05
46 46 4.5750485629468036e-05
46 66 -7.5343262376100732e-06
47 8 -8.3208524606584217e-06
47 15 -1.1939930488257854e-05
47 47 5.0130372016070926e-05
47 50 -1.1806158085670717e-05
48 9 -7.6127319816141580e-06
48 15 -1.2058581860388287e-05
48 48 5.0044507053249130e-05
48 51 -1.1565932864420055e-05
49 8 -1.1812070420214896e-05
49 31 -1.2289778944526513e-05
49 49 5.0898466166721137e-05
49 65 -9.1920704074892525e-06
50 47 -1.1806158085670717e-05
50 50 5.1363090132987821e-05
50 64 -1.3204794942119305e-05
50 65 -8.6969485915815265e-06
51 45 -1.1157727499680818e-05
51 48 -1.1565932864420055e-05
51 51 4.8456913378015296e-05
51 66 -8.0086118827127752e-06
52 29 -1.1162756859043108e-05
52 44 -6.6846411454828274e-06
52 52 4.2640592298164560e-05
52 60 -8.9972226525473667e-06
53 27 -1.0093600029541390e-05
53 38 -6.1674353350588319e-06
53 53 3.9995119499503716e-05
53 61 -9.2435692815997177e-06
54 26 -1.3499689337067012e-05
54 37 -8.0260055758921268e-06
54 54 5.0824945306433249e-05
54 62 -1.1474201479985803e-05
55 28 -1.1834115714061931e-05
55 39 -6.5278427095742623e-06
55 55 4.3665319495606664e-05
55 63 -9.7319763207246687e-06
56 16 -1.1772155084626078e-05
56 42 -6.5686810936199326e-06
56 56 4.2718413337545777e-05
56 61 -9.3633164134123474e-06
57 17 -1.1864977498862957e-05
57 41 -8.5641681817948555e-06
57 57 4.5997009843861200e-05
57 62 -9.9537960180953768e-06
58 18 -1.0439218785730919e-05
58 40 -6.1637337874386570e-06
58 58 3.9826338684723151e-05
58 63 -8.8677099621904826e-06
59 22 -1.0411173320632874e-05
59 43 -7.0131332447832367e-06
59 59 3.9218823813557434e-05
59 60 -7.6741791317566807e-06
60 7 -1.0330388820274633e-05
60 52 -8.9972226525473667e-06
60 59 -7.6741791317566807e-06
60 60 4.2208374332754965e-05
61 5 -1.1005101296146122e-05
61 53 -9.2435692815997177e-06
61 56 -9.3633164134123474e-06
61 61 4.4872235787335234e-05
62 3 -1.1858679571935406e-05
62 54 -1.1474201479985803e-05
62 57 -9.9537960180953768e-06
62 62 4.9687580325123196e-05
63 6 -1.0936116369400105e-05
63 55 -9.7319763207246687e-06
63 58 -8.8677099621904826e-06
63 63 4.4346293835923988e-05
64 4 -8.2525224131557355e-06
64 45 -8.8836548862290786e-06
64 50 -1.3204794942119305e-05
64 64 4.7898221757066670e-05
65 35 -1.2358072202162044e-05
65 49 -9.1920704074892525e-06
65 50 -8.6969485915815265e-06
65 65 4.5253156431685851e-05
66 36 -1.1672850794082784e-05
66 46 -7.5343262376100732e-06
66 51 -8.0086118827127752e-06
66 66 4.1745839809681047e-05
