%%MatrixMarket matrix coordinate real general
66 66 244
1 1 2.4602617051055657e-04
1 2 -1.2470483718170714e-07
1 7 -9.1022248969338025e-08
1 45 -8.4725104624066062e-08
2 1 -1.2470483718170714e-07
2 2 2.1308421916794851e-04
2 25 -7.7358928701535982e-08
2 34 -8.7183602219184949e-08
3 3 1.9446752399895545e-04
3 8 -1.1132229848512459e-07
3 20 -8.2518382838567257e-08
3 62 -9.2071934286881209e-08
4 4 1.9106115144341271e-04
4 6 -1.0137366533937326e-07
4 25 -1.0450096574041372e-07
4 64 -7.2444583408690373e-08
5 5 2.0403170365670983e-04
5 9 -1.1019974585748682e-07
5 30 -8.3010602239121107e-08
5 61 -9.5803847398503091e-08
6 4 -1.0137366533937326e-07
6 6 1.8297787174168705e-04
6 35 -7.8941185005899626e-08
6 63 -9.5899457229198163e-08
7 1 -9.1022248969338025e-08
7 7 1.9573477918506264e-04
7 36 -8.0071726501905127e-08
7 60 -9.7928539720288017e-08
8 3 -1.1132229848512459e-07
8 8 1.7151131677713613e-04
8 47 -6.6762166738861141e-08
8 49 -9.5275288959305547e-08
9 5 -1.1019974585748682e-07
9 9 1.8040110158341606e-04
9 46 -9.8278730401035507e-08
9 48 -6.6735650618186585e-08
10 10 1.9603875660869046e-04
10 19 -8.3481818545856547e-08
10 21 -8.8195617152960007e-08
11 11 2.0608044363957623e-04
11 23 -8.4353495910488100e-08
11 32 -8.6742176306485108e-08
12 12 2.0595945016947239e-04
12 24 -8.1507791258935127e-08
12 31 -8.7457848857972066e-08
13 13 1.9125740116676364e-04
13 15 -8.8846030451967347e-08
13 20 -8.6014920530997497e-08
13 30 -8.5221529456980514e-08
14 14 1.5760518855255715e-04
14 33 -7.3401869829193043e-08
14 34 -7.8017992591480237e-08
15 13 -8.8846030451967347e-08
15 15 2.1916570548029658e-04
15 47 -9.9958165947594622e-08
15 48 -1.0135290185891897e-07
16 16 2.2087694595566276e-04
16 21 -8.9746812580469756e-08
16 56 -1.1285077376605695e-07
17 17 2.0934868372817698e-04
17 23 -8.5688556770984051e-08
17 57 -1.0038786659837174e-07
18 18 2.1195958589808442e-04
18 24 -8.9377679717549782e-08
18 58 -1.0118303521885207e-07
19 10 -8.3481818545856547e-08
19 19 1.8914153592448546e-04
19 22 -9.0202483486139837e-08
19 36 -8.7736589869031231e-08
20 3 -8.2518382838567257e-08
20 13 -8.6014920530997497e-08
20 20 1.8957581412260211e-04
20 23 -9.2362401984431262e-08
21 10 -8.8195617152960007e-08
21 16 -8.9746812580469756e-08
21 21 2.0867425388538567e-04
21 46 -9.6930932301281071e-08
22 19 -9.0202483486139837e-08
22 22 2.0173984574394690e-04
22 59 -1.0290884489768318e-07
23 11 -8.4353495910488100e-08
23 17 -8.5688556770984051e-08
23 20 -9.2362401984431262e-08
23 23 1.9975122706338371e-04
24 12 -8.1507791258935127e-08
24 18 -8.9377679717549782e-08
24 24 1.9296843781952208e-04
24 35 -8.9177681909311283e-08
25 2 -7.7358928701535982e-08
25 4 -1.0450096574041372e-07
25 25 1.9183370155732420e-04
25 33 -8.7005150536631641e-08
26 26 2.3478127744301337e-04
26 31 -8.8916034648289707e-08
26 54 -1.1403407757294062e-07
27 27 1.9894216881683830e-04
27 32 -8.1279892197282909e-08
27 53 -9.8048254362521804e-08
28 28 2.1859285624418836e-04
28 33 -9.5902397960427489e-08
28 55 -1.1325162360209987e-07
29 29 2.0868562489948181e-04
29 34 -8.9025200503065483e-08
29 52 -1.1016282324494980e-07
30 5 -8.3010602239121107e-08
30 13 -8.5221529456980514e-08
30 30 1.9087363344204614e-04
30 32 -9.2560163971653859e-08
31 12 -8.7457848857972066e-08
31 26 -8.8916034648289707e-08
31 31 2.1299293581582236e-04
31 49 -9.5057930606404546e-08
32 11 -8.6742176306485108e-08
32 27 -8.1279892197282909e-08
32 30 -9.2560163971653859e-08
32 32 1.9459940421635266e-04
33 14 -7.3401869829193043e-08
33 25 -8.7005150536631641e-08
33 28 -9.5902397960427489e-08
33 33 1.6939633426820805e-04
34 2 -8.7183602219184949e-08
34 14 -7.8017992591480237e-08
34 29 -8.9025200503065483e-08
34 34 1.7629807193323812e-04
35 6 -7.8941185005899626e-08
35 24 -8.9177681909311283e-08
35 35 1.7692853009977134e-04
35 65 -1.0215064000242707e-07
36 7 -8.0071726501905127e-08
36 19 -8.7736589869031231e-08
36 36 1.8623054202805093e-04
36 66 -1.0787372517436933e-07
37 37 1.8640238376199951e-04
37 41 -1.0887313145896966e-07
37 54 -6.3728274686710232e-08
38 38 1.8342441253042072e-04
38 42 -1.1047773755214314e-07
38 53 -6.8106203434290756e-08
39 39 1.7733531823886024e-04
39 40 -1.1047940047506707e-07
39 55 -6.5256464283437872e-08
40 39 -1.1047940047506707e-07
40 40 1.8338173365452525e-04
40 58 -6.8078792034383923e-08
41 37 -1.0887313145896966e-07
41 41 1.8642293963307848e-04
41 57 -6.7848036658384798e-08
42 38 -1.1047773755214314e-07
42 42 1.7734016104160933e-04
42 56 -6.5792396228718025e-08
43 43 1.7424871098793127e-04
43 44 -1.1208945064691544e-07
43 59 -6.9250319972694990e-08
44 43 -1.1208945064691544e-07
44 44 1.7424520565778852e-04
44 52 -6.5903182435066750e-08
45 1 -8.4725104624066062e-08
45 45 1.9159389880671281e-04
45 51 -9.9826338814622759e-08
45 64 -7.7835158840193539e-08
46 9 -9.8278730401035507e-08
46 21 -9.6930932301281071e-08
46 46 1.6647487550042290e-04
46 66 -7.0136751729758957e-08
47 8 -6.6762166738861141e-08
47 15 -9.9958165947594622e-08
47 47 1.7304251576999154e-04
47 50 -9.8857747307439680e-08
48 9 -6.6735650618186585e-08
48 15 -1.0135290185891897e-07
48 48 1.8199950376587436e-04
48 51 -1.0123761960795172e-07
49 8 -9.5275288959305547e-08
49 31 -9.5057930606404546e-08
49 49 1.6687599542666075e-04
49 65 -7.4072541879311355e-08
50 47 -9.8857747307439680e-08
50 50 1.6971210496441648e-04
50 64 -1.1185145767454569e-07
50 65 -7.1628862175874230e-08
51 45 -9.9826338814622759e-08
51 48 -1.0123761960795172e-07
51 51 1.7317163408173185e-04
51 66 -7.1546038173376901e-08
52 29 -1.1016282324494980e-07
52 44 -6.5903182435066750e-08
52 52 1.5806649629137350e-04
52 60 -8.7761587411696552e-08
53 27 -9.8048254362521804e-08
53 38 -6.8106203434290756e-08
53 53 1.4811123241004296e-04
53 61 -7.8119972549977267e-08
54 26 -1.1403407757294062e-07
54 37 -6.3728274686710232e-08
54 54 1.6580718640947362e-04
54 62 -8.7324116696509375e-08
55 28 -1.1325162360209987e-07
55 39 -6.5256464283437872e-08
55 55 1.6054683574548466e-04
55 63 -8.7708197537769208e-08
56 16 -1.1285077376605695e-07
56 42 -6.5792396228718025e-08
56 56 1.5716320259692018e-04
56 61 -8.3820997859789087e-08
57 17 -1.0038786659837174e-07
57 41 -6.7848036658384798e-08
57 57 1.4637990642078533e-04
57 62 -7.5576923424512043e-08
58 18 -1.0118303521885207e-07
58 40 -6.8078792034383923e-08
58 58 1.4633673283525562e-04
58 63 -7.4944715326188231e-08
59 22 -1.0290884489768318e-07
59 43 -6.9250319972694990e-08
59 59 1.4154338122312270e-04
59 60 -7.4862231278762834e-08
60 7 -9.7928539720288017e-08
60 52 -8.7761587411696552e-08
60 59 -7.4862231278762834e-08
60 60 1.5251790195630618e-04
61 5 -9.5803847398503091e-08
61 53 -7.8119972549977267e-08
61 56 -8.3820997859789087e-08
61 61 1.5354475707286388e-04
62 3 -9.2071934286881209e-08
62 54 -8.7324116696509375e-08
62 57 -7.5576923424512043e-08
62 62 1.5387940479373962e-04
63 6 -9.5899457229198163e-08
63 55 -8.7708197537769208e-08
63 58 -7.4944715326188231e-08
63 63 1.5209122110994809e-04
64 4 -7.2444583408690373e-08
64 45 -7.7835158840193539e-08
64 50 -1.1185145767454569e-07
64 64 1.7004411659060490e-04
65 35 -1.0215064000242707e-07
65 49 -7.4072541879311355e-08
65 50 -7.1628862175874230e-08
65 65 1.4167086977445831e-04
66 36 -1.0787372517436933e-07
66 46 -7.0136751729758957e-08
66 51 -7.1546038173376901e-08
66 66 1.4253033672254281e-04
