%%MatrixMarket matrix coordinate real general
66 66 244
1 1 5.7706402798828471e-05
1 2 -1.3426490240238246e-05
1 7 -9.8057876721344719e-06
1 45 -9.4930688923641937e-06
2 1 -1.3426490240238246e-05
2 2 5.2834831409819140e-05
2 25 -8.3488142864487385e-06
2 34 -9.3247913563234824e-06
3 3 5.7366673667845662e-05
3 8 -1.4082084091949497e-05
3 20 -1.0428117677925720e-05
3 62 -1.1895415122863488e-05
4 4 5.1686753732235838e-05
4 6 -1.1750351766332847e-05
4 25 -1.1828289028903996e-05
4 64 -8.3173111589012642e-06
5 5 5.5123293445200370e-05
5 9 -1.2842652710164881e-05
5 30 -1.0099246431960724e-05
5 61 -1.1122542442608482e-05
6 4 -1.1750351766332847e-05
6 6 5.1339278001234654e-05
6 35 -9.5606451395093395e-06
6 63 -1.1064756163620068e-05
7 1 -9.8057876721344719e-06
7 7 4.8610034865856605e-05
7 36 -8.4831753523350912e-06
7 60 -1.0356680954755002e-05
8 3 -1.4082084091949497e-05
8 8 5.2763585046696130e-05
8 47 -8.3474189158917097e-06
8 49 -1.1888453914130033e-05
9 5 -1.2842652710164881e-05
9 9 5.0337956891935009e-05
9 46 -1.1201462921865549e-05
9 48 -7.6732916085857579e-06
10 10 5.6229381440311608e-05
10 19 -8.5733042847159923e-06
10 21 -9.2471079466492827e-06
11 11 5.9229013988615413e-05
11 23 -9.8260408477799082e-06
11 32 -1.0117597088086915e-05
12 12 5.8629938506881487e-05
12 24 -9.4631318409086067e-06
12 31 -1.0143248855653416e-05
13 13 5.2431240119485778e-05
13 15 -1.0890050761756453e-05
13 20 -1.0839708616627660e-05
13 30 -1.0415801957603301e-05
14 14 5.4574307063757616e-05
14 33 -7.6622619602072600e-06
14 34 -8.0066792876798768e-06
15 13 -1.0890050761756453e-05
15 15 5.8175967439186539e-05
15 47 -1.2017133601322031e-05
15 48 -1.2119651758516715e-05
16 16 6.0327879390298150e-05
16 21 -9.3816288368581249e-06
16 56 -1.1996454830548853e-05
17 17 6.4207750425156155e-05
17 23 -1.0496088212731169e-05
17 57 -1.2286858991163775e-05
18 18 5.7407558009203434e-05
18 24 -9.7606487999653870e-06
18 58 -1.1032348609316190e-05
19 10 -8.5733042847159923e-06
19 19 4.6103755903128085e-05
19 22 -9.2771967923623583e-06
19 36 -9.3081359906652260e-06
20 3 -1.0428117677925720e-05
20 13 -1.0839708616627660e-05
20 20 5.3435510687336433e-05
20 23 -1.1992146614142572e-05
21 10 -9.2471079466492827e-06
21 16 -9.3816288368581249e-06
21 21 5.0241462650156259e-05
21 46 -1.0543292302524223e-05
22 19 -9.2771967923623583e-06
22 22 5.8261443060070582e-05
22 59 -1.0425117011724103e-05
23 11 -9.8260408477799082e-06
23 17 -1.0496088212731169e-05
23 20 -1.1992146614142572e-05
23 23 5.3472277644761849e-05
24 12 -9.4631318409086067e-06
24 18 -9.7606487999653870e-06
24 24 5.0850428115351698e-05
24 35 -1.1335149138883974e-05
25 2 -8.3488142864487385e-06
25 4 -1.1828289028903996e-05
25 25 4.9051661634624253e-05
25 33 -9.3873630478139779e-06
26 26 6.6406091388197697e-05
26 31 -1.0899760346659134e-05
26 54 -1.3963043973261532e-05
27 27 5.6115991322629427e-05
27 32 -8.8567824744541488e-06
27 53 -1.0667335520933366e-05
28 28 6.0830046101195464e-05
28 33 -9.9802108854588294e-06
28 55 -1.2048867675069693e-05
29 29 5.8936673442487593e-05
29 34 -9.1498915210458926e-06
29 52 -1.1176724620869548e-05
30 5 -1.0099246431960724e-05
30 13 -1.0415801957603301e-05
30 30 5.2150020632406408e-05
30 32 -1.1786339825016128e-05
31 12 -1.0143248855653416e-05
31 26 -1.0899760346659134e-05
31 31 5.6187273053207909e-05
31 49 -1.2300737341535838e-05
32 11 -1.0117597088086915e-05
32 27 -8.8567824744541488e-06
32 30 -1.1786339825016128e-05
32 32 5.1231798650271552e-05
33 14 -7.6622619602072600e-06
33 25 -9.3873630478139779e-06
33 28 -9.9802108854588294e-06
33 33 4.4056507535583493e-05
34 2 -9.3247913563234824e-06
34 14 -8.0066792876798768e-06
34 29 -9.1498915210458926e-06
34 34 4.4119360910621053e-05
35 6 -9.5606451395093395e-06
35 24 -1.1335149138883974e-05
35 35 5.1821216147443874e-05
35 65 -1.2434021503025721e-05
36 7 -8.4831753523350912e-06
36 19 -9.3081359906652260e-06
36 36 4.8333362116546018e-05
36 66 -1.1738480307513683e-05
37 37 6.5377395316350748e-05
37 41 -1.4055892097633978e-05
37 54 -8.1866786945498022e-06
38 38 4.7938743322630303e-05
38 42 -1.0284362454247070e-05
38 53 -6.4259237796662081e-06
39 39 4.9754088328252947e-05
39 40 -1.0278649090541081e-05
39 55 -6.7465937176002040e-06
40 39 -1.0278649090541081e-05
40 40 4.7910023733810490e-05
40 58 -6.4209835156634814e-06
41 37 -1.4055892097633978e-05
41 41 6.5989855034367684e-05
41 57 -8.7333027307233960e-06
42 38 -1.0284362454247070e-05
42 42 4.9827044837812041e-05
42 56 -6.7953265124416527e-06
43 43 5.5625046505492894e-05
43 44 -1.1216601463036715e-05
43 59 -7.0213037424626657e-06
44 43 -1.1216601463036715e-05
44 44 5.5295398215404118e-05
44 52 -6.6919268599248426e-06
45 1 -9.4930688923641937e-06
45 45 4.9493708560245906e-05
45 51 -1.1214541999952628e-05
45 64 -8.9512979555902859e-06
46 9 -1.1201462921865549e-05
46 21 -1.0543292302524223e-05
46 46 4.6200327304767231e-05
46 66 -7.6085718981612003e-06
47 8 -8.3474189158917097e-06
47 15 -1.2017133601322031e-05
47 47 5.0455407167190152e-05
47 50 -1.1884853057259422e-05
48 9 -7.6732916085857579e-06
48 15 -1.2119651758516715e-05
48 48 5.0243291684654877e-05
48 51 -1.1656751583337541e-05
49 8 -1.1888453914130033e-05
49 31 -1.2300737341535838e-05
49 49 5.1192549127416560e-05
49 65 -9.2546926069232737e-06
50 47 -1.1884853057259422e-05
50 50 5.1695605571748649e-05
50 64 -1.3287323247587587e-05
50 65 -8.7454462621616999e-06
51 45 -1.1214541999952628e-05
51 48 -1.1656751583337541e-05
51 51 4.8745564467132034e-05
51 66 -8.0508097956587749e-06
52 29 -1.1176724620869548e-05
52 44 -6.6919268599248426e-06
52 52 4.2712316561732320e-05
52 60 -9.0259439609550352e-06
53 27 -1.0667335520933366e-05
53 38 -6.4259237796662081e-06
53 53 4.1532657442286865e-05
53 61 -9.4890661284635941e-06
54 26 -1.3963043973261532e-05
54 37 -8.1866786945498022e-06
54 54 5.1426220126027166e-05
54 62 -1.1469979931855590e-05
55 28 -1.2048867675069693e-05
55 39 -6.7465937176002040e-06
55 55 4.4607999631738654e-05
55 63 -9.9232955528531971e-06
56 16 -1.1996454830548853e-05
56 42 -6.7953265124416527e-06
56 56 4.3678471849166684e-05
56 61 -9.5383101215409732e-06
57 17 -1.2286858991163775e-05
57 41 -8.7333027307233960e-06
57 57 4.6562104066170482e-05
57 62 -9.9480078893014984e-06
58 18 -1.1032348609316190e-05
58 40 -6.4209835156634814e-06
58 58 4.1355677794630724e-05
58 63 -9.0996318123874802e-06
59 22 -1.0425117011724103e-05
59 43 -7.0213037424626657e-06
59 59 3.9286574721266674e-05
59 60 -7.6989586305759074e-06
60 7 -1.0356680954755002e-05
60 52 -9.0259439609550352e-06
60 59 -7.6989586305759074e-06
60 60 4.2346764264942210e-05
61 5 -1.1122542442608482e-05
61 53 -9.4890661284635941e-06
61 56 -9.5383101215409732e-06
61 61 4.5714291845891193e-05
62 3 -1.1895415122863488e-05
62 54 -1.1469979931855590e-05
62 57 -9.9480078893014984e-06
62 62 4.9771169126045344e-05
63 6 -1.1064756163620068e-05
63 55 -9.9232955528531971e-06
63 58 -9.0996318123874802e-06
63 63 4.5209609649522746e-05
64 4 -8.3173111589012642e-06
64 45 -8.9512979555902859e-06
64 50 -1.3287323247587587e-05
64 64 4.8272181276843066e-05
65 35 -1.2434021503025721e-05
65 49 -9.2546926069232737e-06
65 50 -8.7454462621616999e-06
65 65 4.5379018579570073e-05
66 36 -1.1738480307513683e-05
66 46 -7.6085718981612003e-06
66 51 -8.0508097956587749e-06
66 66 4.2014399519220476e-05
