%%MatrixMarket matrix coordinate real general
66 66 244
1 1 5.7622743801387051e-05
1 2 -1.3408676218672852e-05
1 7 -9.7926715348720794e-06
1 45 -9.4798159415696724e-06
2 1 -1.3408676218672852e-05
2 2 5.2771451728504544e-05
2 25 -8.3277531958675344e-06
2 34 -9.3175844378595349e-06
3 3 5.7306559612036340e-05
3 8 -1.4068417034953686e-05
3 20 -1.0417369889494517e-05
3 62 -1.1885386174411112e-05
4 4 5.1565488333584241e-05
4 6 -1.1716423600407615e-05
4 25 -1.1804088298631389e-05
4 64 -8.2988976487070754e-06
5 5 5.4959891979003524e-05
5 9 -1.2808799147853581e-05
5 30 -1.0071390449255908e-05
5 61 -1.1088792015189238e-05
6 4 -1.1716423600407615e-05
6 6 5.1172473489270291e-05
6 35 -9.5315854734487297e-06
6 63 -1.1027725974229106e-05
7 1 -9.7926715348720794e-06
7 7 4.8565526604858617e-05
7 36 -8.4738188151428659e-06
7 60 -1.0349205419791276e-05
8 3 -1.4068417034953686e-05
8 8 5.2704692701900772e-05
8 47 -8.3397777926774435e-06
8 49 -1.1867191586376170e-05
9 5 -1.2808799147853581e-05
9 9 5.0229989158504261e-05
9 46 -1.1179914821811394e-05
9 48 -7.6561250927140117e-06
10 10 5.6150844272177271e-05
10 19 -8.5639580090792816e-06
10 21 -9.2295816473309931e-06
11 11 5.8308772256620906e-05
11 23 -9.6905432472591045e-06
11 32 -9.9765458739985917e-06
12 12 5.7708713118061059e-05
12 24 -9.3286938137950120e-06
12 31 -1.0001527862159219e-05
13 13 5.2347985297447451e-05
13 15 -1.0873018892643588e-05
13 20 -1.0824631077767626e-05
13 30 -1.0397929241324796e-05
14 14 5.4486449174095792e-05
14 33 -7.6484424191746533e-06
14 34 -7.9950544314406870e-06
15 13 -1.0873018892643588e-05
15 15 5.8084244980565674e-05
15 47 -1.1995329395950906e-05
15 48 -1.2102185942216311e-05
16 16 6.0111106343738023e-05
16 21 -9.3613629921555232e-06
16 56 -1.1930918368532862e-05
17 17 6.3475249349491004e-05
17 23 -1.0390510838870220e-05
17 57 -1.2160380311696800e-05
18 18 5.6356298892205976e-05
18 24 -9.5992466079018281e-06
18 58 -1.0840419323400739e-05
19 10 -8.5639580090792816e-06
19 19 4.6053123568397689e-05
19 22 -9.2682736013211594e-06
19 36 -9.2972565448960285e-06
20 3 -1.0417369889494517e-05
20 13 -1.0824631077767626e-05
20 20 5.3374410322031704e-05
20 23 -1.1991438686610478e-05
21 10 -9.2295816473309931e-06
21 16 -9.3613629921555232e-06
21 21 5.0128455947889353e-05
21 46 -1.0513508360662879e-05
22 19 -9.2682736013211594e-06
22 22 5.8230989055385426e-05
22 59 -1.0421196507827636e-05
23 11 -9.6905432472591045e-06
23 17 -1.0390510838870220e-05
23 20 -1.1991438686610478e-05
23 23 5.3233656020183045e-05
24 12 -9.3286938137950120e-06
24 18 -9.5992466079018281e-06
24 24 5.0505846903954259e-05
24 35 -1.1317389178571692e-05
25 2 -8.3277531958675344e-06
25 4 -1.1804088298631389e-05
25 25 4.8918915014405880e-05
25 33 -9.3617467193424049e-06
26 26 6.5677360267441518e-05
26 31 -1.0793664154057752e-05
26 54 -1.3824651128618324e-05
27 27 5.5083815707141767e-05
27 32 -8.7100758725316068e-06
27 53 -1.0480886518773916e-05
28 28 6.0616960559422005e-05
28 33 -9.9596984111467721e-06
28 55 -1.1986347459008746e-05
29 29 5.8903119456011531e-05
29 34 -9.1381465942783995e-06
29 52 -1.1172796562625992e-05
30 5 -1.0071390449255908e-05
30 13 -1.0397929241324796e-05
30 30 5.2023576253145787e-05
30 32 -1.1768841293269007e-05
31 12 -1.0001527862159219e-05
31 26 -1.0793664154057752e-05
31 31 5.5937696421535583e-05
31 49 -1.2298324158782875e-05
32 11 -9.9765458739985917e-06
32 27 -8.7100758725316068e-06
32 30 -1.1768841293269007e-05
32 32 5.0896674455428676e-05
33 14 -7.6484424191746533e-06
33 25 -9.3617467193424049e-06
33 28 -9.9596984111467721e-06
33 33 4.3962577631597424e-05
34 2 -9.3175844378595349e-06
34 14 -7.9950544314406870e-06
34 29 -9.1381465942783995e-06
34 34 4.4061240921729666e-05
35 6 -9.5315854734487297e-06
35 24 -1.1317389178571692e-05
35 35 5.1691782986772251e-05
35 65 -1.2412333368762870e-05
36 7 -8.4738188151428659e-06
36 19 -9.2972565448960285e-06
36 36 4.8273687377378544e-05
36 66 -1.1719818059493473e-05
37 37 6.4955914150832442e-05
37 41 -1.3967650794427842e-05
37 54 -8.1403644920671794e-06
38 38 4.7178331713684760e-05
38 42 -1.0096938584684367e-05
38 53 -6.3322477318473749e-06
39 39 4.8620016075657873e-05
39 40 -1.0091405699256150e-05
39 55 -6.6810073356504282e-06
40 39 -1.0091405699256150e-05
40 40 4.7151922306919907e-05
40 58 -6.3276842973510610e-06
41 37 -1.3967650794427842e-05
41 41 6.5569636365528911e-05
41 57 -8.6846185925872119e-06
42 38 -1.0096938584684367e-05
42 42 4.8691476131749254e-05
42 56 -6.7272444443208006e-06
43 43 5.5615954992207671e-05
43 44 -1.1214877187772868e-05
43 59 -7.0190022756918065e-06
44 43 -1.1214877187772868e-05
44 44 5.5285906090223891e-05
44 52 -6.6898724467727713e-06
45 1 -9.4798159415696724e-06
45 45 4.9412518544948903e-05
45 51 -1.1198315697544424e-05
45 64 -8.9320671588268160e-06
46 9 -1.1179914821811394e-05
46 21 -1.0513508360662879e-05
46 46 4.6073735655240559e-05
46 66 -7.5873813280290215e-06
47 8 -8.3397777926774435e-06
47 15 -1.1995329395950906e-05
47 47 5.0363755843360562e-05
47 50 -1.1862640203834411e-05
48 9 -7.6561250927140117e-06
48 15 -1.2102185942216311e-05
48 48 5.0131310934632369e-05
48 51 -1.1631008003888599e-05
49 8 -1.1867191586376170e-05
49 31 -1.2298324158782875e-05
49 49 5.1112043540586543e-05
49 65 -9.2372647436737353e-06
50 47 -1.1862640203834411e-05
50 50 5.1601067097906918e-05
50 64 -1.3263803273605281e-05
50 65 -8.7315522765833656e-06
51 45 -1.1198315697544424e-05
51 48 -1.1631008003888599e-05
51 51 4.8664053436284898e-05
51 66 -8.0387666361500855e-06
52 29 -1.1172796562625992e-05
52 44 -6.6898724467727713e-06
52 52 4.2691907487351265e-05
52 60 -9.0178232216862878e-06
53 27 -1.0480886518773916e-05
53 38 -6.3322477318473749e-06
53 53 4.1074607191496538e-05
53 61 -9.4278955826728205e-06
54 26 -1.3824651128618324e-05
54 37 -8.1403644920671794e-06
54 54 5.1246809330778106e-05
54 62 -1.1470765757687373e-05
55 28 -1.1986347459008746e-05
55 39 -6.6810073356504282e-06
55 55 4.4328516644645515e-05
55 63 -9.8669971732316266e-06
56 16 -1.1930918368532862e-05
56 42 -6.7272444443208006e-06
56 56 4.3397826937649912e-05
56 61 -9.4868669132621138e-06
57 17 -1.2160380311696800e-05
57 41 -8.6846185925872119e-06
57 57 4.6392144013980495e-05
57 62 -9.9492779496811366e-06
58 18 -1.0840419323400739e-05
58 40 -6.3276842973510610e-06
58 58 4.0900693194483034e-05
58 63 -9.0419086450250414e-06
59 22 -1.0421196507827636e-05
59 43 -7.0190022756918065e-06
59 59 3.9267184151798880e-05
59 60 -7.6919530586780126e-06
60 7 -1.0349205419791276e-05
60 52 -9.0178232216862878e-06
60 59 -7.6919530586780126e-06
60 60 4.2307615381510560e-05
61 5 -1.1088792015189238e-05
61 53 -9.4278955826728205e-06
61 56 -9.4868669132621138e-06
61 61 4.5474859827100983e-05
62 3 -1.1885386174411112e-05
62 54 -1.1470765757687373e-05
62 57 -9.9492779496811366e-06
62 62 4.9747813968088796e-05
63 6 -1.1027725974229106e-05
63 55 -9.8669971732316266e-06
63 58 -9.0419086450250414e-06
63 63 4.4970061139125580e-05
64 4 -8.2988976487070754e-06
64 45 -8.9320671588268160e-06
64 50 -1.3263803273605281e-05
64 64 4.8164013360766244e-05
65 35 -1.2412333368762870e-05
65 49 -9.2372647436737353e-06
65 50 -8.7315522765833656e-06
65 65 4.5301284386104942e-05
66 36 -1.1719818059493473e-05
66 46 -7.5873813280290215e-06
66 51 -8.0387666361500855e-06
66 66 4.1936531312509742e-05
