%%MatrixMarket matrix coordinate real general
66 66 244
1 1 5.8191476427917075e-05
1 2 -1.3462255832822479e-05
1 7 -9.8326503136486379e-06
1 45 -9.5179714358592700e-06
2 1 -1.3462255832822479e-05
2 2 5.2964217645679545e-05
2 25 -8.4469028368749885e-06
2 34 -9.3274244074197836e-06
3 3 5.7555146223436497e-05
3 8 -1.4124396176680592e-05
3 20 -1.0461707252162138e-05
3 62 -1.1932332498371926e-05
4 4 5.2209028257182660e-05
4 6 -1.1932417294269425e-05
4 25 -1.1931960269729679e-05
4 64 -8.3838296843868211e-06
5 5 5.5965737474751145e-05
5 9 -1.3019704455353189e-05
5 30 -1.0239828463737364e-05
5 61 -1.1300586426148345e-05
6 4 -1.1932417294269425e-05
6 6 5.2225546367936431e-05
6 35 -9.7103570851220916e-06
6 63 -1.1264870433066529e-05
7 1 -9.8326503136486379e-06
7 7 4.8639745857889739e-05
7 36 -8.5022233530312648e-06
7 60 -1.0353906553714998e-05
8 3 -1.4124396176680592e-05
8 8 5.2948682038170334e-05
8 47 -8.3664282334093239e-06
8 49 -1.1975719414475618e-05
9 5 -1.3019704455353189e-05
9 9 5.1026735665601756e-05
9 46 -1.1291050214175287e-05
9 48 -7.7338739250587442e-06
10 10 5.6615685841655467e-05
10 19 -8.6065257920237373e-06
10 21 -9.3327475067796648e-06
11 11 6.6900780247750497e-05
11 23 -1.0932306211742230e-05
11 32 -1.1261367111084991e-05
12 12 6.6474095405267414e-05
12 24 -1.0568427681903467e-05
12 31 -1.1316972834078046e-05
13 13 5.2768840485476776e-05
13 15 -1.0954577940221083e-05
13 20 -1.0897490112586030e-05
13 30 -1.0483500176051111e-05
14 14 5.5021965463853436e-05
14 33 -7.7313911806215451e-06
14 34 -8.0555953321424837e-06
15 13 -1.0954577940221083e-05
15 15 5.8456300380780854e-05
15 47 -1.2087890422145828e-05
15 48 -1.2167470978841695e-05
16 16 6.1631158421653610e-05
16 21 -9.4822222630619084e-06
16 56 -1.2438250706384731e-05
17 17 6.9440113470562549e-05
17 23 -1.1234909138324573e-05
17 57 -1.3170497908245263e-05
18 18 6.8292839411971873e-05
18 24 -1.1384081452808794e-05
18 58 -1.2928972373106932e-05
19 10 -8.6065257920237373e-06
19 19 4.6391498064399135e-05
19 22 -9.3060573351198285e-06
19 36 -9.3313019662897510e-06
20 3 -1.0461707252162138e-05
20 13 -1.0897490112586030e-05
20 20 5.3650466959665037e-05
20 23 -1.1993569494257706e-05
21 10 -9.3327475067796648e-06
21 16 -9.4822222630619084e-06
21 21 5.0787618088766977e-05
21 46 -1.0682249342990962e-05
22 19 -9.3060573351198285e-06
22 22 5.8348790004052333e-05
22 59 -1.0430575761730073e-05
23 11 -1.0932306211742230e-05
23 17 -1.1234909138324573e-05
23 20 -1.1993569494257706e-05
23 23 5.5294592806624958e-05
24 12 -1.0568427681903467e-05
24 18 -1.1384081452808794e-05
24 24 5.3750893665266861e-05
24 35 -1.1404288711992909e-05
25 2 -8.4469028368749885e-06
25 4 -1.1931960269729679e-05
25 25 4.9664258341605531e-05
25 33 -9.5073924704491102e-06
26 26 7.1579377682971920e-05
26 31 -1.1632581839350164e-05
26 54 -1.4917748970058111e-05
27 27 6.7051563934944416e-05
27 32 -1.0366692778087222e-05
27 53 -1.2548960412738286e-05
28 28 6.2117151129204625e-05
28 33 -1.0084209945584991e-05
28 55 -1.2469556196158873e-05
29 29 5.9037993949685684e-05
29 34 -9.1966926803732613e-06
29 52 -1.1179839519433417e-05
30 5 -1.0239828463737364e-05
30 13 -1.0483500176051111e-05
30 30 5.2747174942677554e-05
30 32 -1.1853553665280003e-05
31 12 -1.1316972834078046e-05
31 26 -1.1632581839350164e-05
31 31 5.8091124889584727e-05
31 49 -1.2309930198123416e-05
32 11 -1.1261367111084991e-05
32 27 -1.0366692778087222e-05
32 30 -1.1853553665280003e-05
32 32 5.4049365168033639e-05
33 14 -7.7313911806215451e-06
33 25 -9.5073924704491102e-06
33 28 -1.0084209945584991e-05
33 33 4.4517897497719109e-05
34 2 -9.3274244074197836e-06
34 14 -8.0555953321424837e-06
34 29 -9.1966926803732613e-06
34 34 4.4332396758614768e-05
35 6 -9.7103570851220916e-06
35 24 -1.1404288711992909e-05
35 35 5.2462242185414234e-05
35 65 -1.2515386117964285e-05
36 7 -8.5022233530312648e-06
36 19 -9.3313019662897510e-06
36 36 4.8721467867297832e-05
36 66 -1.1792116491035647e-05
37 37 6.8072521485776634e-05
37 41 -1.4596858640693749e-05
37 54 -8.4736913271962375e-06
38 38 6.2446933308532094e-05
38 42 -1.3321745789539589e-05
38 53 -8.1554554643317171e-06
39 39 5.9770865133800013e-05
39 40 -1.3317669360724354e-05
39 55 -7.1595364160666367e-06
40 39 -1.3317669360724354e-05
40 40 6.2422605900435178e-05
40 58 -8.1491496682437945e-06
41 37 -1.4596858640693749e-05
41 41 6.8647323947581496e-05
41 57 -9.0336848850942364e-06
42 38 -1.3321745789539589e-05
42 42 5.9853079058675192e-05
42 56 -7.2259485906399935e-06
43 43 5.5642360980811601e-05
43 44 -1.1221316331044598e-05
43 59 -7.0227386978672522e-06
44 43 -1.1221316331044598e-05
44 44 5.5314655375636945e-05
44 52 -6.6918314498762176e-06
45 1 -9.5179714358592700e-06
45 45 4.9673639631620466e-05
45 51 -1.1249475621850363e-05
45 64 -9.0207260266238102e-06
46 9 -1.1291050214175287e-05
46 21 -1.0682249342990962e-05
46 46 4.6787200513306077e-05
46 66 -7.7087968518219975e-06
47 8 -8.3664282334093239e-06
47 15 -1.2087890422145828e-05
47 47 5.0954010097378852e-05
47 50 -1.1958252556298940e-05
48 9 -7.7338739250587442e-06
48 15 -1.2167470978841695e-05
48 48 5.0836160571511219e-05
48 51 -1.1748273630920926e-05
49 8 -1.1975719414475618e-05
49 31 -1.2309930198123416e-05
49 49 5.1534424054997874e-05
49 65 -9.3272287065826680e-06
50 47 -1.1958252556298940e-05
50 50 5.2204169287234177e-05
50 64 -1.3365927033205883e-05
50 65 -8.8016975959895384e-06
51 45 -1.1249475621850363e-05
51 48 -1.1748273630920926e-05
51 51 4.9166198109272066e-05
51 66 -8.0774684244564931e-06
52 29 -1.1179839519433417e-05
52 44 -6.6918314498762176e-06
52 52 4.2742525422290920e-05
52 60 -9.0465115304836099e-06
53 27 -1.2548960412738286e-05
53 38 -8.1554554643317171e-06
53 53 4.5877090585876360e-05
53 61 -9.7560275192725844e-06
54 26 -1.4917748970058111e-05
54 37 -8.4736913271962375e-06
54 54 5.2642824968408394e-05
54 62 -1.1465609032178433e-05
55 28 -1.2469556196158873e-05
55 39 -7.1595364160666367e-06
55 55 4.6259666797051777e-05
55 63 -1.0284770639736907e-05
56 16 -1.2438250706384731e-05
56 42 -7.2259485906399935e-06
56 56 4.5547207799966012e-05
56 61 -9.8674610994093943e-06
57 17 -1.3170497908245263e-05
57 41 -9.0336848850942364e-06
57 57 4.7721676060750933e-05
57 62 -9.9426260841096074e-06
58 18 -1.2928972373106932e-05
58 40 -8.1491496682437945e-06
58 58 4.5685744725160169e-05
58 63 -9.3539012814127645e-06
59 22 -1.0430575761730073e-05
59 43 -7.0227386978672522e-06
59 59 3.9505038040085610e-05
59 60 -7.7169506153669924e-06
60 7 -1.0353906553714998e-05
60 52 -9.0465115304836099e-06
60 59 -7.7169506153669924e-06
60 60 4.2622480173695272e-05
61 5 -1.1300586426148345e-05
61 53 -9.7560275192725844e-06
61 56 -9.8674610994093943e-06
61 61 4.7083791976172065e-05
62 3 -1.1932332498371926e-05
62 54 -1.1465609032178433e-05
62 57 -9.9426260841096074e-06
62 62 4.9862336131392771e-05
63 6 -1.1264870433066529e-05
63 55 -1.0284770639736907e-05
63 58 -9.3539012814127645e-06
63 63 4.6652301079558827e-05
64 4 -8.3838296843868211e-06
64 45 -9.0207260266238102e-06
64 50 -1.3365927033205883e-05
64 64 4.8658177981640033e-05
65 35 -1.2515386117964285e-05
65 49 -9.3272287065826680e-06
65 50 -8.8016975959895384e-06
65 65 4.5859376475563088e-05
66 36 -1.1792116491035647e-05
66 46 -7.7087968518219975e-06
66 51 -8.0774684244564931e-06
66 66 4.2276370720770806e-05
