%%MatrixMarket matrix coordinate real general
66 66 244
1 1 2.4603304471902064e-04
1 2 -1.2470373218352820e-07
1 7 -9.1021841820850376e-08
1 45 -8.4724980457254609e-08
2 1 -1.2470373218352820e-07
2 2 2.1311996139598103e-04
2 25 -7.7357783266755243e-08
2 34 -8.7178992671235388e-08
3 3 1.9354842429064600e-04
3 8 -1.1135948890960785e-07
3 20 -8.2580700102914120e-08
3 62 -9.2202162197074311e-08
4 4 1.9100005541650828e-04
4 6 -1.0138954414011234e-07
4 25 -1.0450188047147633e-07
4 64 -7.2445936039041276e-08
5 5 2.0342743697776016e-04
5 9 -1.1021796276226298e-07
5 30 -8.3066458612471159e-08
5 61 -9.5875697953829062e-08
6 4 -1.0138954414011234e-07
6 6 1.8241895527544528e-04
6 35 -7.8994666043147388e-08
6 63 -9.5971083386079486e-08
7 1 -9.1021841820850376e-08
7 7 1.9574877209577554e-04
7 36 -8.0070865147423943e-08
7 60 -9.7926502065782611e-08
8 3 -1.1135948890960785e-07
8 8 1.7114933743042423e-04
8 47 -6.6769575237107605e-08
8 49 -9.5333563191292321e-08
9 5 -1.1021796276226298e-07
9 9 1.8033678660831745e-04
9 46 -9.8279985874621408e-08
9 48 -6.6736931982300521e-08
10 10 1.9639057409960754e-04
10 19 -8.3470878187459205e-08
10 21 -8.8185042988076161e-08
11 11 1.9899058570782433e-04
11 23 -8.5301667878448779e-08
11 32 -8.7732756011134126e-08
12 12 1.9900735161999098e-04
12 24 -8.2430314332420375e-08
12 31 -8.8394402254859396e-08
13 13 1.9076051724143661e-04
13 15 -8.8857394818649203e-08
13 20 -8.6071343699817487e-08
13 30 -8.5278600072550765e-08
14 14 1.5792726929391744e-04
14 33 -7.3391555202562860e-08
14 34 -7.8006600886562277e-08
15 13 -8.8857394818649203e-08
15 15 2.1911302740243969e-04
15 47 -9.9960342779830954e-08
15 48 -1.0135436506926819e-07
16 16 2.2102476980715745e-04
16 21 -8.9740748353153746e-08
16 56 -1.1287596632425692e-07
17 17 2.0225618851267633e-04
17 23 -8.6646761134031888e-08
17 57 -1.0168152116371382e-07
18 18 2.0520101875930521e-04
18 24 -9.0374863604849320e-08
18 58 -1.0243277383430776e-07
19 10 -8.3470878187459205e-08
19 19 1.8931939832833393e-04
19 22 -9.0190673212781448e-08
19 36 -8.7731978998922360e-08
20 3 -8.2580700102914120e-08
20 13 -8.6071343699817487e-08
20 20 1.8746245474349273e-04
20 23 -9.2707549395991877e-08
21 10 -8.8185042988076161e-08
21 16 -8.9740748353153746e-08
21 21 2.0883133895344133e-04
21 46 -9.6926631712936359e-08
22 19 -9.0190673212781448e-08
22 22 2.0209891536640624e-04
22 59 -1.0289348307251497e-07
23 11 -8.5301667878448779e-08
23 17 -8.6646761134031888e-08
23 20 -9.2707549395991877e-08
23 23 1.9492351724335481e-04
24 12 -8.2430314332420375e-08
24 18 -9.0374863604849320e-08
24 24 1.8815426379593714e-04
24 35 -8.9519194875900053e-08
25 2 -7.7357783266755243e-08
25 4 -1.0450188047147633e-07
25 25 1.9186062524408551e-04
25 33 -8.7000860317442201e-08
26 26 2.2950935471541237e-04
26 31 -8.9799763424828671e-08
26 54 -1.1530536028566077e-07
27 27 1.9383243540198767e-04
27 32 -8.2220825568517390e-08
27 53 -9.9311467297501815e-08
28 28 2.1874904788805928e-04
28 33 -9.5894987040906389e-08
28 55 -1.1327640169458455e-07
29 29 2.0904689860692040e-04
29 34 -8.9013130392048524e-08
29 52 -1.1014726676788215e-07
30 5 -8.3066458612471159e-08
30 13 -8.5278600072550765e-08
30 30 1.8869576694655074e-04
30 32 -9.2913791172792091e-08
31 12 -8.8394402254859396e-08
31 26 -8.9799763424828671e-08
31 31 2.0905245226109890e-04
31 49 -9.5402692940090215e-08
32 11 -8.7732756011134126e-08
32 27 -8.2220825568517390e-08
32 30 -9.2913791172792091e-08
32 32 1.8948562698216980e-04
33 14 -7.3391555202562860e-08
33 25 -8.7000860317442201e-08
33 28 -9.5894987040906389e-08
33 33 1.6955499158209953e-04
34 2 -8.7178992671235388e-08
34 14 -7.8006600886562277e-08
34 29 -8.9013130392048524e-08
34 34 1.7648491812986909e-04
35 6 -7.8994666043147388e-08
35 24 -8.9519194875900053e-08
35 35 1.7493651725668599e-04
35 65 -1.0222625070684162e-07
36 7 -8.0070865147423943e-08
36 19 -8.7731978998922360e-08
36 36 1.8625962352496761e-04
36 66 -1.0787262344232660e-07
37 37 1.7805696157104108e-04
37 41 -1.1111445462574041e-07
37 54 -6.4627430493260013e-08
38 38 1.7954173008942766e-04
38 42 -1.1158835663095384e-07
38 53 -6.8965613512139396e-08
39 39 1.7539732510973681e-04
39 40 -1.1158838857678518e-07
39 55 -6.5395531984393942e-08
40 39 -1.1158838857678518e-07
40 40 1.7954066406824221e-04
40 58 -6.8929083121234229e-08
41 37 -1.1111445462574041e-07
41 41 1.7804182012847233e-04
41 57 -6.8875948585775955e-08
42 38 -1.1158835663095384e-07
42 42 1.7539781227751122e-04
42 56 -6.5933956174614147e-08
43 43 1.7466158229046341e-04
43 44 -1.1206414888628220e-07
43 59 -6.9238031319662685e-08
44 43 -1.1206414888628220e-07
44 44 1.7465800188064379e-04
44 52 -6.5891996125204748e-08
45 1 -8.4724980457254609e-08
45 45 1.9159369884058761e-04
45 51 -9.9826345357775445e-08
45 64 -7.7835367743403472e-08
46 9 -9.8279985874621408e-08
46 21 -9.6926631712936359e-08
46 46 1.6649367885566047e-04
46 66 -7.0136216966146416e-08
47 8 -6.6769575237107605e-08
47 15 -9.9960342779830954e-08
47 47 1.7300579196364432e-04
47 50 -9.8860184477396232e-08
48 9 -6.6736931982300521e-08
48 15 -1.0135436506926819e-07
48 48 1.8199122753520254e-04
48 51 -1.0123784780951610e-07
49 8 -9.5333563191292321e-08
49 31 -9.5402692940090215e-08
49 49 1.6505438748859461e-04
49 65 -7.4124902028784508e-08
50 47 -9.8860184477396232e-08
50 50 1.6966041794199611e-04
50 64 -1.1185340925079112e-07
50 65 -7.1640354654767889e-08
51 45 -9.9826345357775445e-08
51 48 -1.0123784780951610e-07
51 51 1.7317158406931495e-04
51 66 -7.1545904650687832e-08
52 29 -1.1014726676788215e-07
52 44 -6.5891996125204748e-08
52 52 1.5824881678414983e-04
52 60 -8.7754928093944223e-08
53 27 -9.9311467297501815e-08
53 38 -6.8965613512139396e-08
53 53 1.4413329888426931e-04
53 61 -7.8478760669733957e-08
54 26 -1.1530536028566077e-07
54 37 -6.4627430493260013e-08
54 54 1.6216478797898199e-04
54 62 -8.7779750704016320e-08
55 28 -1.1327640169458455e-07
55 39 -6.5395531984393942e-08
55 55 1.5952414556483520e-04
55 63 -8.7790245790925732e-08
56 16 -1.1287596632425692e-07
56 42 -6.5933956174614147e-08
56 56 1.5613198516194364e-04
56 61 -8.3903799422060378e-08
57 17 -1.0168152116371382e-07
57 41 -6.8875948585775955e-08
57 57 1.4334543298697336e-04
57 62 -7.6000738413161889e-08
58 18 -1.0243277383430776e-07
58 40 -6.8929083121234229e-08
58 58 1.4267723077434759e-04
58 63 -7.5282887871516355e-08
59 22 -1.0289348307251497e-07
59 43 -6.9238031319662685e-08
59 59 1.4172193340596115e-04
59 60 -7.4856333643330281e-08
60 7 -9.7926502065782611e-08
60 52 -8.7754928093944223e-08
60 59 -7.4856333643330281e-08
60 60 1.5258015249495097e-04
61 5 -9.5875697953829062e-08
61 53 -7.8478760669733957e-08
61 56 -8.3903799422060378e-08
61 61 1.5327189236771649e-04
62 3 -9.2202162197074311e-08
62 54 -8.7779750704016320e-08
62 57 -7.6000738413161889e-08
62 62 1.5163610812343769e-04
63 6 -9.5971083386079486e-08
63 55 -8.7790245790925732e-08
63 58 -7.5282887871516355e-08
63 63 1.5002511370576629e-04
64 4 -7.2445936039041276e-08
64 45 -7.7835367743403472e-08
64 50 -1.1185340925079112e-07
64 64 1.7003428838219571e-04
65 35 -1.0222625070684162e-07
65 49 -7.4124902028784508e-08
65 50 -7.1640354654767889e-08
65 65 1.4120374851281627e-04
66 36 -1.0787262344232660e-07
66 46 -7.0136216966146416e-08
66 51 -7.1545904650687832e-08
66 66 1.4253641163095506e-04
