%%MatrixMarket matrix coordinate real general
66 66 244
1 1 5.7433519297622675e-05
1 2 -1.3367112994663786e-05
1 7 -9.7620820128126371e-06
1 45 -9.4491632238199450e-06
2 1 -1.3367112994663786e-05
2 2 5.2624055099523132e-05
2 25 -8.2790197996824267e-06
2 34 -9.3008096457843196e-06
3 3 5.7163150609618454e-05
3 8 -1.4036490308187877e-05
3 20 -1.0392099657867988e-05
3 62 -1.1860768248499137e-05
4 4 5.1291861724828017e-05
4 6 -1.1638431787425914e-05
4 25 -1.1748230762373572e-05
4 64 -8.2560221609469449e-06
5 5 5.4589430141941612e-05
5 9 -1.2730827857199129e-05
5 30 -1.0006881651433652e-05
5 61 -1.1011360231238424e-05
6 4 -1.1638431787425914e-05
6 6 5.0791165829837819e-05
6 35 -9.4641983158529765e-06
6 63 -1.0942964350518110e-05
7 1 -9.7620820128126371e-06
7 7 4.8461859152990853e-05
7 36 -8.4519650437776636e-06
7 60 -1.0331814795669205e-05
8 3 -1.4036490308187877e-05
8 8 5.2567452919688292e-05
8 47 -8.3222685366926800e-06
8 49 -1.1816307564102740e-05
9 5 -1.2730827857199129e-05
9 9 4.9979050055943925e-05
9 46 -1.1130264314041506e-05
9 48 -7.6160173016219327e-06
10 10 5.5961752620026429e-05
10 19 -8.5419950030558596e-06
10 21 -9.1887097670515718e-06
11 11 5.6435473466484142e-05
11 23 -9.4123232863588909e-06
11 32 -9.6853332279557553e-06
12 12 5.5829814204648592e-05
12 24 -9.0523652803409030e-06
12 31 -9.7118307947032258e-06
13 13 5.2143700071925179e-05
13 15 -1.0833450335694746e-05
13 20 -1.0788654062098880e-05
13 30 -1.0356267891568777e-05
14 14 5.4285275843477508e-05
14 33 -7.6161912395663484e-06
14 34 -7.9678633626280108e-06
15 13 -1.0833450335694746e-05
15 15 5.7871652168044058e-05
15 47 -1.1944140462781291e-05
15 48 -1.2061864306315546e-05
16 16 5.9626580591488326e-05
16 21 -9.3138372194128872e-06
16 56 -1.1783864674162978e-05
17 17 6.1881474243728380e-05
17 23 -1.0161356659188070e-05
17 57 -1.1886156997888707e-05
18 18 5.4357132413064246e-05
18 24 -9.2878629678061921e-06
18 58 -1.0466047209655348e-05
19 10 -8.5419950030558596e-06
19 19 4.5934279760842413e-05
19 22 -9.2473365814666652e-06
19 36 -9.2718373839681609e-06
20 3 -1.0392099657867988e-05
20 13 -1.0788654062098880e-05
20 20 5.3232979567687918e-05
20 23 -1.1988251949211976e-05
21 10 -9.1887097670515718e-06
21 16 -9.3138372194128872e-06
21 21 4.9864402248387677e-05
21 46 -1.0444523073454551e-05
22 19 -9.2473365814666652e-06
22 22 5.8158354956650411e-05
22 59 -1.0411938699997338e-05
23 11 -9.4123232863588909e-06
23 17 -1.0161356659188070e-05
23 20 -1.1988251949211976e-05
23 23 5.2930330826029524e-05
24 12 -9.0523652803409030e-06
24 18 -9.2878629678061921e-06
24 24 4.9753020591552724e-05
24 35 -1.1262724493126829e-05
25 2 -8.2790197996824267e-06
25 4 -1.1748230762373572e-05
25 25 4.8620139842752319e-05
25 33 -9.3024071455186222e-06
26 26 6.4078908823302915e-05
26 31 -1.0562130915235780e-05
26 54 -1.3523046110146511e-05
27 27 5.3115541344634425e-05
27 32 -8.4290635422986151e-06
27 53 -1.0119334856829613e-05
28 28 6.0140699747132156e-05
28 33 -9.9115483271965485e-06
28 55 -1.1845353349045352e-05
29 29 5.8823365546124907e-05
29 34 -9.1106879891294616e-06
29 52 -1.1163523586586181e-05
30 5 -1.0006881651433652e-05
30 13 -1.0356267891568777e-05
30 30 5.1715608995059583e-05
30 32 -1.1714849826743370e-05
31 12 -9.7118307947032258e-06
31 26 -1.0562130915235780e-05
31 31 5.5405491651197790e-05
31 49 -1.2290613742504663e-05
32 11 -9.6853332279557553e-06
32 27 -8.4290635422986151e-06
32 30 -1.1714849826743370e-05
32 32 5.0163738647277905e-05
33 14 -7.6161912395663484e-06
33 25 -9.3024071455186222e-06
33 28 -9.9115483271965485e-06
33 33 4.3743090483156481e-05
34 2 -9.3008096457843196e-06
34 14 -7.9678633626280108e-06
34 29 -9.1106879891294616e-06
34 34 4.3925171336652714e-05
35 6 -9.4641983158529765e-06
35 24 -1.1262724493126829e-05
35 35 5.1365315632914784e-05
35 65 -1.2362146849027899e-05
36 7 -8.4519650437776636e-06
36 19 -9.2718373839681609e-06
36 36 4.8132253009262066e-05
36 66 -1.1676405662629759e-05
37 37 6.3963010997322204e-05
37 41 -1.3765237033904101e-05
37 54 -8.0345255630142695e-06
38 38 4.5935503084912853e-05
38 42 -9.7762477280376388e-06
38 53 -6.1772483265919448e-06
39 39 4.6433273241035667e-05
39 40 -9.7710794222715194e-06
39 55 -6.5387292325104067e-06
40 39 -9.7710794222715194e-06
40 40 4.5911602142079316e-05
40 58 -6.1734865388798033e-06
41 37 -1.3765237033904101e-05
41 41 6.4586154153446540e-05
41 57 -8.5731376442421065e-06
42 38 -9.7762477280376388e-06
42 42 4.6502151373655516e-05
42 56 -6.5799495210028594e-06
43 43 5.5594489184108033e-05
43 44 -1.1210801043884529e-05
43 59 -7.0135810062395570e-06
44 43 -1.1210801043884529e-05
44 44 5.5263499926714178e-05
44 52 -6.6850399403638515e-06
45 1 -9.4491632238199450e-06
45 45 4.9231946050216875e-05
45 51 -1.1160784014920434e-05
45 64 -8.8873078508666823e-06
46 9 -1.1130264314041506e-05
46 21 -1.0444523073454551e-05
46 46 4.5773061480128589e-05
46 66 -7.5383197417882732e-06
47 8 -8.3222685366926800e-06
47 15 -1.1944140462781291e-05
47 47 5.0148148853388533e-05
47 50 -1.1810453492729104e-05
48 9 -7.6160173016219327e-06
48 15 -1.2061864306315546e-05
48 48 5.0041215618559361e-05
48 51 -1.1570859853482005e-05
49 8 -1.1816307564102740e-05
49 31 -1.2290613742504663e-05
49 49 5.0915906843785960e-05
49 65 -9.1955441781906911e-06
50 47 -1.1810453492729104e-05
50 50 5.1381070696282380e-05
50 64 -1.3209237257184256e-05
50 65 -8.6995433932579847e-06
51 45 -1.1160784014920434e-05
51 48 -1.1570859853482005e-05
51 51 4.8473041596264581e-05
51 66 -8.0108847322383728e-06
52 29 -1.1163523586586181e-05
52 44 -6.6850399403638515e-06
52 52 4.2644419197059349e-05
52 60 -8.9987861458399333e-06
53 27 -1.0119334856829613e-05
53 38 -6.1772483265919448e-06
53 53 4.0071690636976885e-05
53 61 -9.2589077630674483e-06
54 26 -1.3523046110146511e-05
54 37 -8.0345255630142695e-06
54 54 5.0855385554300726e-05
54 62 -1.1473885003870911e-05
55 28 -1.1845353349045352e-05
55 39 -6.5387292325104067e-06
55 55 4.3713341259682140e-05
55 63 -9.7418420206947229e-06
56 16 -1.1783864674162978e-05
56 42 -6.5799495210028594e-06
56 56 4.2769343229201249e-05
56 61 -9.3723704137587047e-06
57 17 -1.1886156997888707e-05
57 41 -8.5731376442421065e-06
57 57 4.6025335303855530e-05
57 62 -9.9534046779020666e-06
58 18 -1.0466047209655348e-05
58 40 -6.1734865388798033e-06
58 58 3.9900757139904539e-05
58 63 -8.8822196243545734e-06
59 22 -1.0411938699997338e-05
59 43 -7.0135810062395570e-06
59 59 3.9222458862557602e-05
59 60 -7.6755280752141976e-06
60 7 -1.0331814795669205e-05
60 52 -8.9987861458399333e-06
60 59 -7.6755280752141976e-06
60 60 4.2215910645462400e-05
61 5 -1.1011360231238424e-05
61 53 -9.2589077630674483e-06
61 56 -9.3723704137587047e-06
61 61 4.4918826283084874e-05
62 3 -1.1860768248499137e-05
62 54 -1.1473885003870911e-05
62 57 -9.9534046779020666e-06
62 62 4.9692552209433546e-05
63 6 -1.0942964350518110e-05
63 55 -9.7418420206947229e-06
63 58 -8.8822196243545734e-06
63 63 4.4391924894239418e-05
64 4 -8.2560221609469449e-06
64 45 -8.8873078508666823e-06
64 50 -1.3209237257184256e-05
64 64 4.7918008066952797e-05
65 35 -1.2362146849027899e-05
65 49 -9.1955441781906911e-06
65 50 -8.6995433932579847e-06
65 65 4.5268437300324439e-05
66 36 -1.1676405662629759e-05
66 46 -7.5383197417882732e-06
66 51 -8.0108847322383728e-06
66 66 4.1761348826386161e-05
