%%MatrixMarket matrix coordinate real general
66 66 244
1 1 2.4603147363429207e-04
1 2 -1.2470411347903354e-07
1 7 -9.1021940605219335e-08
1 45 -8.4725010221184558e-08
2 1 -1.2470411347903354e-07
2 2 2.1310683668086306e-04
2 25 -7.7358240924982538e-08
2 34 -8.7181349297958649e-08
3 3 1.9377942091635563e-04
3 8 -1.1135037958951549e-07
3 20 -8.2560198330443471e-08
3 62 -9.2155813143465297e-08
4 4 1.9100991217394341e-04
4 6 -1.0138561859941414e-07
4 25 -1.0450192925565686e-07
4 64 -7.2445727950730534e-08
5 5 2.0358141784752211e-04
5 9 -1.1021347469907626e-07
5 30 -8.3047262880130826e-08
5 61 -9.5849987879668737e-08
6 4 -1.0138561859941414e-07
6 6 1.8256220129027039e-04
6 35 -7.8976267236670079e-08
6 63 -9.5945492759724855e-08
7 1 -9.1021940605219335e-08
7 7 1.9574528188415582e-04
7 36 -8.0071143910338898e-08
7 60 -9.7927227019882143e-08
8 3 -1.1135037958951549e-07
8 8 1.7123138687731354e-04
8 47 -6.6767951183493873e-08
8 49 -9.5313586340949789e-08
9 5 -1.1021347469907626e-07
9 9 1.8034726080333192e-04
9 46 -9.8279936950107060e-08
9 48 -6.6736731482077011e-08
10 10 1.9614527515657805e-04
10 19 -8.3477870451834419e-08
10 21 -8.8191966391100730e-08
11 11 2.0447201421797801e-04
11 23 -8.4702903506658561e-08
11 32 -8.7106152016424864e-08
12 12 2.0443381597912860e-04
12 24 -8.1845867488926751e-08
12 31 -8.7803435548277345e-08
13 13 1.9088310203125129e-04
13 15 -8.8854683939571282e-08
13 20 -8.6052116371372364e-08
13 30 -8.5258864011566955e-08
14 14 1.5768767316815213e-04
14 33 -7.3398696314861089e-08
14 34 -7.8014241579607573e-08
15 13 -8.8854683939571282e-08
15 15 2.1912128267705301e-04
15 47 -9.9960015573824513e-08
15 48 -1.0135414601615454e-07
16 16 2.2083957830606557e-04
16 21 -8.9746189011934098e-08
16 56 -1.1287092316804783e-07
17 17 2.0751184972186637e-04
17 23 -8.6047126577558266e-08
17 57 -1.0086898321764324e-07
18 18 2.1022110979339011e-04
18 24 -8.9750063177716006e-08
18 58 -1.0163967139619218e-07
19 10 -8.3477870451834419e-08
19 19 1.8922607664857274e-04
19 22 -9.0198097569405702e-08
19 36 -8.7734291062930478e-08
20 3 -8.2560198330443471e-08
20 13 -8.6052116371372364e-08
20 20 1.8822597092359237e-04
20 23 -9.2535716832865770e-08
21 10 -8.8191966391100730e-08
21 16 -8.9746189011934098e-08
21 21 2.0874340635870586e-04
21 46 -9.6928998788260851e-08
22 19 -9.0198097569405702e-08
22 22 2.0185462132445029e-04
22 59 -1.0290318398603380e-07
23 11 -8.4702903506658561e-08
23 17 -8.6047126577558266e-08
23 20 -9.2535716832865770e-08
23 23 1.9645741433643401e-04
24 12 -8.1845867488926751e-08
24 18 -8.9750063177716006e-08
24 24 1.8973868581884326e-04
24 35 -8.9348091170994617e-08
25 2 -7.7358240924982538e-08
25 4 -1.0450192925565686e-07
25 25 1.9184866323997975e-04
25 33 -8.7003289760508695e-08
26 26 2.3309813332872715e-04
26 31 -8.9259516600636116e-08
26 54 -1.1452660197398206e-07
27 27 1.9718511489361944e-04
27 32 -8.1624287416789244e-08
27 53 -9.8500371829515258e-08
28 28 2.1856167894093186e-04
28 33 -9.5901589880744738e-08
28 55 -1.1327150611983031e-07
29 29 2.0880385665146439e-04
29 34 -8.9020703941006404e-08
29 52 -1.1015696146044625e-07
30 5 -8.3047262880130826e-08
30 13 -8.5258864011566955e-08
30 30 1.8949464080291240e-04
30 32 -9.2736181422952587e-08
31 12 -8.7803435548277345e-08
31 26 -8.9259516600636116e-08
31 31 2.0995017759352090e-04
31 49 -9.5232728141296473e-08
32 11 -8.7106152016424864e-08
32 27 -8.1624287416789244e-08
32 30 -9.2736181422952587e-08
32 32 1.9125448853813944e-04
33 14 -7.3398696314861089e-08
33 25 -8.7003289760508695e-08
33 28 -9.5901589880744738e-08
33 33 1.6946194432186279e-04
34 2 -8.7181349297958649e-08
34 14 -7.8014241579607573e-08
34 29 -8.9020703941006404e-08
34 34 1.7638383175590789e-04
35 6 -7.8976267236670079e-08
35 24 -8.9348091170994617e-08
35 35 1.7566780842427117e-04
35 65 -1.0220000116670838e-07
36 7 -8.0071143910338898e-08
36 19 -8.7734291062930478e-08
36 36 1.8624917785725899e-04
36 66 -1.0787300178437847e-07
37 37 1.8505614500563251e-04
37 41 -1.0959570158645305e-07
37 54 -6.4055306843739020e-08
38 38 1.8264061172804344e-04
38 42 -1.1083676906134187e-07
38 53 -6.8402348949793818e-08
39 39 1.7690824826952531e-04
39 40 -1.1083750429992041e-07
39 55 -6.5319940858830210e-08
40 39 -1.1083750429992041e-07
40 40 1.8262025884032608e-04
40 58 -6.8371685078986597e-08
41 37 -1.0959570158645305e-07
41 41 1.8502580401296638e-04
41 57 -6.8220219349962619e-08
42 38 -1.1083676906134187e-07
42 42 1.7690931773832228e-04
42 56 -6.5857088164941250e-08
43 43 1.7437547908354901e-04
43 44 -1.1208168761226960e-07
43 59 -6.9245936800376152e-08
44 43 -1.1208168761226960e-07
44 44 1.7437152821492499e-04
44 52 -6.5899167834834386e-08
45 1 -8.4725010221184558e-08
45 45 1.9159367088938446e-04
45 51 -9.9826347859025913e-08
45 64 -7.7835346497087287e-08
46 9 -9.8279936950107060e-08
46 21 -9.6928998788260851e-08
46 46 1.6648479542211614e-04
46 66 -7.0136442176933684e-08
47 8 -6.6767951183493873e-08
47 15 -9.9960015573824513e-08
47 47 1.7301095997892434e-04
47 50 -9.8859807776943156e-08
48 9 -6.6736731482077011e-08
48 15 -1.0135414601615454e-07
48 48 1.8199209105367446e-04
48 51 -1.0123782592537746e-07
49 8 -9.5313586340949789e-08
49 31 -9.5232728141296473e-08
49 49 1.6571927673938520e-04
49 65 -7.4106921256877797e-08
50 47 -9.8859807776943156e-08
50 50 1.6966889588661757e-04
50 64 -1.1185310633084565e-07
50 65 -7.1637524506833615e-08
51 45 -9.9826347859025913e-08
51 48 -1.0123782592537746e-07
51 51 1.7317151675279169e-04
51 66 -7.1545941988607446e-08
52 29 -1.1015696146044625e-07
52 44 -6.5899167834834386e-08
52 52 1.5815292134546986e-04
52 60 -8.7758190781988253e-08
53 27 -9.8500371829515258e-08
53 38 -6.8402348949793818e-08
53 53 1.4677647606728858e-04
53 61 -7.8291826124483603e-08
54 26 -1.1452660197398206e-07
54 37 -6.4055306843739020e-08
54 54 1.6432004855731155e-04
54 62 -8.7558771680303458e-08
55 28 -1.1327150611983031e-07
55 39 -6.5319940858830210e-08
55 55 1.5988131406846054e-04
55 63 -8.7759647480423512e-08
56 16 -1.1287092316804783e-07
56 42 -6.5857088164941250e-08
56 56 1.5649301558565268e-04
56 61 -8.3872779779216570e-08
57 17 -1.0086898321764324e-07
57 41 -6.8220219349962619e-08
57 57 1.4442381847084356e-04
57 62 -7.5792185255835731e-08
58 18 -1.0163967139619218e-07
58 40 -6.8371685078986597e-08
58 58 1.4510797848138072e-04
58 63 -7.5106990215667309e-08
59 22 -1.0290318398603380e-07
59 43 -6.9245936800376152e-08
59 59 1.4162663166044514e-04
59 60 -7.4859252351550645e-08
60 7 -9.7927227019882143e-08
60 52 -8.7758190781988253e-08
60 59 -7.4859252351550645e-08
60 60 1.5255651467520874e-04
61 5 -9.5849987879668737e-08
61 53 -7.8291826124483603e-08
61 56 -8.3872779779216570e-08
61 61 1.5412727208953292e-04
62 3 -9.2155813143465297e-08
62 54 -8.7558771680303458e-08
62 57 -7.5792185255835731e-08
62 62 1.5323777002099697e-04
63 6 -9.5945492759724855e-08
63 55 -8.7759647480423512e-08
63 58 -7.5106990215667309e-08
63 63 1.5081646842975623e-04
64 4 -7.2445727950730534e-08
64 45 -7.7835346497087287e-08
64 50 -1.1185310633084565e-07
64 64 1.7003533329536878e-04
65 35 -1.0220000116670838e-07
65 49 -7.4106921256877797e-08
65 50 -7.1637524506833615e-08
65 65 1.4132268444563725e-04
66 36 -1.0787300178437847e-07
66 46 -7.0136442176933684e-08
66 51 -7.1545941988607446e-08
66 66 1.4253479280385416e-04
