%%MatrixMarket matrix coordinate real general
66 66 244
1 1 2.4603300254099096e-04
1 2 -1.2470375435236918e-07
1 7 -9.1021844711513455e-08
1 45 -8.4724981251826981e-08
2 1 -1.2470375435236918e-07
2 2 2.1311915094374286e-04
2 25 -7.7357812556256744e-08
2 34 -8.7179270648543511e-08
3 3 1.9355547208120747e-04
3 8 -1.1135921868279844e-07
3 20 -8.2579577028527517e-08
3 62 -9.2199330550657201e-08
4 4 1.9100017571386144e-04
4 6 -1.0138942638584613e-07
4 25 -1.0450189780397726e-07
4 64 -7.2445933620890179e-08
5 5 2.0343219889781781e-04
5 9 -1.1021782878282019e-07
5 30 -8.3065350061485654e-08
5 61 -9.5874136061917294e-08
6 4 -1.0138942638584613e-07
6 6 1.8242341511422156e-04
6 35 -7.8993600545321165e-08
6 63 -9.5969534684998160e-08
7 1 -9.1021844711513455e-08
7 7 1.9574866653325078e-04
7 36 -8.0070880103900004e-08
7 60 -9.7926545725723580e-08
8 3 -1.1135921868279844e-07
8 8 1.7115154279271106e-04
8 47 -6.6769532914600876e-08
8 49 -9.5332390809131037e-08
9 5 -1.1021782878282019e-07
9 9 1.8033691832576720e-04
9 46 -9.8279998329285048e-08
9 48 -6.6736929550271319e-08
10 10 1.9633776922727114e-04
10 19 -8.3472201023392214e-08
10 21 -8.8186363926455375e-08
11 11 1.9989086924960696e-04
11 23 -8.5189829590368344e-08
11 32 -8.7615739206269504e-08
12 12 1.9990278134265216e-04
12 24 -8.2320829109892415e-08
12 31 -8.8283691552006464e-08
13 13 1.9076418407673045e-04
13 15 -8.8857316311292888e-08
13 20 -8.6070233985357412e-08
13 30 -8.5277444432822983e-08
14 14 1.5787032177350791e-04
14 33 -7.3393038830231857e-08
14 34 -7.8008167972236000e-08
15 13 -8.8857316311292888e-08
15 15 2.1911313565067356e-04
15 47 -9.9960338698820920e-08
15 48 -1.0135436233697574e-07
16 16 2.2097729008671346e-04
16 21 -8.9741909833489643e-08
16 56 -1.1287680760164728e-07
17 17 2.0305968751523288e-04
17 23 -8.6535883176926363e-08
17 57 -1.0153099262940376e-07
18 18 2.0593593571622523e-04
18 24 -9.0259541318900604e-08
18 58 -1.0228479018216866e-07
19 10 -8.3472201023392214e-08
19 19 1.8930811209536840e-04
19 22 -9.0192055575809191e-08
19 36 -8.7732244922136149e-08
20 3 -8.2579577028527517e-08
20 13 -8.6070233985357412e-08
20 20 1.8750973306555166e-04
20 23 -9.2687940977852034e-08
21 10 -8.8186363926455375e-08
21 16 -8.9741909833489643e-08
21 21 2.0882055371560627e-04
21 46 -9.6926910034497703e-08
22 19 -9.0192055575809191e-08
22 22 2.0204731559678675e-04
22 59 -1.0289529288363074e-07
23 11 -8.5189829590368344e-08
23 17 -8.6535883176926363e-08
23 20 -9.2687940977852034e-08
23 23 1.9572621070357353e-04
24 12 -8.2320829109892415e-08
24 18 -9.0259541318900604e-08
24 24 1.8894440445066626e-04
24 35 -8.9499584474103240e-08
25 2 -7.7357812556256744e-08
25 4 -1.0450189780397726e-07
25 25 1.9185983201552642e-04
25 33 -8.7001158828032691e-08
26 26 2.2975208751967207e-04
26 31 -8.9702919358393527e-08
26 54 -1.1516584700398628e-07
27 27 1.9480783125665568e-04
27 32 -8.2108701410724461e-08
27 53 -9.9157372882245753e-08
28 28 2.1870145919583684e-04
28 33 -9.5896392037471937e-08
28 55 -1.1327725304723800e-07
29 29 2.0899634601301065e-04
29 34 -8.9014521278681069e-08
29 52 -1.1014904496390470e-07
30 5 -8.3065350061485654e-08
30 13 -8.5277444432822983e-08
30 30 1.8874584859093307e-04
30 32 -9.2893384800282883e-08
31 12 -8.8283691552006464e-08
31 26 -8.9702919358393527e-08
31 31 2.0980648161515416e-04
31 49 -9.5383466350461971e-08
32 11 -8.7615739206269504e-08
32 27 -8.2108701410724461e-08
32 30 -9.2893384800282883e-08
32 32 1.9030824923402487e-04
33 14 -7.3393038830231857e-08
33 25 -8.7001158828032691e-08
33 28 -9.5896392037471937e-08
33 33 1.6954290332172524e-04
34 2 -8.7179270648543511e-08
34 14 -7.8008167972236000e-08
34 29 -8.9014521278681069e-08
34 34 1.7647220564067411e-04
35 6 -7.8993600545321165e-08
35 24 -8.9499584474103240e-08
35 35 1.7498252901435846e-04
35 65 -1.0222471008208068e-07
36 7 -8.0070880103900004e-08
36 19 -8.7732244922136149e-08
36 36 1.8625898261484758e-04
36 66 -1.0787264516048634e-07
37 37 1.7968175925193766e-04
37 41 -1.1080465709647110e-07
37 54 -6.4521127169822545e-08
38 38 1.8061565641809571e-04
38 42 -1.1143528869220895e-07
38 53 -6.8855660932677854e-08
39 39 1.7589536118934346e-04
39 40 -1.1143536934769685e-07
39 55 -6.5386131540478832e-08
40 39 -1.1143536934769685e-07
40 40 1.8061307447117227e-04
40 58 -6.8820105199344480e-08
41 37 -1.1080465709647110e-07
41 41 1.7965691675338630e-04
41 57 -6.8754093483602358e-08
42 38 -1.1143528869220895e-07
42 42 1.7589578560268666e-04
42 56 -6.5924406736547140e-08
43 43 1.7460151543584231e-04
43 44 -1.1206783004860115e-07
43 59 -6.9239514487763645e-08
44 43 -1.1206783004860115e-07
44 44 1.7459780241108961e-04
44 52 -6.5893339344636139e-08
45 1 -8.4724981251826981e-08
45 45 1.9159369849200590e-04
45 51 -9.9826345412944818e-08
45 64 -7.7835367628196813e-08
46 9 -9.8279998329285048e-08
46 21 -9.6926910034497703e-08
46 46 1.6649307982012957e-04
46 66 -7.0136230879319859e-08
47 8 -6.6769532914600876e-08
47 15 -9.9960338698820920e-08
47 47 1.7300585041562133e-04
47 50 -9.8860179608996758e-08
48 9 -6.6736929550271319e-08
48 15 -1.0135436233697574e-07
48 48 1.8199123258975640e-04
48 51 -1.0123784771711305e-07
49 8 -9.5332390809131037e-08
49 31 -9.5383466350461971e-08
49 49 1.6509592211278335e-04
49 65 -7.4123862272016371e-08
50 47 -9.8860179608996758e-08
50 50 1.6966053502536066e-04
50 64 -1.1185340531652466e-07
50 65 -7.1640269909163034e-08
51 45 -9.9826345412944818e-08
51 48 -1.0123784771711305e-07
51 51 1.7317158233586514e-04
51 66 -7.1545905803309501e-08
52 29 -1.1014904496390470e-07
52 44 -6.5893339344636139e-08
52 52 1.5823714935901185e-04
52 60 -8.7755289709720751e-08
53 27 -9.9157372882245753e-08
53 38 -6.8855660932677854e-08
53 53 1.4496437558737056e-04
53 61 -7.8456375052927458e-08
54 26 -1.1516584700398628e-07
54 37 -6.4521127169822545e-08
54 54 1.6294091928627737e-04
54 62 -8.7755548330294234e-08
55 28 -1.1327725304723800e-07
55 39 -6.5386131540478832e-08
55 55 1.5954169540419009e-04
55 63 -8.7788394796390877e-08
56 16 -1.1287680760164728e-07
56 42 -6.5924406736547140e-08
56 56 1.5614984062068250e-04
56 61 -8.3901905361456837e-08
57 17 -1.0153099262940376e-07
57 41 -6.8754093483602358e-08
57 57 1.4417785396195350e-04
57 62 -7.5977463471746905e-08
58 18 -1.0228479018216866e-07
58 40 -6.8820105199344480e-08
58 58 1.4347080585269453e-04
58 63 -7.5261862971231342e-08
59 22 -1.0289529288363074e-07
59 43 -6.9239514487763645e-08
59 59 1.4171015277597411e-04
59 60 -7.4856661281435373e-08
60 7 -9.7926545725723580e-08
60 52 -8.7755289709720751e-08
60 59 -7.4856661281435373e-08
60 60 1.5257862642374757e-04
61 5 -9.5874136061917294e-08
61 53 -7.8456375052927458e-08
61 56 -8.3901905361456837e-08
61 61 1.5332824310693364e-04
62 3 -9.2199330550657201e-08
62 54 -8.7755548330294234e-08
62 57 -7.5977463471746905e-08
62 62 1.5174036593150209e-04
63 6 -9.5969534684998160e-08
63 55 -8.7788394796390877e-08
63 58 -7.5261862971231342e-08
63 63 1.5007702555985976e-04
64 4 -7.2445933620890179e-08
64 45 -7.7835367628196813e-08
64 50 -1.1185340531652466e-07
64 64 1.7003429420816532e-04
65 35 -1.0222471008208068e-07
65 49 -7.4123862272016371e-08
65 50 -7.1640269909163034e-08
65 65 1.4120742980801513e-04
66 36 -1.0787264516048634e-07
66 46 -7.0136230879319859e-08
66 51 -7.1545905803309501e-08
66 66 1.4253636151206425e-04
