%%MatrixMarket matrix coordinate real general
66 66 244
1 1 5.7525923901474737e-05
1 2 -1.3387723906100173e-05
1 7 -9.7772488128988779e-06
1 45 -9.4643320780837858e-06
2 1 -1.3387723906100173e-05
2 2 5.2697084475756069e-05
2 25 -8.3030976628184875e-06
2 34 -9.3091318917156752e-06
3 3 5.7234561050735616e-05
3 8 -1.4052326387255280e-05
3 20 -1.0404661563745367e-05
3 62 -1.1873192037787178e-05
4 4 5.1424726608269200e-05
4 6 -1.1676911235010206e-05
4 25 -1.1775797469548784e-05
4 64 -8.2772609520296929e-06
5 5 5.4776961779290343e-05
5 9 -1.2769255949533770e-05
5 30 -1.0038783362342729e-05
5 61 -1.1049468763745508e-05
6 4 -1.1676911235010206e-05
6 6 5.0980689784964895e-05
6 35 -9.4974819128644494e-06
6 63 -1.0984707036384138e-05
7 1 -9.7772488128988779e-06
7 7 4.8513247079970593e-05
7 36 -8.4627977444715466e-06
7 60 -1.0340436334399409e-05
8 3 -1.4052326387255280e-05
8 8 5.2635478358514089e-05
8 47 -8.3308958963696855e-06
8 49 -1.1841757039976245e-05
9 5 -1.2769255949533770e-05
9 9 5.0105143189606055e-05
9 46 -1.1154752137751405e-05
9 48 -7.6359094238334118e-06
10 10 5.6055170450271659e-05
10 19 -8.5529042238642079e-06
10 21 -9.2089857373524907e-06
11 11 5.7324228898317803e-05
11 23 -9.5439814272515621e-06
11 32 -9.8234487382054472e-06
12 12 5.6712768662482631e-05
12 24 -9.1831926234236067e-06
12 31 -9.8486768914577624e-06
13 13 5.2249682968461862e-05
13 15 -1.0853019264483788e-05
13 20 -1.0806625212435136e-05
13 30 -1.0376893582557875e-05
14 14 5.4383486756627813e-05
14 33 -7.6321865706022791e-06
14 34 -7.9813354021758784e-06
15 13 -1.0853019264483788e-05
15 15 5.7976841761548968e-05
15 47 -1.1969578556557043e-05
15 48 -1.2081789248989314e-05
16 16 5.9865576081947089e-05
16 21 -9.3374518838297230e-06
16 56 -1.1855805134291917e-05
17 17 6.2649170540808081e-05
17 23 -1.0271954937691170e-05
17 57 -1.2018440163992119e-05
18 18 5.5285835875008488e-05
18 24 -9.4319516774552434e-06
18 58 -1.0640078803414604e-05
19 10 -8.5529042238642079e-06
19 19 4.5993321992681750e-05
19 22 -9.2577326839871470e-06
19 36 -9.2844405259191959e-06
20 3 -1.0404661563745367e-05
20 13 -1.0806625212435136e-05
20 20 5.3303161062518494e-05
20 23 -1.1990240194739971e-05
21 10 -9.2089857373524907e-06
21 16 -9.3374518838297230e-06
21 21 4.9995395370160512e-05
21 46 -1.0478619734235740e-05
22 19 -9.2577326839871470e-06
22 22 5.8194499555042060e-05
22 59 -1.0416546861475694e-05
23 11 -9.5439814272515621e-06
23 17 -1.0271954937691170e-05
23 20 -1.1990240194739971e-05
23 23 5.3093492725747500e-05
24 12 -9.1831926234236067e-06
24 18 -9.4319516774552434e-06
24 24 5.0120212225454293e-05
24 35 -1.1292315900648349e-05
25 2 -8.3030976628184875e-06
25 4 -1.1775797469548784e-05
25 25 4.8764475415403994e-05
25 33 -9.3317332699480478e-06
26 26 6.4845886834986963e-05
26 31 -1.0674114753853765e-05
26 54 -1.3668832254529438e-05
27 27 5.4025233748909421e-05
27 32 -8.5587639954035232e-06
27 53 -1.0287065907893031e-05
28 28 6.0375374598196568e-05
28 33 -9.9354677754775348e-06
28 55 -1.1914454528116516e-05
29 29 5.8863045056603931e-05
29 34 -9.1242897767536190e-06
29 52 -1.1168139945238946e-05
30 5 -1.0038783362342729e-05
30 13 -1.0376893582557875e-05
30 30 5.1870611642783272e-05
30 32 -1.1744104954254431e-05
31 12 -9.8486768914577624e-06
31 26 -1.0674114753853765e-05
31 31 5.5661466241943363e-05
31 49 -1.2294935857193342e-05
32 11 -9.8234487382054472e-06
32 27 -8.5587639954035232e-06
32 30 -1.1744104954254431e-05
32 32 5.0521407993672741e-05
33 14 -7.6321865706022791e-06
33 25 -9.3317332699480478e-06
33 28 -9.9354677754775348e-06
33 33 4.3851947314554875e-05
34 2 -9.3091318917156752e-06
34 14 -7.9813354021758784e-06
34 29 -9.1242897767536190e-06
34 34 4.3992686751784063e-05
35 6 -9.4974819128644494e-06
35 24 -1.1292315900648349e-05
35 35 5.1528493756089656e-05
35 65 -1.2386941000505628e-05
36 7 -8.4627977444715466e-06
36 19 -9.2844405259191959e-06
36 36 4.8203527391554215e-05
36 66 -1.1697931779859171e-05
37 37 6.4452346602155463e-05
37 41 -1.3864838024447186e-05
37 54 -8.0865483200359247e-06
38 38 4.6474230562970533e-05
38 42 -9.9178958650096139e-06
38 53 -6.2449920271569217e-06
39 39 4.7440836355902401e-05
39 40 -9.9125544165757008e-06
39 55 -6.6072142845428750e-06
40 39 -9.9125544165757008e-06
40 40 4.6448711896909959e-05
40 58 -6.2408466436467642e-06
41 37 -1.3864838024447186e-05
41 41 6.5069185502620517e-05
41 57 -8.6279603072963399e-06
42 38 -9.9178958650096139e-06
42 42 4.7510848399914907e-05
42 56 -6.6507822330298648e-06
43 43 5.5605175438476091e-05
43 44 -1.1212830717113517e-05
43 59 -7.0162779732643324e-06
44 43 -1.1212830717113517e-05
44 44 5.5274652574596194e-05
44 52 -6.6874433096128986e-06
45 1 -9.4643320780837858e-06
45 45 4.9321050284614090e-05
45 51 -1.1179342719459204e-05
45 64 -8.9094757575085849e-06
46 9 -1.1154752137751405e-05
46 21 -1.0478619734235740e-05
46 46 4.5923704467744319e-05
46 66 -7.5625688383912158e-06
47 8 -8.3308958963696855e-06
47 15 -1.1969578556557043e-05
47 47 5.0255344918032645e-05
47 50 -1.1836393672034820e-05
48 9 -7.6359094238334118e-06
48 15 -1.2081789248989314e-05
48 48 5.0013467440884608e-05
48 51 -1.1600689147237808e-05
49 8 -1.1841757039976245e-05
49 31 -1.2294935857193342e-05
49 49 5.1014919472407917e-05
49 65 -9.2164103932557721e-06
50 47 -1.1836393672034820e-05
50 50 5.1490019424266378e-05
50 64 -1.3236234401137475e-05
50 65 -8.7153372764639940e-06
51 45 -1.1179342719459204e-05
51 48 -1.1600689147237808e-05
51 51 4.8568486683397704e-05
51 66 -8.0246761625684101e-06
52 29 -1.1168139945238946e-05
52 44 -6.6874433096128986e-06
52 52 4.2667756480819599e-05
52 60 -9.0082365205957377e-06
53 27 -1.0287065907893031e-05
53 38 -6.2449920271569217e-06
53 53 4.0563744272278259e-05
53 61 -9.3470991483358601e-06
54 26 -1.3668832254529438e-05
54 37 -8.0865483200359247e-06
54 54 5.1045027697444439e-05
54 62 -1.1472143042063449e-05
55 28 -1.1914454528116516e-05
55 39 -6.6072142845428750e-06
55 55 4.4010588897918217e-05
55 63 -9.8028269289621581e-06
56 16 -1.1855805134291917e-05
56 42 -6.6507822330298648e-06
56 56 4.3071095102043551e-05
56 61 -9.4281553429446660e-06
57 17 -1.2018440163992119e-05
57 41 -8.6279603072963399e-06
57 57 4.6201989694570783e-05
57 62 -9.9511860024847650e-06
58 18 -1.0640078803414604e-05
58 40 -6.2408466436467642e-06
58 58 4.0397090178892633e-05
58 63 -8.9656037363248187e-06
59 22 -1.0416546861475694e-05
59 43 -7.0162779732643324e-06
59 59 3.9244377448560314e-05
59 60 -7.6836820728356835e-06
60 7 -1.0340436334399409e-05
60 52 -9.0082365205957377e-06
60 59 -7.6836820728356835e-06
60 60 4.2261448274322204e-05
61 5 -1.1049468763745508e-05
61 53 -9.3470991483358601e-06
61 56 -9.4281553429446660e-06
61 61 4.5198626295290921e-05
62 3 -1.1873192037787178e-05
62 54 -1.1472143042063449e-05
62 57 -9.9511860024847650e-06
62 62 4.9720168997861635e-05
63 6 -1.0984707036384138e-05
63 55 -9.8028269289621581e-06
63 58 -8.9656037363248187e-06
63 63 4.4679637861185275e-05
64 4 -8.2772609520296929e-06
64 45 -8.9094757575085849e-06
64 50 -1.3236234401137475e-05
64 64 4.8037840951780618e-05
65 35 -1.2386941000505628e-05
65 49 -9.2164103932557721e-06
65 50 -8.7153372764639940e-06
65 65 4.5264112301504866e-05
66 36 -1.1697931779859171e-05
66 46 -7.5625688383912158e-06
66 51 -8.0246761625684101e-06
66 66 4.1849014501749714e-05
