%%MatrixMarket matrix coordinate real general
66 66 244
1 1 5.7925390070641889e-05
1 2 -1.3471490859928772e-05
1 7 -9.8389254038356902e-06
1 45 -9.5268962670450371e-06
2 1 -1.3471490859928772e-05
2 2 5.2994739362893827e-05
2 25 -8.4021248354401234e-06
2 34 -9.3432840548653025e-06
3 3 5.7511255925226255e-05
3 8 -1.4116376800586907e-05
3 20 -1.0454910249927691e-05
3 62 -1.1919351330669037e-05
4 4 5.1983944521867355e-05
4 6 -1.1837221602912822e-05
4 25 -1.1890227741401304e-05
4 64 -8.3637540444500701e-06
5 5 5.5534788452772418e-05
5 9 -1.2929463403913727e-05
5 30 -1.0169091242329007e-05
5 61 -1.1209031543501891e-05
6 4 -1.1837221602912822e-05
6 6 5.1761743726116209e-05
6 35 -9.6335121737543737e-06
6 63 -1.1159534451617032e-05
7 1 -9.8389254038356902e-06
7 7 4.8723088608936961e-05
7 36 -8.5067861861473906e-06
7 60 -1.0375801041718813e-05
8 3 -1.4116376800586907e-05
8 8 5.2914579886144218e-05
8 47 -8.3670489937916538e-06
8 49 -1.1940247703682065e-05
9 5 -1.2929463403913727e-05
9 9 5.0621884099602205e-05
9 46 -1.1256741759070797e-05
9 48 -7.7164354081623500e-06
10 10 5.6423339420681386e-05
10 19 -8.5966608617970542e-06
10 21 -9.2913777687151045e-06
11 11 6.1891964230287948e-05
11 23 -1.0215431674838669e-05
11 32 -1.0521175256267677e-05
12 12 6.1329844674707696e-05
12 24 -9.8499388087846334e-06
12 31 -1.0552840782149173e-05
13 13 5.2657261932379182e-05
13 15 -1.0933157473581221e-05
13 20 -1.0876632919092255e-05
13 30 -1.0460726790908006e-05
14 14 5.4785041837054069e-05
14 33 -7.6971836172662021e-06
14 34 -8.0356700356230764e-06
15 13 -1.0933157473581221e-05
15 15 5.8408718281060173e-05
15 47 -1.2071382274551378e-05
15 48 -1.2164377094081807e-05
16 16 6.0864227354783023e-05
16 21 -9.4324861905601022e-06
16 56 -1.2168894174447579e-05
17 17 6.6203192863949071e-05
17 23 -1.0779594483049576e-05
17 57 -1.2626587091951996e-05
18 18 6.0719320241323306e-05
18 24 -1.0263740114346216e-05
18 58 -1.1624758032539817e-05
19 10 -8.5966608617970542e-06
19 19 4.6230471158345821e-05
19 22 -9.2995581343658511e-06
19 36 -9.3355857041835527e-06
20 3 -1.0454910249927691e-05
20 13 -1.0876632919092255e-05
20 20 5.3582785503731582e-05
20 23 -1.1994827823839755e-05
21 10 -9.2913777687151045e-06
21 16 -9.4324861905601022e-06
21 21 5.0525796336216175e-05
21 46 -1.0618518465886059e-05
22 19 -9.2995581343658511e-06
22 22 5.8336237890589543e-05
22 59 -1.0434876954509492e-05
23 11 -1.0215431674838669e-05
23 17 -1.0779594483049576e-05
23 20 -1.1994827823839755e-05
23 23 5.4141343334396702e-05
24 12 -9.8499388087846334e-06
24 18 -1.0263740114346216e-05
24 24 5.1829385425273966e-05
24 35 -1.1369441863722085e-05
25 2 -8.4021248354401234e-06
25 4 -1.1890227741401304e-05
25 25 4.9382572027297751e-05
25 33 -9.4520986977048029e-06
26 26 6.8395921434330446e-05
26 31 -1.1183437432655246e-05
26 54 -1.4333273282369683e-05
27 27 5.9397817844217575e-05
27 32 -9.3180481431100459e-06
27 53 -1.1247193008151876e-05
28 28 6.1357355467346586e-05
28 33 -1.0031717079424732e-05
28 55 -1.2212932030463520e-05
29 29 5.9018787232835557e-05
29 34 -9.1792392645092009e-06
29 52 -1.1186528699560071e-05
30 5 -1.0169091242329007e-05
30 13 -1.0460726790908006e-05
30 30 5.2460197018372356e-05
30 32 -1.1820092141166508e-05
31 12 -1.0552840782149173e-05
31 26 -1.1183437432655246e-05
31 31 5.6887362062026179e-05
31 49 -1.2307331054288325e-05
32 11 -1.0521175256267677e-05
32 27 -9.3180481431100459e-06
32 30 -1.1820092141166508e-05
32 32 5.2183199979940890e-05
33 14 -7.6971836172662021e-06
33 25 -9.4520986977048029e-06
33 28 -1.0031717079424732e-05
33 33 4.4292938957609366e-05
34 2 -9.3432840548653025e-06
34 14 -8.0356700356230764e-06
34 29 -9.1792392645092009e-06
34 34 4.4264713255701017e-05
35 6 -9.6335121737543737e-06
35 24 -1.1369441863722085e-05
35 35 5.1959337988255420e-05
35 65 -1.2488962156061554e-05
36 7 -8.5067861861473906e-06
36 19 -9.3355857041835527e-06
36 36 4.8496297323414591e-05
36 66 -1.1785658522624417e-05
37 37 6.6486739078252727e-05
37 41 -1.4278691140614015e-05
37 54 -8.3041104441349849e-06
38 38 5.0916632706799732e-05
38 42 -1.0966591786552660e-05
38 53 -6.7863047184923482e-06
39 39 5.3136930917826631e-05
39 40 -1.0960471579130626e-05
39 55 -6.9181421825434417e-06
40 39 -1.0960471579130626e-05
40 40 5.0884390737560298e-05
40 58 -6.7803922656795234e-06
41 37 -1.4278691140614015e-05
41 41 6.7082940393855078e-05
41 57 -8.8565075675549157e-06
42 38 -1.0966591786552660e-05
42 42 5.3213949659695039e-05
42 56 -6.9738425877603980e-06
43 43 5.5647650673213000e-05
43 44 -1.1220871808464146e-05
43 59 -7.0270628681243372e-06
44 43 -1.1220871808464146e-05
44 44 5.5318997575404228e-05
44 52 -6.6970891893487932e-06
45 1 -9.5268962670450371e-06
45 45 4.9697096086784046e-05
45 51 -1.1255997639248161e-05
45 64 -8.9998273806531814e-06
46 9 -1.1256741759070797e-05
46 21 -1.0618518465886059e-05
46 46 4.6518941928066473e-05
46 66 -7.6620991713682259e-06
47 8 -8.3670489937916538e-06
47 15 -1.2071382274551378e-05
47 47 5.0692098960676644e-05
47 50 -1.1940070498093348e-05
48 9 -7.7164354081623500e-06
48 15 -1.2164377094081807e-05
48 48 5.0524170516761158e-05
48 51 -1.1721470015962220e-05
49 8 -1.1940247703682065e-05
49 31 -1.2307331054288325e-05
49 49 5.1223319243415063e-05
49 65 -9.2970988273018575e-06
50 47 -1.1940070498093348e-05
50 50 5.1934326633570629e-05
50 64 -1.3346957581401481e-05
50 65 -8.7809147581196388e-06
51 45 -1.1255997639248161e-05
51 48 -1.1721470015962220e-05
51 51 4.8953368653046211e-05
51 66 -8.0815446450832833e-06
52 29 -1.1186528699560071e-05
52 44 -6.6970891893487932e-06
52 52 4.2763373539421661e-05
52 60 -9.0463113154211784e-06
53 27 -1.1247193008151876e-05
53 38 -6.7863047184923482e-06
53 53 4.2825155958950741e-05
53 61 -9.6135353212716410e-06
54 26 -1.4333273282369683e-05
54 37 -8.3041104441349849e-06
54 54 5.1907602001950930e-05
54 62 -1.1469993566781642e-05
55 28 -1.2212932030463520e-05
55 39 -6.9181421825434417e-06
55 55 4.5342476987750323e-05
55 63 -1.0071184236993616e-05
56 16 -1.2168894174447579e-05
56 42 -6.9738425877603980e-06
56 56 4.4420967964723022e-05
56 61 -9.6735467531181004e-06
57 17 -1.2626587091951996e-05
57 41 -8.8565075675549157e-06
57 57 4.7017721795035268e-05
57 62 -9.9466522165852823e-06
58 18 -1.1624758032539817e-05
58 40 -6.7803922656795234e-06
58 58 4.2644851086190191e-05
58 63 -9.2173067160813389e-06
59 22 -1.0434876954509492e-05
59 43 -7.0270628681243372e-06
59 59 3.9334971616983640e-05
59 60 -7.7165258757254410e-06
60 7 -1.0375801041718813e-05
60 52 -9.0463113154211784e-06
60 59 -7.7165258757254410e-06
60 60 4.2445061420825502e-05
61 5 -1.1209031543501891e-05
61 53 -9.6135353212716410e-06
61 56 -9.6735467531181004e-06
61 61 4.6298696585737534e-05
62 3 -1.1919351330669037e-05
62 54 -1.1469993566781642e-05
62 57 -9.9466522165852823e-06
62 62 4.9833461524265998e-05
63 6 -1.1159534451617032e-05
63 55 -1.0071184236993616e-05
63 58 -9.2173067160813389e-06
63 63 4.5822461256371656e-05
64 4 -8.3637540444500701e-06
64 45 -8.9998273806531814e-06
64 50 -1.3346957581401481e-05
64 64 4.8539176253438741e-05
65 35 -1.2488962156061554e-05
65 49 -9.2970988273018575e-06
65 50 -8.7809147581196388e-06
65 65 4.5586715020718015e-05
66 36 -1.1785658522624417e-05
66 46 -7.6620991713682259e-06
66 51 -8.0815446450832833e-06
66 66 4.2215819461948427e-05
