%%MatrixMarket matrix coordinate real general
66 66 244
1 1 2.4603013992495590e-04
1 2 -1.2470432839176158e-07
1 7 -9.1022020279779945e-08
1 45 -8.4725034924512285e-08
2 1 -1.2470432839176158e-07
2 2 2.1309988061982751e-04
2 25 -7.7358467743415139e-08
2 34 -8.7182137870570537e-08
3 3 1.9396001579503170e-04
3 8 -1.1134310237045700e-07
3 20 -8.2548082876592172e-08
3 62 -9.2130602065325767e-08
4 4 1.9102114025934818e-04
4 6 -1.0138250500952284e-07
4 25 -1.0450177430562631e-07
4 64 -7.2445483283372612e-08
5 5 2.0370057856957676e-04
5 9 -1.1020990416624287e-07
5 30 -8.3036407249049535e-08
5 61 -9.5836068789033551e-08
6 4 -1.0138250500952284e-07
6 6 1.8267251916499893e-04
6 35 -7.8965876278881621e-08
6 63 -9.5931598299404679e-08
7 1 -9.1022020279779945e-08
7 7 1.9574253168926756e-04
7 36 -8.0071311462047572e-08
7 60 -9.7927622466230565e-08
8 3 -1.1134310237045700e-07
8 8 1.7130131283107070e-04
8 47 -6.6766531677852857e-08
8 49 -9.5302314797027367e-08
9 5 -1.1020990416624287e-07
9 9 1.8035910063547369e-04
9 46 -9.8279716848328874e-08
9 48 -6.6736498828815773e-08
10 10 1.9610206359399961e-04
10 19 -8.3479384890460121e-08
10 21 -8.8193415269946049e-08
11 11 2.0465048268195193e-04
11 23 -8.4570034081679850e-08
11 32 -8.6967571501173626e-08
12 12 2.0458623811510533e-04
12 24 -8.1717042260854553e-08
12 31 -8.7672017250582576e-08
13 13 1.9098048052101416e-04
13 15 -8.8852472738656232e-08
13 20 -8.6041174004927103e-08
13 30 -8.5247792457029633e-08
14 14 1.5765256355058127e-04
14 33 -7.3400005797449002e-08
14 34 -7.8015718502375954e-08
15 13 -8.8852472738656232e-08
15 15 2.1913079321055426e-04
15 47 -9.9959627320850853e-08
15 48 -1.0135388565208743e-07
16 16 2.2083472698264254e-04
16 21 -8.9746811243612478e-08
16 56 -1.1286524622214812e-07
17 17 2.0774087107555266e-04
17 23 -8.5911760854752857e-08
17 57 -1.0068670006518006e-07
18 18 2.1041432918908725e-04
18 24 -8.9609353623443277e-08
18 58 -1.0146521707111750e-07
19 10 -8.3479384890460121e-08
19 19 1.8919599080116290e-04
19 22 -9.0199757891455900e-08
19 36 -8.7735086756014366e-08
20 3 -8.2548082876592172e-08
20 13 -8.6041174004927103e-08
20 20 1.8863462792944241e-04
20 23 -9.2476060474064561e-08
21 10 -8.8193415269946049e-08
21 16 -8.9746811243612478e-08
21 21 2.0871689668614294e-04
21 46 -9.6929742004094080e-08
22 19 -9.0199757891455900e-08
22 22 2.0180924489099399e-04
22 59 -1.0290533602086819e-07
23 11 -8.4570034081679850e-08
23 17 -8.5911760854752857e-08
23 20 -9.2476060474064561e-08
23 23 1.9852649828361890e-04
24 12 -8.1717042260854553e-08
24 18 -8.9609353623443277e-08
24 24 1.9175962039639404e-04
24 35 -8.9289209855681581e-08
25 2 -7.7358467743415139e-08
25 4 -1.0450177430562631e-07
25 25 1.9184320039384366e-04
25 33 -8.7004016311281215e-08
26 26 2.3317242874700136e-04
26 31 -8.9131515775668629e-08
26 54 -1.1434316160678974e-07
27 27 1.9965876429328712e-04
27 32 -8.1493414251467929e-08
27 53 -9.8326481595906552e-08
28 28 2.1855515145823823e-04
28 33 -9.5902354947109209e-08
28 55 -1.1326591090016656e-07
29 29 2.0875746092699637e-04
29 34 -8.9022410770421709e-08
29 52 -1.1015917102537168e-07
30 5 -8.3036407249049535e-08
30 13 -8.5247792457029633e-08
30 30 1.8991599995577836e-04
30 32 -9.2675352432840818e-08
31 12 -8.7672017250582576e-08
31 26 -8.9131515775668629e-08
31 31 2.1197273570009671e-04
31 49 -9.5172528752755358e-08
32 11 -8.6967571501173626e-08
32 27 -8.1493414251467929e-08
32 30 -9.2675352432840818e-08
32 32 1.9332963603763112e-04
33 14 -7.3400005797449002e-08
33 25 -8.7004016311281215e-08
33 28 -9.5902354947109209e-08
33 33 1.6943595860133439e-04
34 2 -8.7182137870570537e-08
34 14 -7.8015718502375954e-08
34 29 -8.9022410770421709e-08
34 34 1.7635277339648670e-04
35 6 -7.8965876278881621e-08
35 24 -8.9289209855681581e-08
35 35 1.7605295019470574e-04
35 65 -1.0218532392058798e-07
36 7 -8.0071311462047572e-08
36 19 -8.7735086756014366e-08
36 36 1.8624354825559405e-04
36 66 -1.0787321655448827e-07
37 37 1.8605056622324643e-04
37 41 -1.0930681474836781e-07
37 54 -6.3929910605314634e-08
38 38 1.8267639753928019e-04
38 42 -1.1069384752613850e-07
38 53 -6.8286889527376572e-08
39 39 1.7793699041604899e-04
39 40 -1.1069490330185573e-07
39 55 -6.5296980389909064e-08
40 39 -1.1069490330185573e-07
40 40 1.8264823064565700e-04
40 58 -6.8257584988473832e-08
41 37 -1.0930681474836781e-07
41 41 1.8603463312477520e-04
41 57 -6.8076943679107249e-08
42 38 -1.1069384752613850e-07
42 42 1.7793901599376250e-04
42 56 -6.5833702927284856e-08
43 43 1.7432389764472013e-04
43 44 -1.1208484787906507e-07
43 59 -6.9247635366619932e-08
44 43 -1.1208484787906507e-07
44 44 1.7432005408980560e-04
44 52 -6.5900717858772011e-08
45 1 -8.4725034924512285e-08
45 45 1.9159367635141354e-04
45 51 -9.9826348423112295e-08
45 64 -7.7835313028464336e-08
46 9 -9.8279716848328874e-08
46 21 -9.6929742004094080e-08
46 46 1.6648091731618443e-04
46 66 -7.0136551825190761e-08
47 8 -6.6766531677852857e-08
47 15 -9.9959627320850853e-08
47 47 1.7301739160545943e-04
47 50 -9.8859369412782330e-08
48 9 -6.6736498828815773e-08
48 15 -1.0135388565208743e-07
48 48 1.8199342599182984e-04
48 51 -1.0123779004950055e-07
49 8 -9.5302314797027367e-08
49 31 -9.5172528752755358e-08
49 49 1.6607158275841585e-04
49 65 -7.4096751039365792e-08
50 47 -9.8859369412782330e-08
50 50 1.6967836188599408e-04
50 64 -1.1185275503745177e-07
50 65 -7.1635274084081858e-08
51 45 -9.9826348423112295e-08
51 48 -1.0123779004950055e-07
51 51 1.7317148974068156e-04
51 66 -7.1545969696303452e-08
52 29 -1.1015917102537168e-07
52 44 -6.5900717858772011e-08
52 52 1.5812215292290477e-04
52 60 -8.7759355178754223e-08
53 27 -9.8326481595906552e-08
53 38 -6.8286889527376572e-08
53 53 1.4677688445871673e-04
53 61 -7.8230890232306216e-08
54 26 -1.1434316160678974e-07
54 37 -6.3929910605314634e-08
54 54 1.6424940869259956e-04
54 62 -8.7479030769826213e-08
55 28 -1.1326591090016656e-07
55 39 -6.5296980389909064e-08
55 55 1.6008355403788457e-04
55 63 -8.7743674322597385e-08
56 16 -1.1286524622214812e-07
56 42 -6.5833702927284856e-08
56 56 1.5669689806829969e-04
56 61 -8.3856683657055470e-08
57 17 -1.0068670006518006e-07
57 41 -6.8076943679107249e-08
57 57 1.4643344464577179e-04
57 62 -7.5718340113316457e-08
58 18 -1.0146521707111750e-07
58 40 -6.8257584988473832e-08
58 58 1.4506944273833390e-04
58 63 -7.5049543704695940e-08
59 22 -1.0290533602086819e-07
59 43 -6.9247635366619932e-08
59 59 1.4159671562519668e-04
59 60 -7.4860279083581522e-08
60 7 -9.7927622466230565e-08
60 52 -8.7759355178754223e-08
60 59 -7.4860279083581522e-08
60 60 1.5254446611472281e-04
61 5 -9.5836068789033551e-08
61 53 -7.8230890232306216e-08
61 56 -8.3856683657055470e-08
61 61 1.5455637529956427e-04
62 3 -9.2130602065325767e-08
62 54 -8.7479030769826213e-08
62 57 -7.5718340113316457e-08
62 62 1.5211713112966895e-04
63 6 -9.5931598299404679e-08
63 55 -8.7743674322597385e-08
63 58 -7.5049543704695940e-08
63 63 1.5121524394618179e-04
64 4 -7.2445483283372612e-08
64 45 -7.7835313028464336e-08
64 50 -1.1185275503745177e-07
64 64 1.7003693305644952e-04
65 35 -1.0218532392058798e-07
65 49 -7.4096751039365792e-08
65 50 -7.1635274084081858e-08
65 65 1.4141475406254884e-04
66 36 -1.0787321655448827e-07
66 46 -7.0136551825190761e-08
66 51 -7.1545969696303452e-08
66 66 1.4253356801619866e-04
