%%MatrixMarket matrix coordinate real general
66 66 244
1 1 5.7316728731018852e-05
1 2 -1.3340198703126850e-05
1 7 -9.7422857296288450e-06
1 45 -9.4294600713112691e-06
2 1 -1.3340198703126850e-05
2 2 5.2531029401506168e-05
2 25 -8.2478004063640218e-06
2 34 -9.2899074289860192e-06
3 3 5.7070769000811828e-05
3 8 -1.4015837216068286e-05
3 20 -1.0375625397138810e-05
3 62 -1.1843944418199166e-05
4 4 5.1114296562567213e-05
4 6 -1.1588802467418646e-05
4 25 -1.1712432656377549e-05
4 64 -8.2284025287992702e-06
5 5 5.4356769018165316e-05
5 9 -1.2681089810060753e-05
5 30 -9.9658438395241896e-06
5 61 -1.0962241506541652e-05
6 4 -1.1588802467418646e-05
6 6 5.0550857407696249e-05
6 35 -9.4214015979376442e-06
6 63 -1.0889363590273496e-05
7 1 -9.7422857296288450e-06
7 7 4.8394692662589820e-05
7 36 -8.4378066959967038e-06
7 60 -1.0320537555010299e-05
8 3 -1.4015837216068286e-05
8 8 5.2478800130275100e-05
8 47 -8.3111521542302202e-06
8 49 -1.1782555987338087e-05
9 5 -1.2681089810060753e-05
9 9 4.9816232069105996e-05
9 46 -1.1098503362017228e-05
9 48 -7.5900759685463426e-06
10 10 5.5843852346903832e-05
10 19 -8.5276928454953397e-06
10 21 -9.1622165721023247e-06
11 11 5.5399449239454721e-05
11 23 -9.2573000893311747e-06
11 32 -9.5217920111991467e-06
12 12 5.4799043612391308e-05
12 24 -8.8978762325166199e-06
12 31 -9.5511335699015980e-06
13 13 5.2006575773883639e-05
13 15 -1.0807977355606748e-05
13 20 -1.0764814688778465e-05
13 30 -1.0329399612367662e-05
14 14 5.4153614782924867e-05
14 33 -7.5952708193394765e-06
14 34 -7.9502832965576877e-06
15 13 -1.0807977355606748e-05
15 15 5.7734831325656534e-05
15 47 -1.1910791637635700e-05
15 48 -1.2036018281737963e-05
16 16 5.9303649245203821e-05
16 21 -9.2828714548613407e-06
16 56 -1.1692763376060426e-05
17 17 6.0953662609668791e-05
17 23 -1.0025494891187019e-05
17 57 -1.1723908172630815e-05
18 18 5.3325160818919442e-05
18 24 -9.1253282780740832e-06
18 58 -1.0267653624010880e-05
19 10 -8.5276928454953397e-06
19 19 4.5856943832736253e-05
19 22 -9.2337110703527231e-06
19 36 -9.2553680356660844e-06
20 3 -1.0375625397138810e-05
20 13 -1.0764814688778465e-05
20 20 5.3135800493795462e-05
20 23 -1.1983913001302023e-05
21 10 -9.1622165721023247e-06
21 16 -9.2828714548613407e-06
21 21 4.9697540165854248e-05
21 46 -1.0400370207809760e-05
22 19 -9.2337110703527231e-06
22 22 5.8110788507673168e-05
22 59 -1.0405863925235493e-05
23 11 -9.2573000893311747e-06
23 17 -1.0025494891187019e-05
23 20 -1.1983913001302023e-05
23 23 5.2632338614828255e-05
24 12 -8.8978762325166199e-06
24 18 -9.1253282780740832e-06
24 24 4.9294966088669227e-05
24 35 -1.1216220067292794e-05
25 2 -8.2478004063640218e-06
25 4 -1.1712432656377549e-05
25 25 4.8426380939087139e-05
25 33 -9.2643798133228721e-06
26 26 6.3142235325085915e-05
26 31 -1.0424230372043789e-05
26 54 -1.3343843132716555e-05
27 27 5.2117312765930765e-05
27 32 -8.2835244344698347e-06
27 53 -9.9288708824650795e-06
28 28 5.9822901330386105e-05
28 33 -9.8801530641966275e-06
28 55 -1.1757529123764683e-05
29 29 5.8771131939380981e-05
29 34 -9.0929400231677454e-06
29 52 -1.1157435476524773e-05
30 5 -9.9658438395241896e-06
30 13 -1.0329399612367662e-05
30 30 5.1506809175913419e-05
30 32 -1.1668738103992781e-05
31 12 -9.5511335699015980e-06
31 26 -1.0424230372043789e-05
31 31 5.5090313663454920e-05
31 49 -1.2282895697356806e-05
32 11 -9.5217920111991467e-06
32 27 -8.2835244344698347e-06
32 30 -1.1668738103992781e-05
32 32 4.9716549985634220e-05
33 14 -7.5952708193394765e-06
33 25 -9.2643798133228721e-06
33 28 -9.8801530641966275e-06
33 33 4.3600696632769851e-05
34 2 -9.2899074289860192e-06
34 14 -7.9502832965576877e-06
34 29 -9.0929400231677454e-06
34 34 4.3838869354636588e-05
35 6 -9.4214015979376442e-06
35 24 -1.1216220067292794e-05
35 35 5.1149223446304341e-05
35 65 -1.2330116713229835e-05
36 7 -8.4378066959967038e-06
36 19 -9.2553680356660844e-06
36 36 4.8037283881511046e-05
36 66 -1.1648321638464842e-05
37 37 6.3352095630174202e-05
37 41 -1.3637922659864997e-05
37 54 -7.9682339065627392e-06
38 38 4.5403500131732637e-05
38 42 -9.6309217512376836e-06
38 53 -6.1082576521202674e-06
39 39 4.5325252537267293e-05
39 40 -9.6259422780057326e-06
39 55 -6.4559218613761613e-06
40 39 -9.6259422780057326e-06
40 40 4.5381295796444018e-05
40 58 -6.1049513841483788e-06
41 37 -1.3637922659864997e-05
41 41 6.3969592852646597e-05
41 57 -8.5031239625602363e-06
42 38 -9.6309217512376836e-06
42 42 4.5392837432459960e-05
42 56 -6.4944433912149282e-06
43 43 5.5580411026602307e-05
43 44 -1.1208127585071050e-05
43 59 -7.0100279522340161e-06
44 43 -1.1208127585071050e-05
44 44 5.5248813977055948e-05
44 52 -6.6818756309920808e-06
45 1 -9.4294600713112691e-06
45 45 4.9112267263440180e-05
45 51 -1.1136661900711771e-05
45 64 -8.8584727007971644e-06
46 9 -1.1098503362017228e-05
46 21 -1.0400370207809760e-05
46 46 4.5590749131896099e-05
46 66 -7.5069138963043047e-06
47 8 -8.3111521542302202e-06
47 15 -1.1910791637635700e-05
47 47 5.0007321319972092e-05
47 50 -1.1776422209944478e-05
48 9 -7.5900759685463426e-06
48 15 -1.2036018281737963e-05
48 48 4.9921038433427826e-05
48 51 -1.1531948768380180e-05
49 8 -1.1782555987338087e-05
49 31 -1.2282895697356806e-05
49 49 5.0775823587441492e-05
49 65 -9.1678786184555200e-06
50 47 -1.1776422209944478e-05
50 50 5.1239193162896440e-05
50 64 -1.3174210065741621e-05
50 65 -8.6791348967555237e-06
51 45 -1.1136661900711771e-05
51 48 -1.1531948768380180e-05
51 51 4.8345728459157902e-05
51 66 -7.9929479589419183e-06
52 29 -1.1157435476524773e-05
52 44 -6.6818756309920808e-06
52 52 4.2614090480844709e-05
52 60 -8.9864250872148670e-06
53 27 -9.9288708824650795e-06
53 38 -6.1082576521202674e-06
53 53 3.9446929565499073e-05
53 61 -9.1326365449013651e-06
54 26 -1.3343843132716555e-05
54 37 -7.9682339065627392e-06
54 54 5.0621866522386019e-05
54 62 -1.1476559890769516e-05
55 28 -1.1757529123764683e-05
55 39 -6.4559218613761613e-06
55 55 4.3340612275150666e-05
55 63 -9.6652918685218030e-06
56 16 -1.1692763376060426e-05
56 42 -6.4944433912149282e-06
56 56 4.2390816057349970e-05
56 61 -9.3021279423030906e-06
57 17 -1.1723908172630815e-05
57 41 -8.5031239625602363e-06
57 57 4.5808048089335498e-05
57 62 -9.9566402599661835e-06
58 18 -1.0267653624010880e-05
58 40 -6.1049513841483788e-06
58 58 3.9286349310030753e-05
58 63 -8.7625810780892357e-06
59 22 -1.0405863925235493e-05
59 43 -7.0100279522340161e-06
59 59 3.9193648951523943e-05
59 60 -7.6648633133914015e-06
60 7 -1.0320537555010299e-05
60 52 -8.9864250872148670e-06
60 59 -7.6648633133914015e-06
60 60 4.2156328795183612e-05
61 5 -1.0962241506541652e-05
61 53 -9.1326365449013651e-06
61 56 -9.3021279423030906e-06
61 61 4.4556542872017838e-05
62 3 -1.1843944418199166e-05
62 54 -1.1476559890769516e-05
62 57 -9.9566402599661835e-06
62 62 4.9652636226458648e-05
63 6 -1.0889363590273496e-05
63 55 -9.6652918685218030e-06
63 58 -8.7625810780892357e-06
63 63 4.4018606476275461e-05
64 4 -8.2284025287992702e-06
64 45 -8.8584727007971644e-06
64 50 -1.3174210065741621e-05
64 64 4.7761696041549842e-05
65 35 -1.2330116713229835e-05
65 49 -9.1678786184555200e-06
65 50 -8.6791348967555237e-06
65 65 4.5147935007341984e-05
66 36 -1.1648321638464842e-05
66 46 -7.5069138963043047e-06
66 51 -7.9929479589419183e-06
66 66 4.1638983423590137e-05
