%%MatrixMarket matrix coordinate real general
66 66 244
1 1 2.4602496716905807e-04
1 2 -1.2470497111050877e-07
1 7 -9.1022316805532344e-08
1 45 -8.4725124541981191e-08
2 1 -1.2470497111050877e-07
2 2 2.1308025461804159e-04
2 25 -7.7359032639765132e-08
2 34 -8.7183931582964612e-08
3 3 1.9461596971554948e-04
3 8 -1.1131613928683412e-07
3 20 -8.2510347280654259e-08
3 62 -9.2056780670377077e-08
4 4 1.9107463840175757e-04
4 6 -1.0137105651944487e-07
4 25 -1.0450065420176220e-07
4 64 -7.2444273537548543e-08
5 5 2.0412798166403884e-04
5 9 -1.1019674291588522e-07
5 30 -8.3003764369900225e-08
5 61 -9.5795311010356204e-08
6 4 -1.0137105651944487e-07
6 6 1.8306637878321531e-04
6 35 -7.8934643677414944e-08
6 63 -9.5890929798087693e-08
7 1 -9.1022316805532344e-08
7 7 1.9573250584466325e-04
7 36 -8.0071839547949666e-08
7 60 -9.7928778549979861e-08
8 3 -1.1131613928683412e-07
8 8 1.7157562879478139e-04
8 47 -6.6760807287192198e-08
8 49 -9.5268055092113712e-08
9 5 -1.1019674291588522e-07
9 9 1.8041522275759358e-04
9 46 -9.8278366914574778e-08
9 48 -6.6735359959475049e-08
10 10 1.9602666502765946e-04
10 19 -8.3482316818826486e-08
10 21 -8.8196036612555860e-08
11 11 2.0459091288613901e-04
11 23 -8.4308896849828511e-08
11 32 -8.6695569159213682e-08
12 12 2.0445759910008084e-04
12 24 -8.1464822391578565e-08
12 31 -8.7413675854527630e-08
13 13 1.9133921133600090e-04
13 15 -8.8844093263173882e-08
13 20 -8.6007906686987701e-08
13 30 -8.5214572895427945e-08
14 14 1.5759668850735933e-04
14 33 -7.3402204429917591e-08
14 34 -7.8018444798363056e-08
15 13 -8.8844093263173882e-08
15 15 2.1917775662093328e-04
15 47 -9.9957653799696312e-08
15 48 -1.0135255593617888e-07
16 16 2.2089538543868152e-04
16 21 -8.9746604434441831e-08
16 56 -1.1284684857736312e-07
17 17 2.1011590543154206e-04
17 23 -8.5642484918653569e-08
17 57 -1.0032601547763027e-07
18 18 2.1271582207044924e-04
18 24 -8.9329834153193293e-08
18 58 -1.0112572374479160e-07
19 10 -8.3482316818826486e-08
19 19 1.8912952184843142e-04
19 22 -9.0203052091697782e-08
19 36 -8.7736932937686177e-08
20 3 -8.2510347280654259e-08
20 13 -8.6007906686987701e-08
20 20 1.8982030411656000e-04
20 23 -9.2336406396612197e-08
21 10 -8.8196036612555860e-08
21 16 -8.9746604434441831e-08
21 21 2.0866616456325699e-04
21 46 -9.6931150295945011e-08
22 19 -9.0203052091697782e-08
22 22 2.0172602747523178e-04
22 59 -1.0290957280134437e-07
23 11 -8.4308896849828511e-08
23 17 -8.5642484918653569e-08
23 20 -9.2336406396612197e-08
23 23 1.9810108200214889e-04
24 12 -8.1464822391578565e-08
24 18 -8.9329834153193293e-08
24 24 1.9137716634519430e-04
24 35 -8.9152199621017621e-08
25 2 -7.7359032639765132e-08
25 4 -1.0450065420176220e-07
25 25 1.9183201672370753e-04
25 33 -8.7005353671781143e-08
26 26 2.3564867060928393e-04
26 31 -8.8870629288891115e-08
26 54 -1.1396897296662046e-07
27 27 1.9963171575250287e-04
27 32 -8.1235754224871916e-08
27 53 -9.7992008168118356e-08
28 28 2.1861002609099018e-04
28 33 -9.5902160533739553e-08
28 55 -1.1324774576533606e-07
29 29 2.0867119819656700e-04
29 34 -8.9025779447492004e-08
29 52 -1.1016358867838127e-07
30 5 -8.3003764369900225e-08
30 13 -8.5214572895427945e-08
30 30 1.9111970058011889e-04
30 32 -9.2533660017502795e-08
31 12 -8.7413675854527630e-08
31 26 -8.8870629288891115e-08
31 31 2.1381579858951999e-04
31 49 -9.5031568250559858e-08
32 11 -8.6695569159213682e-08
32 27 -8.1235754224871916e-08
32 30 -9.2533660017502795e-08
32 32 1.9300290492661181e-04
33 14 -7.3402204429917591e-08
33 25 -8.7005353671781143e-08
33 28 -9.5902160533739553e-08
33 33 1.6938921898223796e-04
34 2 -8.7183931582964612e-08
34 14 -7.8018444798363056e-08
34 29 -8.9025779447492004e-08
34 34 1.7628624848446426e-04
35 6 -7.8934643677414944e-08
35 24 -8.9152199621017621e-08
35 35 1.7715366791842715e-04
35 65 -1.0214148332522540e-07
36 7 -8.0071839547949666e-08
36 19 -8.7736932937686177e-08
36 36 1.8622716156055805e-04
36 66 -1.0787385878713851e-07
37 37 1.8721248809403789e-04
37 41 -1.0879031559984639e-07
37 54 -6.3687398253879181e-08
38 38 1.8391443524128938e-04
38 42 -1.1043616667073064e-07
38 53 -6.8070407351623130e-08
39 39 1.7767348719770985e-04
39 40 -1.1043795513174045e-07
39 55 -6.5247728889306716e-08
40 39 -1.1043795513174045e-07
40 40 1.8386855743916038e-04
40 58 -6.8043303016243746e-08
41 37 -1.0879031559984639e-07
41 41 1.8724252817056740e-04
41 57 -6.7801673664132520e-08
42 38 -1.1043616667073064e-07
42 42 1.7767915244589264e-04
42 56 -6.5783483869395245e-08
43 43 1.7423445543130869e-04
43 44 -1.1209032282401141e-07
43 59 -6.9250861707294350e-08
44 43 -1.1209032282401141e-07
44 44 1.7423104108567071e-04
44 52 -6.5903682668935353e-08
45 1 -8.4725124541981191e-08
45 45 1.9159403200887684e-04
45 51 -9.9826332304817521e-08
45 64 -7.7835098526195058e-08
46 9 -9.8278366914574778e-08
46 21 -9.6931150295945011e-08
46 46 1.6647403970046696e-04
46 66 -7.0136789031299141e-08
47 8 -6.6760807287192198e-08
47 15 -9.9957653799696312e-08
47 47 1.7305150975631045e-04
47 50 -9.8857184820707165e-08
48 9 -6.6735359959475049e-08
48 15 -1.0135255593617888e-07
48 48 1.8200186642631190e-04
48 51 -1.0123755176830373e-07
49 8 -9.5268055092113712e-08
49 31 -9.5031568250559858e-08
49 49 1.6708366845280992e-04
49 65 -7.4066115085334867e-08
50 47 -9.8857184820707165e-08
50 50 1.6972353102200858e-04
50 64 -1.1185100816205820e-07
50 65 -7.1626964434261773e-08
51 45 -9.9826332304817521e-08
51 48 -1.0123755176830373e-07
51 51 1.7317174949260558e-04
51 66 -7.1546055322004378e-08
52 29 -1.1016358867838127e-07
52 44 -6.5903682668935353e-08
52 52 1.5805421262481251e-04
52 60 -8.7762101154247728e-08
53 27 -9.7992008168118356e-08
53 38 -6.8070407351623130e-08
53 53 1.4697707960477943e-04
53 61 -7.8095328187786130e-08
54 26 -1.1396897296662046e-07
54 37 -6.3687398253879181e-08
54 54 1.6660433675506041e-04
54 62 -8.7288272570730563e-08
55 28 -1.1324774576533606e-07
55 39 -6.5247728889306716e-08
55 55 1.6066587610652307e-04
55 63 -8.7699094566952524e-08
56 16 -1.1284684857736312e-07
56 42 -6.5783483869395245e-08
56 56 1.5728290549244680e-04
56 61 -8.3811866226014053e-08
57 17 -1.0032601547763027e-07
57 41 -6.7801673664132520e-08
57 57 1.4714759106878637e-04
57 62 -7.5544221503477905e-08
58 18 -1.0112572374479160e-07
58 40 -6.8043303016243746e-08
58 58 1.4699125953889050e-04
58 63 -7.4921358878748972e-08
59 22 -1.0290957280134437e-07
59 43 -6.9250861707294350e-08
59 59 1.4153174540279694e-04
59 60 -7.4862677905430793e-08
60 7 -9.7928778549979861e-08
60 52 -8.7762101154247728e-08
60 59 -7.4862677905430793e-08
60 60 1.5251124299976092e-04
61 5 -9.5795311010356204e-08
61 53 -7.8095328187786130e-08
61 56 -8.3811866226014053e-08
61 61 1.5377596842013262e-04
62 3 -9.2056780670377077e-08
62 54 -8.7288272570730563e-08
62 57 -7.5544221503477905e-08
62 62 1.5432116545266192e-04
63 6 -9.5890929798087693e-08
63 55 -8.7699094566952524e-08
63 58 -7.4921358878748972e-08
63 63 1.5039980382886638e-04
64 4 -7.2444273537548543e-08
64 45 -7.7835098526195058e-08
64 50 -1.1185100816205820e-07
64 64 1.7004688250480109e-04
65 35 -1.0214148332522540e-07
65 49 -7.4066115085334867e-08
65 50 -7.1626964434261773e-08
65 65 1.4174536038306508e-04
66 36 -1.0787385878713851e-07
66 46 -7.0136789031299141e-08
66 51 -7.1546055322004378e-08
66 66 1.4252945121946730e-04
