%%MatrixMarket matrix coordinate real general
66 66 244
1 1 5.7851023830331818e-05
1 2 -1.3456082419743168e-05
1 7 -9.8275783070914786e-06
1 45 -9.5152352057982681e-06
2 1 -1.3456082419743168e-05
2 2 5.2940612823364609e-05
2 25 -8.3838982584360040e-06
2 34 -9.3368757755855135e-06
3 3 5.7462235356359577e-05
3 8 -1.4104700984745379e-05
3 20 -1.0445815960745213e-05
3 62 -1.1911382304639977e-05
4 4 5.1881612033293668e-05
4 6 -1.1807280827251431e-05
4 25 -1.1868876999440384e-05
4 64 -8.3478922404891556e-06
5 5 5.5397607597236784e-05
5 9 -1.2899529197463612e-05
5 30 -1.0145298801657161e-05
5 61 -1.1179250833779284e-05
6 4 -1.1807280827251431e-05
6 6 5.1614526229674511e-05
6 35 -9.6087436365342681e-06
6 63 -1.1126913789721677e-05
7 1 -9.8275783070914786e-06
7 7 4.8684231603359887e-05
7 36 -8.4987059015240040e-06
7 60 -1.0369205709501355e-05
8 3 -1.4104700984745379e-05
8 8 5.2862726860246081e-05
8 47 -8.3602768132365694e-06
8 49 -1.1922868231911644e-05
9 5 -1.2899529197463612e-05
9 9 5.0524096515065741e-05
9 46 -1.1237655905404543e-05
9 48 -7.7017268472704305e-06
10 10 5.6355980756800553e-05
10 19 -8.5887044718555332e-06
10 21 -9.2762168019579905e-06
11 11 6.0926840830264768e-05
11 23 -1.0074522369034537e-05
11 32 -1.0375366461646561e-05
12 12 6.0346437537408873e-05
12 24 -9.7097929107261348e-06
12 31 -1.0404193587145868e-05
13 13 5.2579623970302984e-05
13 15 -1.0918412279215398e-05
13 20 -1.0864177290632236e-05
13 30 -1.0445416821005138e-05
14 14 5.4713518156986220e-05
14 33 -7.6852307417776475e-06
14 34 -8.0258246032317633e-06
15 13 -1.0918412279215398e-05
15 15 5.8328889690306529e-05
15 47 -1.2052957007924182e-05
15 48 -1.2148997795165751e-05
16 16 6.0678542922346794e-05
16 21 -9.4151371841740145e-06
16 56 -1.2108761600565362e-05
17 17 6.5493580852388870e-05
17 23 -1.0680173524182353e-05
17 57 -1.2507455239149285e-05
18 18 5.9472221991824949e-05
18 24 -1.0074559961180918e-05
18 58 -1.1402798238590983e-05
19 10 -8.5887044718555332e-06
19 19 4.6187313306408043e-05
19 22 -9.2919300401435700e-06
19 36 -9.3261931009655326e-06
20 3 -1.0445815960745213e-05
20 13 -1.0864177290632236e-05
20 20 5.3534228923548818e-05
20 23 -1.1993549560440803e-05
21 10 -9.2762168019579905e-06
21 16 -9.4151371841740145e-06
21 21 5.0428693108793150e-05
21 46 -1.0592820942602439e-05
22 19 -9.2919300401435700e-06
22 22 5.8310831869713443e-05
22 59 -1.0431557037417715e-05
23 11 -1.0074522369034537e-05
23 17 -1.0680173524182353e-05
23 20 -1.1993549560440803e-05
23 23 5.3901494387288579e-05
24 12 -9.7097929107261348e-06
24 18 -1.0074559961180918e-05
24 24 5.1473466066708095e-05
24 35 -1.1358932025042598e-05
25 2 -8.3838982584360040e-06
25 4 -1.1868876999440384e-05
25 25 4.9274051515620392e-05
25 33 -9.4299885816909827e-06
26 26 6.7700019328535834e-05
26 31 -1.1084214364434690e-05
26 54 -1.4203769834228384e-05
27 27 5.8146841024911878e-05
27 32 -9.1438698597709006e-06
27 53 -1.1029108566881434e-05
28 28 6.1174704838003725e-05
28 33 -1.0014151344383300e-05
28 55 -1.2155797413340943e-05
29 29 5.8990925544749033e-05
29 34 -9.1692626663938774e-06
29 52 -1.1183187322312446e-05
30 5 -1.0145298801657161e-05
30 13 -1.0445416821005138e-05
30 30 5.2361805644670756e-05
30 32 -1.1809735480731844e-05
31 12 -1.0404193587145868e-05
31 26 -1.1084214364434690e-05
31 31 5.6635938413552142e-05
31 49 -1.2304759244954960e-05
32 11 -1.0375366461646561e-05
32 27 -9.1438698597709006e-06
32 30 -1.1809735480731844e-05
32 32 5.1837326183603048e-05
33 14 -7.6852307417776475e-06
33 25 -9.4299885816909827e-06
33 28 -1.0014151344383300e-05
33 33 4.4212193304834389e-05
34 2 -9.3368757755855135e-06
34 14 -8.0258246032317633e-06
34 29 -9.1692626663938774e-06
34 34 4.4215222071259164e-05
35 6 -9.6087436365342681e-06
35 24 -1.1358932025042598e-05
35 35 5.1850313520026740e-05
35 65 -1.2470169782023060e-05
36 7 -8.4987059015240040e-06
36 19 -9.3261931009655326e-06
36 36 4.8439744212276170e-05
36 66 -1.1769492294892257e-05
37 37 6.6112900047045282e-05
37 41 -1.4202877227038455e-05
37 54 -8.2640785487310444e-06
38 38 4.9683779991495009e-05
38 42 -1.0691562515030747e-05
38 53 -6.6376566586617598e-06
39 39 5.1898620490422969e-05
39 40 -1.0685567448586023e-05
39 55 -6.8591735219448452e-06
40 39 -1.0685567448586023e-05
40 40 4.9652416880658498e-05
40 58 -6.6320802096092573e-06
41 37 -1.4202877227038455e-05
41 41 6.6713723709799726e-05
41 57 -8.8145428851106272e-06
42 38 -1.0691562515030747e-05
42 42 5.1974254521619988e-05
42 56 -6.9123826782803613e-06
43 43 5.5639974307882448e-05
43 44 -1.1219425605177319e-05
43 59 -7.0250979469275983e-06
44 43 -1.1219425605177319e-05
44 44 5.5310984140069003e-05
44 52 -6.6953231397293083e-06
45 1 -9.5152352057982681e-06
45 45 4.9629150354267064e-05
45 51 -1.1241732299548754e-05
45 64 -8.9832462990578737e-06
46 9 -1.1237655905404543e-05
46 21 -1.0592820942602439e-05
46 46 4.6403766830448718e-05
46 66 -7.6438150840789033e-06
47 8 -8.3602768132365694e-06
47 15 -1.2052957007924182e-05
47 47 5.0611184863713950e-05
47 50 -1.1921332479512810e-05
48 9 -7.7017268472704305e-06
48 15 -1.2148997795165751e-05
48 48 5.0428475154234330e-05
48 51 -1.1699399042900871e-05
49 8 -1.1922868231911644e-05
49 31 -1.2304759244954960e-05
49 49 5.1291524133761059e-05
49 65 -9.2828786906143514e-06
50 47 -1.1921332479512810e-05
50 50 5.1852695608831242e-05
50 64 -1.3326503076835119e-05
50 65 -8.7687315282350377e-06
51 45 -1.1241732299548754e-05
51 48 -1.1699399042900871e-05
51 51 4.8881543837120365e-05
51 66 -8.0709723515514494e-06
52 29 -1.1183187322312446e-05
52 44 -6.6953231397293083e-06
52 52 4.2745968509470436e-05
52 60 -9.0393679103787568e-06
53 27 -1.1029108566881434e-05
53 38 -6.6376566586617598e-06
53 53 4.2349982002213836e-05
53 61 -9.5753504402776816e-06
54 26 -1.4203769834228384e-05
54 37 -8.2640785487310444e-06
54 54 5.1738949269187560e-05
54 62 -1.1469631809672492e-05
55 28 -1.2155797413340943e-05
55 39 -6.8591735219448452e-06
55 55 4.5092911452050208e-05
55 63 -1.0019817680741261e-05
56 16 -1.2108761600565362e-05
56 42 -6.9123826782803613e-06
56 56 4.4162336305362155e-05
56 61 -9.6265607668735718e-06
57 17 -1.2507455239149285e-05
57 41 -8.8145428851106272e-06
57 57 4.6858080803418269e-05
57 62 -9.9467820989832759e-06
58 18 -1.1402798238590983e-05
58 40 -6.6320802096092573e-06
58 58 4.2169824455997215e-05
58 63 -9.1811178205120788e-06
59 22 -1.0431557037417715e-05
59 43 -7.0250979469275983e-06
59 59 3.9318497855559152e-05
59 60 -7.7105377760915049e-06
60 7 -1.0369205709501355e-05
60 52 -9.0393679103787568e-06
60 59 -7.7105377760915049e-06
60 60 4.2411530752213247e-05
61 5 -1.1179250833779284e-05
61 53 -9.5753504402776816e-06
61 56 -9.6265607668735718e-06
61 61 4.6101698971944422e-05
62 3 -1.1911382304639977e-05
62 54 -1.1469631809672492e-05
62 57 -9.9467820989832759e-06
62 62 4.9810801454343645e-05
63 6 -1.1126913789721677e-05
63 55 -1.0019817680741261e-05
63 58 -9.1811178205120788e-06
63 63 4.5613523198184333e-05
64 4 -8.3478922404891556e-06
64 45 -8.9832462990578737e-06
64 50 -1.3326503076835119e-05
64 64 4.8445470428420381e-05
65 35 -1.2470169782023060e-05
65 49 -9.2828786906143514e-06
65 50 -8.7687315282350377e-06
65 65 4.5515928541384597e-05
66 36 -1.1769492294892257e-05
66 46 -7.6438150840789033e-06
66 51 -8.0709723515514494e-06
66 66 4.2145584945866616e-05
