%%MatrixMarket matrix coordinate real general
66 66 244
1 1 5.6691474520774077e-05
1 2 -1.3207620243743832e-05
1 7 -9.6449853836397996e-06
1 45 -9.3325512491676404e-06
2 1 -1.3207620243743832e-05
2 2 5.2081204761509429e-05
2 25 -8.0991100017851871e-06
2 34 -9.2342376337256329e-06
3 3 5.6602186790187739e-05
3 8 -1.3914293321264380e-05
3 20 -1.0293525618246152e-05
3 62 -1.1748952715034042e-05
4 4 5.0269459410286976e-05
4 6 -1.1351533859166757e-05
4 25 -1.1538083705002216e-05
4 64 -8.0938217468525745e-06
5 5 5.3464557306766079e-05
5 9 -1.2442657860997198e-05
5 30 -9.7785955398078745e-06
5 61 -1.0725650110448397e-05
6 4 -1.1351533859166757e-05
6 6 4.9418405718125335e-05
6 35 -9.2266372202288596e-06
6 63 -1.0632901503536160e-05
7 1 -9.6449853836397996e-06
7 7 4.8059525523471076e-05
7 36 -8.3671971280510446e-06
7 60 -1.0264057645552469e-05
8 3 -1.3914293321264380e-05
8 8 5.2036201572697357e-05
8 47 -8.2581758559542844e-06
8 49 -1.1610955402922333e-05
9 5 -1.2442657860997198e-05
9 9 4.9037323292885320e-05
9 46 -1.0944169720986487e-05
9 48 -7.4630984069573837e-06
10 10 5.5241804352115324e-05
10 19 -8.4565601164546790e-06
10 21 -9.0305662832703807e-06
11 11 5.1709332108070268e-05
11 23 -8.6976551674544021e-06
11 32 -8.9169988977878245e-06
12 12 5.1155569623491239e-05
12 24 -8.3312257334756844e-06
12 31 -8.9755600380737683e-06
13 13 5.1351022664994708e-05
13 15 -1.0683426706121098e-05
13 20 -1.0642975045548676e-05
13 30 -1.0199228563984544e-05
14 14 5.3502527888321655e-05
14 33 -7.4909797244705341e-06
14 34 -7.8643246380443820e-06
15 13 -1.0683426706121098e-05
15 15 5.7064123256139583e-05
15 47 -1.1743387488195902e-05
15 48 -1.1910893306428261e-05
16 16 5.7738782024430722e-05
16 21 -9.1272609856767608e-06
16 56 -1.1282925766748214e-05
17 17 5.7239768505698036e-05
17 23 -9.4748591452860854e-06
17 57 -1.1071728508773917e-05
18 18 5.0047573322134644e-05
18 24 -8.5968316782468910e-06
18 58 -9.6019912167715073e-06
19 10 -8.4565601164546790e-06
19 19 4.5480292556650385e-05
19 22 -9.1659887431029030e-06
19 36 -9.1733399349425216e-06
20 3 -1.0293525618246152e-05
20 13 -1.0642975045548676e-05
20 20 5.2587804034906488e-05
20 23 -1.1916722850800220e-05
21 10 -9.0305662832703807e-06
21 16 -9.1272609856767608e-06
21 21 4.8865650420871039e-05
21 46 -1.0190174418060531e-05
22 19 -9.1659887431029030e-06
22 22 5.7866940657763695e-05
22 59 -1.0374774224556542e-05
23 11 -8.6976551674544021e-06
23 17 -9.4748591452860854e-06
23 20 -1.1916722850800220e-05
23 23 5.1327681668811592e-05
24 12 -8.3312257334756844e-06
24 18 -8.5968316782468910e-06
24 24 4.7035704859844143e-05
24 35 -1.0855738048323940e-05
25 2 -8.0991100017851871e-06
25 4 -1.1538083705002216e-05
25 25 4.7502418971656719e-05
25 33 -9.0831184288780943e-06
26 26 5.9367204542724069e-05
26 31 -9.8590979908638973e-06
26 54 -1.2616257697353391e-05
27 27 4.8982927902373678e-05
27 32 -7.8167347302962968e-06
27 53 -9.2957407880482232e-06
28 28 5.8281362947472959e-05
28 33 -9.7218411071173174e-06
28 55 -1.1354925781035357e-05
29 29 5.8502856462150871e-05
29 34 -9.0061026003857271e-06
29 52 -1.1126141937562488e-05
30 5 -9.7785955398078745e-06
30 13 -1.0199228563984544e-05
30 30 5.0409935734935457e-05
30 32 -1.1308169488265524e-05
31 12 -8.9755600380737683e-06
31 26 -9.8590979908638973e-06
31 31 5.3681078085937974e-05
31 49 -1.2192329958616197e-05
32 11 -8.9169988977878245e-06
32 27 -7.8167347302962968e-06
32 30 -1.1308169488265524e-05
32 32 4.7500203015539983e-05
33 14 -7.4909797244705341e-06
33 25 -9.0831184288780943e-06
33 28 -9.7218411071173174e-06
33 33 4.2910071895822596e-05
34 2 -9.2342376337256329e-06
34 14 -7.8643246380443820e-06
34 29 -9.0061026003857271e-06
34 34 4.3414208303947192e-05
35 6 -9.2266372202288596e-06
35 24 -1.0855738048323940e-05
35 35 5.0019696844332221e-05
35 65 -1.2178141941209486e-05
36 7 -8.3671971280510446e-06
36 19 -9.1733399349425216e-06
36 36 4.7564110348935861e-05
36 66 -1.1510079858129876e-05
37 37 6.0585117135006369e-05
37 41 -1.3060256959022581e-05
37 54 -7.6691445786560699e-06
38 38 4.4215217627296415e-05
38 42 -9.2799582052970112e-06
38 53 -5.9239096818816851e-06
39 39 4.2201874477718981e-05
39 40 -9.2754333319747461e-06
39 55 -6.1417722410911083e-06
40 39 -9.2754333319747461e-06
40 40 4.4198552212956127e-05
40 58 -5.9219912354969558e-06
41 37 -1.3060256959022581e-05
41 41 6.1221153541403118e-05
41 57 -8.1861042763041078e-06
42 38 -9.2799582052970112e-06
42 42 4.2269004046034481e-05
42 56 -6.1734741143947904e-06
43 43 5.5508705331726047e-05
43 44 -1.1194550233816882e-05
43 59 -6.9918455767163119e-06
44 43 -1.1194550233816882e-05
44 44 5.5174118098346475e-05
44 52 -6.6656617678541280e-06
45 1 -9.3325512491676404e-06
45 45 4.8535278460278675e-05
45 51 -1.1017895486456151e-05
45 64 -8.7179547988611716e-06
46 9 -1.0944169720986487e-05
46 21 -1.0190174418060531e-05
46 46 4.4699592614012347e-05
46 66 -7.3576982594021844e-06
47 8 -8.2581758559542844e-06
47 15 -1.1743387488195902e-05
47 47 4.9456586356177827e-05
47 50 -1.1605456355659035e-05
48 9 -7.4630984069573837e-06
48 15 -1.1910893306428261e-05
48 48 4.9114369399890360e-05
48 51 -1.1341315803367059e-05
49 8 -1.1610955402922333e-05
49 31 -1.2192329958616197e-05
49 49 5.0049654927447813e-05
49 65 -9.0272591347980670e-06
50 47 -1.1605456355659035e-05
50 50 5.0741430652567183e-05
50 64 -1.3003348501015327e-05
50 65 -8.5812082233093898e-06
51 45 -1.1017895486456151e-05
51 48 -1.1341315803367059e-05
51 51 4.7733542668319771e-05
51 66 -7.9046529459011734e-06
52 29 -1.1126141937562488e-05
52 44 -6.6656617678541280e-06
52 52 4.2460752421723509e-05
52 60 -8.9253621666231074e-06
53 27 -9.2957407880482232e-06
53 38 -5.9239096818816851e-06
53 53 3.6622256089721372e-05
53 61 -8.4210821962070648e-06
54 26 -1.2616257697353391e-05
54 37 -7.6691445786560699e-06
54 54 4.9660050785217180e-05
54 62 -1.1490658948191770e-05
55 28 -1.1354925781035357e-05
55 39 -6.1417722410911083e-06
55 55 4.1604312864640550e-05
55 63 -9.3059431990505042e-06
56 16 -1.1282925766748214e-05
56 42 -6.1734741143947904e-06
56 56 4.0761944549161296e-05
56 61 -8.9681753419550849e-06
57 17 -1.1071728508773917e-05
57 41 -8.1861042763041078e-06
57 57 4.5062636045592148e-05
57 62 -9.9727606439048761e-06
58 18 -9.6019912167715073e-06
58 40 -5.9219912354969558e-06
58 58 3.6485168247557664e-05
58 63 -8.0829338911308009e-06
59 22 -1.0374774224556542e-05
59 43 -6.9918455767163119e-06
59 59 3.9048749800066446e-05
59 60 -7.6121842428321133e-06
60 7 -1.0264057645552469e-05
60 52 -8.9253621666231074e-06
60 59 -7.6121842428321133e-06
60 60 4.1867414240776451e-05
61 5 -1.0725650110448397e-05
61 53 -8.4210821962070648e-06
61 56 -8.9681753419550849e-06
61 61 4.2703874639442965e-05
62 3 -1.1748952715034042e-05
62 54 -1.1490658948191770e-05
62 57 -9.9727606439048761e-06
62 62 4.9424786609395031e-05
63 6 -1.0632901503536160e-05
63 55 -9.3059431990505042e-06
63 58 -8.0829338911308009e-06
63 63 4.2149073086523418e-05
64 4 -8.0938217468525745e-06
64 45 -8.7179547988611716e-06
64 50 -1.3003348501015327e-05
64 64 4.6986711061156665e-05
65 35 -1.2178141941209486e-05
65 49 -9.0272591347980670e-06
65 50 -8.5812082233093898e-06
65 65 4.4562411028952944e-05
66 36 -1.1510079858129876e-05
66 46 -7.3576982594021844e-06
66 51 -7.9046529459011734e-06
66 66 4.1071768250899664e-05
