%%MatrixMarket matrix coordinate real general
66 66 244
1 1 2.4603212729258026e-04
1 2 -1.2470398857449352e-07
1 7 -9.1021900558007426e-08
1 45 -8.4724997900053492e-08
2 1 -1.2470398857449352e-07
2 2 2.1311099984729599e-04
2 25 -7.7358099680766149e-08
2 34 -8.7180799955686049e-08
3 3 1.9368719835905764e-04
3 8 -1.1135405455030222e-07
3 20 -8.2567093071927226e-08
3 62 -9.2170614808970253e-08
4 4 1.9100511570766207e-04
4 6 -1.0138719658921711e-07
4 25 -1.0450196340067074e-07
4 64 -7.2445830506611204e-08
5 5 2.0352023766125301e-04
5 9 -1.1021528161207133e-07
5 30 -8.3053563965377545e-08
5 61 -9.5858224608281573e-08
6 4 -1.0138719658921711e-07
6 6 1.8250542166886816e-04
6 35 -7.8982300308853533e-08
6 63 -9.5953706251633324e-08
7 1 -9.1021900558007426e-08
7 7 1.9574668080926810e-04
7 36 -8.0071049258148625e-08
7 60 -9.7926993756414876e-08
8 3 -1.1135405455030222e-07
8 8 1.7119720822573618e-04
8 47 -6.6768635440600830e-08
8 49 -9.5320117078393902e-08
9 5 -1.1021528161207133e-07
9 9 1.8034218503725494e-04
9 46 -9.8280005870728676e-08
9 48 -6.6736829652958296e-08
10 10 1.9618127812858459e-04
10 19 -8.3476686898715112e-08
10 21 -8.8190812039576428e-08
11 11 2.0231397625308775e-04
11 23 -8.4805680804101230e-08
11 32 -8.7213724495474193e-08
12 12 2.0229244041344808e-04
12 24 -8.1945870091074878e-08
12 31 -8.7904456811718824e-08
13 13 1.9083379126390583e-04
13 15 -8.8855787860945046e-08
13 20 -8.6058440481036413e-08
13 30 -8.5265307756101503e-08
14 14 1.5771863373650072e-04
14 33 -7.3397609114743945e-08
14 34 -7.8013049407769262e-08
15 13 -8.8855787860945046e-08
15 15 2.1911726851015853e-04
15 47 -9.9960176718828826e-08
15 48 -1.0135425392425930e-07
16 16 2.2085549339310461e-04
16 21 -8.9745483663245716e-08
16 56 -1.1287390734191426e-07
17 17 2.0532004375579951e-04
17 23 -8.6151595098473578e-08
17 57 -1.0100955806965746e-07
18 18 2.1049412615992179e-04
18 24 -8.9858918065959135e-08
18 58 -1.0177544884486237e-07
19 10 -8.3476686898715112e-08
19 19 1.8924736643954925e-04
19 22 -9.0196815834908902e-08
19 36 -8.7733742494304540e-08
20 3 -8.2567093071927226e-08
20 13 -8.6058440481036413e-08
20 20 1.8798331914095256e-04
20 23 -9.2576839796796450e-08
21 10 -8.8190812039576428e-08
21 16 -8.9745483663245716e-08
21 21 2.0876295498047681e-04
21 46 -9.6928456766418816e-08
22 19 -9.0196815834908902e-08
22 22 2.0189159612782201e-04
22 59 -1.0290151633860201e-07
23 11 -8.4805680804101230e-08
23 17 -8.6151595098473578e-08
23 20 -9.2576839796796450e-08
23 23 1.9750924726338550e-04
24 12 -8.1945870091074878e-08
24 18 -8.9858918065959135e-08
24 24 1.9073531674104294e-04
24 35 -8.9388914994511442e-08
25 2 -7.7358099680766149e-08
25 4 -1.0450196340067074e-07
25 25 1.9185224114812445e-04
25 33 -8.7002750747120747e-08
26 26 2.3359789415837226e-04
26 31 -8.9356478128008790e-08
26 54 -1.1466659077126654e-07
27 27 1.9734620242802122e-04
27 32 -8.1726223263127941e-08
27 53 -9.8636342525634786e-08
28 28 2.1857845601521084e-04
28 33 -9.5900730041224054e-08
28 55 -1.1327444235851252e-07
29 29 2.0884133314213037e-04
29 34 -8.9019385492815076e-08
29 52 -1.1015526471824091e-07
30 5 -8.3053563965377545e-08
30 13 -8.5265307756101503e-08
30 30 1.8924256219194038e-04
30 32 -9.2778548815577705e-08
31 12 -8.7904456811718824e-08
31 26 -8.9356478128008790e-08
31 31 2.1122148791114404e-04
31 49 -9.5273377394665446e-08
32 11 -8.7213724495474193e-08
32 27 -8.1726223263127941e-08
32 30 -9.2778548815577705e-08
32 32 1.9222782710750957e-04
33 14 -7.3397609114743945e-08
33 25 -8.7002750747120747e-08
33 28 -9.5900730041224054e-08
33 33 1.6948168738588102e-04
34 2 -8.7180799955686049e-08
34 14 -7.8013049407769262e-08
34 29 -8.9019385492815076e-08
34 34 1.7640620703602493e-04
35 6 -7.8982300308853533e-08
35 24 -8.9388914994511442e-08
35 35 1.7543737012513271e-04
35 65 -1.0220855792825427e-07
36 7 -8.0071049258148625e-08
36 19 -8.7733742494304540e-08
36 36 1.8625251243775510e-04
36 66 -1.0787287723381375e-07
37 37 1.8252806358578751e-04
37 41 -1.0983176830741554e-07
37 54 -6.4153408232009448e-08
38 38 1.8295503889309439e-04
38 42 -1.1095392692305865e-07
38 53 -6.8494246543213886e-08
39 39 1.7613418688244031e-04
39 40 -1.1095445299773941e-07
39 55 -6.5336672410745426e-08
40 39 -1.1095445299773941e-07
40 40 1.8293991427397927e-04
40 58 -6.8462589660359472e-08
41 37 -1.0983176830741554e-07
41 41 1.8249210499985210e-04
41 57 -6.8332173512073833e-08
42 38 -1.1095392692305865e-07
42 42 1.7613483596618150e-04
42 56 -6.5874118124210052e-08
43 43 1.7441838712952299e-04
43 44 -1.1207905764976881e-07
43 59 -6.9244599061896625e-08
44 43 -1.1207905764976881e-07
44 44 1.7441440989079027e-04
44 52 -6.5897950591039370e-08
45 1 -8.4724997900053492e-08
45 45 1.9159367958511531e-04
45 51 -9.9826346974193181e-08
45 64 -7.7835358400293514e-08
46 9 -9.8280005870728676e-08
46 21 -9.6928456766418816e-08
46 46 1.6648741073215778e-04
46 66 -7.0136372324384674e-08
47 8 -6.6768635440600830e-08
47 15 -9.9960176718828826e-08
47 47 1.7300835991080588e-04
47 50 -9.8859991761361990e-08
48 9 -6.6736829652958296e-08
48 15 -1.0135425392425930e-07
48 48 1.8199161135230109e-04
48 51 -1.0123783840966975e-07
49 8 -9.5320117078393902e-08
49 31 -9.5273377394665446e-08
49 49 1.6550904341806183e-04
49 65 -7.4112821422755503e-08
50 47 -9.8859991761361990e-08
50 50 1.6966482699992170e-04
50 64 -1.1185325403054285e-07
50 65 -7.1638663269127029e-08
51 45 -9.9826346974193181e-08
51 48 -1.0123783840966975e-07
51 51 1.7317154180770668e-04
51 66 -7.1545927282911530e-08
52 29 -1.1015526471824091e-07
52 44 -6.5897950591039370e-08
52 52 1.5817471895906364e-04
52 60 -8.7757397657156861e-08
53 27 -9.8636342525634786e-08
53 38 -6.8494246543213886e-08
53 53 1.4541922377070234e-04
53 61 -7.8334466011262535e-08
54 26 -1.1466659077126654e-07
54 37 -6.4153408232009448e-08
54 54 1.6290010394374771e-04
54 62 -8.7612939806860791e-08
55 28 -1.1327444235851252e-07
55 39 -6.5336672410745426e-08
55 55 1.5976201311884085e-04
55 63 -8.7769309037385684e-08
56 16 -1.1287390734191426e-07
56 42 -6.5874118124210052e-08
56 56 1.5637262658918324e-04
56 61 -8.3882538398087819e-08
57 17 -1.0100955806965746e-07
57 41 -6.8332173512073833e-08
57 57 1.4480091515587184e-04
57 62 -7.5842251073314800e-08
58 18 -1.0177544884486237e-07
58 40 -6.8462589660359472e-08
58 58 1.4379880287751260e-04
58 63 -7.5147246310361551e-08
59 22 -1.0290151633860201e-07
59 43 -6.9244599061896625e-08
59 59 1.4164801288739034e-04
59 60 -7.4858549162543585e-08
60 7 -9.7926993756414876e-08
60 52 -8.7757397657156861e-08
60 59 -7.4858549162543585e-08
60 60 1.5256384618182088e-04
61 5 -9.5858224608281573e-08
61 53 -7.8334466011262535e-08
61 56 -8.3882538398087819e-08
61 61 1.5386454442229146e-04
62 3 -9.2170614808970253e-08
62 54 -8.7612939806860791e-08
62 57 -7.5842251073314800e-08
62 62 1.5274277568008316e-04
63 6 -9.5953706251633324e-08
63 55 -8.7769309037385684e-08
63 58 -7.5147246310361551e-08
63 63 1.5057278998941855e-04
64 4 -7.2445830506611204e-08
64 45 -7.7835358400293514e-08
64 50 -1.1185325403054285e-07
64 64 1.7003475433653565e-04
65 35 -1.0220855792825427e-07
65 49 -7.4112821422755503e-08
65 50 -7.1638663269127029e-08
65 65 1.4127542842583973e-04
66 36 -1.0787287723381375e-07
66 46 -7.0136372324384674e-08
66 51 -7.1545927282911530e-08
66 66 1.4253543227580982e-04
