%%MatrixMarket matrix coordinate real general
66 66 244
1 1 5.7557994131715890e-05
1 2 -1.3394666707309612e-05
1 7 -9.7823587861354100e-06
1 45 -9.4694522920545124e-06
2 1 -1.3394666707309612e-05
2 2 5.2721707604767856e-05
2 25 -8.3112500572663757e-06
2 34 -9.3119315772602782e-06
3 3 5.7258483932672648e-05
3 8 -1.4057659019236683e-05
3 20 -1.0408879437320821e-05
3 62 -1.1877280041182882e-05
4 4 5.1470448480457626e-05
4 6 -1.1689945839556512e-05
4 25 -1.1785139145236706e-05
4 64 -8.2844172211960622e-06
5 5 5.4837473455329511e-05
5 9 -1.2782325398906222e-05
5 30 -1.0049573485938718e-05
5 61 -1.1062449941320918e-05
6 4 -1.1689945839556512e-05
6 6 5.1042860614209783e-05
6 35 -9.5087661776229020e-06
6 63 -1.0998883956232797e-05
7 1 -9.7823587861354100e-06
7 7 4.8530563537969088e-05
7 36 -8.4664511899775675e-06
7 60 -1.0343339721447424e-05
8 3 -1.4057659019236683e-05
8 8 5.2658398976915948e-05
8 47 -8.3338257597811335e-06
8 49 -1.1850229433680698e-05
9 5 -1.2782325398906222e-05
9 9 5.0146407652645056e-05
9 46 -1.1163067083896595e-05
9 48 -7.6426022494063229e-06
10 10 5.6086927020669732e-05
10 19 -8.5565716718189671e-06
10 21 -9.2158126344973394e-06
11 11 5.7641613991363773e-05
11 23 -9.5910357885478829e-06
11 32 -9.8726693782679309e-06
12 12 5.7037099626917152e-05
12 24 -9.2299655873625567e-06
12 31 -9.8977446369362813e-06
13 13 5.2282412053700363e-05
13 15 -1.0859640359542858e-05
13 20 -1.0812616264149284e-05
13 30 -1.0383861718361525e-05
14 14 5.4417013695430726e-05
14 33 -7.6375671101851435e-06
14 34 -7.9858806807482226e-06
15 13 -1.0859640359542858e-05
15 15 5.8012355969412807e-05
15 47 -1.1978109992920228e-05
15 48 -1.2088529191891977e-05
16 16 5.9945865483447574e-05
16 21 -9.3453887836830186e-06
16 56 -1.1880474030925718e-05
17 17 6.2912444681225514e-05
17 23 -1.0310580315735456e-05
17 57 -1.2064670614066816e-05
18 18 5.5627973915144137e-05
18 24 -9.4848683660095268e-06
18 58 -1.0703628740140087e-05
19 10 -8.5565716718189671e-06
19 19 4.6013160945722578e-05
19 22 -9.2612291618660088e-06
19 36 -9.2886891555294822e-06
20 3 -1.0408879437320821e-05
20 13 -1.0812616264149284e-05
20 20 5.3326377603231883e-05
20 23 -1.1990708006643590e-05
21 10 -9.2158126344973394e-06
21 16 -9.3453887836830186e-06
21 21 5.0039485287785563e-05
21 46 -1.0490156561894974e-05
22 19 -9.2612291618660088e-06
22 22 5.8206618868962869e-05
22 59 -1.0418091128469057e-05
23 11 -9.5910357885478829e-06
23 17 -1.0310580315735456e-05
23 20 -1.1990708006643590e-05
23 23 5.3091502396920510e-05
24 12 -9.2299655873625567e-06
24 18 -9.4848683660095268e-06
24 24 5.0246893406826376e-05
24 35 -1.1301150800470793e-05
25 2 -8.3112500572663757e-06
25 4 -1.1785139145236706e-05
25 25 4.8815574397667091e-05
25 33 -9.3416607004827944e-06
26 26 6.5122882952861396e-05
26 31 -1.0713054125220692e-05
26 54 -1.3719566901888143e-05
27 27 5.4359601967436305e-05
27 32 -8.6065722530116958e-06
27 53 -1.0348501337080353e-05
28 28 6.0454296594835315e-05
28 33 -9.9435007407758444e-06
28 55 -1.1938080190199651e-05
29 29 5.8876353255830597e-05
29 34 -9.1288799558422584e-06
29 52 -1.1169686950746835e-05
30 5 -1.0049573485938718e-05
30 13 -1.0383861718361525e-05
30 30 5.1921777061745590e-05
30 32 -1.1752824834285379e-05
31 12 -9.8977446369362813e-06
31 26 -1.0713054125220692e-05
31 31 5.5751051016829787e-05
31 49 -1.2296151521083785e-05
32 11 -9.8726693782679309e-06
32 27 -8.6065722530116958e-06
32 30 -1.1752824834285379e-05
32 32 5.0644687493313619e-05
33 14 -7.6375671101851435e-06
33 25 -9.3416607004827944e-06
33 28 -9.9435007407758444e-06
33 33 4.3888610812667661e-05
34 2 -9.3119315772602782e-06
34 14 -7.9858806807482226e-06
34 29 -9.1288799558422584e-06
34 34 4.4015414871591872e-05
35 6 -9.5087661776229020e-06
35 24 -1.1301150800470793e-05
35 35 5.1585738687265031e-05
35 65 -1.2395340116652992e-05
36 7 -8.4664511899775675e-06
36 19 -9.2886891555294822e-06
36 36 4.8226777951334559e-05
36 66 -1.1705183075549765e-05
37 37 6.4617158120220715e-05
37 41 -1.3898759090984341e-05
37 54 -8.1042991948511240e-06
38 38 4.6687664697105593e-05
38 42 -9.9728701705533368e-06
38 53 -6.2715710009878573e-06
39 39 4.7813652096258736e-05
39 40 -9.9674646591427306e-06
39 55 -6.6312139591443976e-06
40 39 -9.9674646591427306e-06
40 40 4.6661630172795551e-05
40 58 -6.2672854426886052e-06
41 37 -1.3898759090984341e-05
41 41 6.5230100019859688e-05
41 57 -8.6466446783302150e-06
42 38 -9.9728701705533368e-06
42 42 4.7884227409117386e-05
42 56 -6.6756411557675020e-06
43 43 5.5608756139885663e-05
43 44 -1.1213510700350193e-05
43 59 -7.0171823690218274e-06
44 43 -1.1213510700350193e-05
44 44 5.5278390780623499e-05
44 52 -6.6882497472437607e-06
45 1 -9.4694522920545124e-06
45 45 4.9351135006643339e-05
45 51 -1.1185618516442977e-05
45 64 -8.9169457032184240e-06
46 9 -1.1163067083896595e-05
46 21 -1.0490156561894974e-05
46 46 4.5974325325833977e-05
46 66 -7.5707733945957456e-06
47 8 -8.3338257597811335e-06
47 15 -1.1978109992920228e-05
47 47 5.0291315218979144e-05
47 50 -1.1845091078204898e-05
48 9 -7.6426022494063229e-06
48 15 -1.2088529191891977e-05
48 48 5.0044665163121899e-05
48 51 -1.1610727265699801e-05
49 8 -1.1850229433680698e-05
49 31 -1.2296151521083785e-05
49 49 5.1047401000920357e-05
49 65 -9.2233575733429185e-06
50 47 -1.1845091078204898e-05
50 50 5.1526766216203442e-05
50 64 -1.3245356628664540e-05
50 65 -8.7206943694062044e-06
51 45 -1.1185618516442977e-05
51 48 -1.1610727265699801e-05
51 51 4.8600105395250872e-05
51 66 -8.0293377985144891e-06
52 29 -1.1169686950746835e-05
52 44 -6.6882497472437607e-06
52 52 4.2675774372729020e-05
52 60 -9.0114159704206814e-06
53 27 -1.0348501337080353e-05
53 38 -6.2715710009878573e-06
53 53 4.0735835308316787e-05
53 61 -9.3749058793399097e-06
54 26 -1.3719566901888143e-05
54 37 -8.1042991948511240e-06
54 54 5.1110737355886557e-05
54 62 -1.1471638586041711e-05
55 28 -1.1938080190199651e-05
55 39 -6.6312139591443976e-06
55 55 4.4116199478461035e-05
55 63 -9.8238426247253104e-06
56 16 -1.1880474030925718e-05
56 42 -6.6756411557675020e-06
56 56 4.3176147908481972e-05
56 61 -9.4473905145928541e-06
57 17 -1.2064670614066816e-05
57 41 -8.6466446783302150e-06
57 57 4.6263647813214639e-05
57 62 -9.9505093845455502e-06
58 18 -1.0703628740140087e-05
58 40 -6.2672854426886052e-06
58 58 4.0562075561816172e-05
58 63 -8.9918723600037049e-06
59 22 -1.0418091128469057e-05
59 43 -7.0171823690218274e-06
59 59 3.9251846269951706e-05
59 60 -7.6864254306006471e-06
60 7 -1.0343339721447424e-05
60 52 -9.0114159704206814e-06
60 59 -7.6864254306006471e-06
60 60 4.2276755415166645e-05
61 5 -1.1062449941320918e-05
61 53 -9.3749058793399097e-06
61 56 -9.4473905145928541e-06
61 61 4.5292121813697163e-05
62 3 -1.1877280041182882e-05
62 54 -1.1471638586041711e-05
62 57 -9.9505093845455502e-06
62 62 4.9729362004960802e-05
63 6 -1.0998883956232797e-05
63 55 -9.8238426247253104e-06
63 58 -8.9918723600037049e-06
63 63 4.4776218405820704e-05
64 4 -8.2844172211960622e-06
64 45 -8.9169457032184240e-06
64 50 -1.3245356628664540e-05
64 64 4.8078241440319637e-05
65 35 -1.2395340116652992e-05
65 49 -9.2233575733429185e-06
65 50 -8.7206943694062044e-06
65 65 4.5240783846923418e-05
66 36 -1.1705183075549765e-05
66 46 -7.5707733945957456e-06
66 51 -8.0293377985144891e-06
66 66 4.1877983390598491e-05
