%%MatrixMarket matrix coordinate real general
66 66 244
1 1 2.4603291194238703e-04
1 2 -1.2470378993891996e-07
1 7 -9.1021850751059235e-08
1 45 -8.4724982972993324e-08
2 1 -1.2470378993891996e-07
2 2 2.1311787138049611e-04
2 25 -7.7357858507069575e-08
2 34 -8.7179602314196035e-08
3 3 1.9357004062391250e-04
3 8 -1.1135865611265556e-07
3 20 -8.2577740774971708e-08
3 62 -9.2194851428443428e-08
4 4 1.9100052359066538e-04
4 6 -1.0138918207162150e-07
4 25 -1.0450192061394059e-07
4 64 -7.2445926546064507e-08
5 5 2.0344200587997483e-04
5 9 -1.1021755040030798e-07
5 30 -8.3063567220217025e-08
5 61 -9.5871660888672700e-08
6 4 -1.0138918207162150e-07
6 6 1.8243258286029874e-04
6 35 -7.8991888767008558e-08
6 63 -9.5967077806999076e-08
7 1 -9.1021850751059235e-08
7 7 1.9574844805147880e-04
7 36 -8.0070904734604569e-08
7 60 -9.7926615091043184e-08
8 3 -1.1135865611265556e-07
8 8 1.7115626784597654e-04
8 47 -6.6769441602007894e-08
8 49 -9.5330518581071967e-08
9 5 -1.1021755040030798e-07
9 9 1.8033729441298204e-04
9 46 -9.8280013026971512e-08
9 48 -6.6736922559918536e-08
10 10 1.9629132760311095e-04
10 19 -8.3473435677176476e-08
10 21 -8.8187594253510626e-08
11 11 2.0036724100123111e-04
11 23 -8.5085148107181039e-08
11 32 -8.7506078876314421e-08
12 12 2.0037342378674715e-04
12 24 -8.2218425034070043e-08
12 31 -8.8180203492961947e-08
13 13 1.9077180239383687e-04
13 15 -8.8857151926755044e-08
13 20 -8.6068451022304543e-08
13 30 -8.5275595293102823e-08
14 14 1.5782253554324027e-04
14 33 -7.3394366528216515e-08
14 34 -7.8009574770509329e-08
15 13 -8.8857151926755044e-08
15 15 2.1911343481413470e-04
15 47 -9.9960327295869692e-08
15 48 -1.0135435470364032e-07
16 16 2.2093668849180036e-04
16 21 -8.9742973766491555e-08
16 56 -1.1287704681761940e-07
17 17 2.0345911906798720e-04
17 23 -8.6431841682357945e-08
17 57 -1.0138915132033490e-07
18 18 2.0879756594638902e-04
18 24 -9.0151055772411951e-08
18 58 -1.0214553646707336e-07
19 10 -8.3473435677176476e-08
19 19 1.8929474844892928e-04
19 22 -9.0193352994126080e-08
19 36 -8.7732565288838413e-08
20 3 -8.2577740774971708e-08
20 13 -8.6068451022304543e-08
20 20 1.8758408136105271e-04
20 23 -9.2664470083019075e-08
21 10 -8.8187594253510626e-08
21 16 -8.9742973766491555e-08
21 21 2.0880777338931890e-04
21 46 -9.6927245251601390e-08
22 19 -9.0193352994126080e-08
22 22 2.0200166867229046e-04
22 59 -1.0289699173927052e-07
23 11 -8.5085148107181039e-08
23 17 -8.6431841682357945e-08
23 20 -9.2664470083019075e-08
23 23 1.9549289924303029e-04
24 12 -8.2218425034070043e-08
24 18 -9.0151055772411951e-08
24 24 1.8749371890792644e-04
24 35 -8.9476105496257609e-08
25 2 -7.7357858507069575e-08
25 4 -1.0450192061394059e-07
25 25 1.9185859326891188e-04
25 33 -8.7001512236139700e-08
26 26 2.2967922320691272e-04
26 31 -8.9610789817593864e-08
26 54 -1.1503281024556071e-07
27 27 1.9534019140023852e-04
27 32 -8.2003965175641139e-08
27 53 -9.9013382869321028e-08
28 28 2.1866072053772613e-04
28 33 -9.5897681522212975e-08
28 55 -1.1327750616787282e-07
29 29 2.0895132474600838e-04
29 34 -8.9015837942448958e-08
29 52 -1.1015072608992937e-07
30 5 -8.3063567220217025e-08
30 13 -8.5275595293102823e-08
30 30 1.8882435173029586e-04
30 32 -9.2868918389093097e-08
31 12 -8.8180203492961947e-08
31 26 -8.9610789817593864e-08
31 31 2.1070235882115224e-04
31 49 -9.5360334145033212e-08
32 11 -8.7506078876314421e-08
32 27 -8.2003965175641139e-08
32 30 -9.2868918389093097e-08
32 32 1.8887595500358589e-04
33 14 -7.3394366528216515e-08
33 25 -8.7001512236139700e-08
33 28 -9.5897681522212975e-08
33 33 1.6952887912398615e-04
34 2 -8.7179602314196035e-08
34 14 -7.8009574770509329e-08
34 29 -8.9015837942448958e-08
34 34 1.7645736842732728e-04
35 6 -7.8991888767008558e-08
35 24 -8.9476105496257609e-08
35 35 1.7505454830645645e-04
35 65 -1.0222224595219343e-07
36 7 -8.0070904734604569e-08
36 19 -8.7732565288838413e-08
36 36 1.8625797065662745e-04
36 66 -1.0787268018408209e-07
37 37 1.8087521980763967e-04
37 41 -1.1052465812404703e-07
37 54 -6.4420786638502379e-08
38 38 1.8119215683705828e-04
38 42 -1.1129689206996579e-07
38 53 -6.8754085856679063e-08
39 39 1.7647135485059223e-04
39 40 -1.1129704852164267e-07
39 55 -6.5375082757102408e-08
40 39 -1.1129704852164267e-07
40 40 1.8118732410864397e-04
40 58 -6.8719570622985968e-08
41 37 -1.1052465812404703e-07
41 41 1.8084292952633461e-04
41 57 -6.8638779567291478e-08
42 38 -1.1129689206996579e-07
42 42 1.7647172970855192e-04
42 56 -6.5913179237414564e-08
43 43 1.7454791558965546e-04
43 44 -1.1207111598519017e-07
43 59 -6.9240909317907815e-08
44 43 -1.1207111598519017e-07
44 44 1.7454408823821312e-04
44 52 -6.5894602910166992e-08
45 1 -8.4724982972993324e-08
45 45 1.9159369680073020e-04
45 51 -9.9826345562600307e-08
45 64 -7.7835367203570105e-08
46 9 -9.8280013026971512e-08
46 21 -9.6927245251601390e-08
46 46 1.6649214645974848e-04
46 66 -7.0136253098847122e-08
47 8 -6.6769441602007894e-08
47 15 -9.9960327295869692e-08
47 47 1.7300601797215631e-04
47 50 -9.8860166137143309e-08
48 9 -6.6736922559918536e-08
48 15 -1.0135435470364032e-07
48 48 1.8199125055983373e-04
48 51 -1.0123784733030934e-07
49 8 -9.5330518581071967e-08
49 31 -9.5360334145033212e-08
49 49 1.6516111134319892e-04
49 65 -7.4122190482536559e-08
50 47 -9.8860166137143309e-08
50 50 1.6966085422711534e-04
50 64 -1.1185339442491348e-07
50 65 -7.1640093999418044e-08
51 45 -9.9826345562600307e-08
51 48 -1.0123784733030934e-07
51 51 1.7317157834837360e-04
51 66 -7.1545908191893191e-08
52 29 -1.1015072608992937e-07
52 44 -6.5894602910166992e-08
52 52 1.5822337088626423e-04
52 60 -8.7755731689110707e-08
53 27 -9.9013382869321028e-08
53 38 -6.8754085856679063e-08
53 53 1.4409303814387291e-04
53 61 -7.8429454141670694e-08
54 26 -1.1503281024556071e-07
54 37 -6.4420786638502379e-08
54 54 1.6180172876320114e-04
54 62 -8.7725792846410710e-08
55 28 -1.1327750616787282e-07
55 39 -6.5375082757102408e-08
55 55 1.5957331275448449e-04
55 63 -8.7785409020366487e-08
56 16 -1.1287704681761940e-07
56 42 -6.5913179237414564e-08
56 56 1.5618189597848428e-04
56 61 -8.3898861906565150e-08
57 17 -1.0138915132033490e-07
57 41 -6.8638779567291478e-08
57 57 1.4333060352628363e-04
57 62 -7.5948756143380578e-08
58 18 -1.0214553646707336e-07
58 40 -6.8719570622985968e-08
58 58 1.4257745776708993e-04
58 63 -7.5236609401434508e-08
59 22 -1.0289699173927052e-07
59 43 -6.9240909317907815e-08
59 59 1.4169631612499372e-04
59 60 -7.4857059877490964e-08
60 7 -9.7926615091043184e-08
60 52 -8.7755731689110707e-08
60 59 -7.4857059877490964e-08
60 60 1.5257625042072997e-04
61 5 -9.5871660888672700e-08
61 53 -7.8429454141670694e-08
61 56 -8.3898861906565150e-08
61 61 1.5341539597201500e-04
62 3 -9.2194851428443428e-08
62 54 -8.7725792846410710e-08
62 57 -7.5948756143380578e-08
62 62 1.5190215878636400e-04
63 6 -9.5967077806999076e-08
63 55 -8.7785409020366487e-08
63 58 -7.5236609401434508e-08
63 63 1.5015739103587644e-04
64 4 -7.2445926546064507e-08
64 45 -7.7835367203570105e-08
64 50 -1.1185339442491348e-07
64 64 1.7003431612399810e-04
65 35 -1.0222224595219343e-07
65 49 -7.4122190482536559e-08
65 50 -7.1640093999418044e-08
65 65 1.4121500943200830e-04
66 36 -1.0787268018408209e-07
66 46 -7.0136253098847122e-08
66 51 -7.1545908191893191e-08
66 66 1.4253625785159657e-04
