%%MatrixMarket matrix coordinate real general
66 66 244
1 1 5.8018741409955089e-05
1 2 -1.3491720180401502e-05
1 7 -9.8538243932436561e-06
1 45 -9.5422588533518861e-06
2 1 -1.3491720180401502e-05
2 2 5.3066069615745795e-05
2 25 -8.4259073709431385e-06
2 34 -9.3518499918112523e-06
3 3 5.7574475870531336e-05
3 8 -1.4131512442186059e-05
3 20 -1.0466654090864926e-05
3 62 -1.1929392683927673e-05
4 4 5.2118828475981928e-05
4 6 -1.1876633862601941e-05
4 25 -1.1918419728207441e-05
4 64 -8.3844040186169183e-06
5 5 5.5718154594840548e-05
5 9 -1.2968866809126279e-05
5 30 -1.0199812730253992e-05
5 61 -1.1248050949353941e-05
6 4 -1.1876633862601941e-05
6 6 5.1954130502212882e-05
6 35 -9.6655011786087387e-06
6 63 -1.1202273430817034e-05
7 1 -9.8538243932436561e-06
7 7 4.8774372957312790e-05
7 36 -8.5173638264718048e-06
7 60 -1.0384541243107467e-05
8 3 -1.4131512442186059e-05
8 8 5.2982135609152693e-05
8 47 -8.3759737593175562e-06
8 49 -1.1962452621783307e-05
9 5 -1.2968866809126279e-05
9 9 5.0750787754461313e-05
9 46 -1.1282008772542339e-05
9 48 -7.7355254669852210e-06
10 10 5.6511879929934399e-05
10 19 -8.6069527002059263e-06
10 21 -9.3112104190092306e-06
11 11 6.3251114348434321e-05
11 23 -1.0411105499585096e-05
11 32 -1.0723370491688675e-05
12 12 6.2714084894865886e-05
12 24 -1.0044971515495888e-05
12 31 -1.0760013162658196e-05
13 13 5.2754935740032216e-05
13 15 -1.0952402029150023e-05
13 20 -1.0892564776424982e-05
13 30 -1.0480595901264310e-05
14 14 5.4880676280920556e-05
14 33 -7.7128349449178684e-06
14 34 -8.0484305353153048e-06
15 13 -1.0952402029150023e-05
15 15 5.8514887397459493e-05
15 47 -1.2095289298812596e-05
15 48 -1.2184632120680239e-05
16 16 6.1110805769762399e-05
16 21 -9.4550705050179549e-06
16 56 -1.2249294598809314e-05
17 17 6.7130320998984950e-05
17 23 -1.0912060827011889e-05
17 57 -1.2785254294356037e-05
18 18 6.2566704324925365e-05
18 24 -1.0541156683658204e-05
18 58 -1.1949059662007302e-05
19 10 -8.6069527002059263e-06
19 19 4.6286472053911006e-05
19 22 -9.3094504632387320e-06
19 36 -9.3478688174299130e-06
20 3 -1.0466654090864926e-05
20 13 -1.0892564776424982e-05
20 20 5.3646108851238042e-05
20 23 -1.1997503183235322e-05
21 10 -9.3112104190092306e-06
21 16 -9.4550705050179549e-06
21 21 5.0652304526368575e-05
21 46 -1.0651971817312353e-05
22 19 -9.3094504632387320e-06
22 22 5.8369089497854396e-05
22 59 -1.0439188997417569e-05
23 11 -1.0411105499585096e-05
23 17 -1.0912060827011889e-05
23 20 -1.1997503183235322e-05
23 23 5.4472700465171471e-05
24 12 -1.0044971515495888e-05
24 18 -1.0541156683658204e-05
24 24 5.2334812935420590e-05
24 35 -1.1382554037538882e-05
25 2 -8.4259073709431385e-06
25 4 -1.1918419728207441e-05
25 25 4.9531104377836002e-05
25 33 -9.4808924870581434e-06
26 26 6.9328621289770008e-05
26 31 -1.1315160987814651e-05
26 54 -1.4505140521756319e-05
27 27 6.1246720026998259e-05
27 32 -9.5748539072537493e-06
27 53 -1.1567439788018597e-05
28 28 6.1599959205178940e-05
28 33 -1.0054592801185244e-05
28 55 -1.2289462934906316e-05
29 29 5.9054848166460846e-05
29 34 -9.1921895189407353e-06
29 52 -1.1190884606325546e-05
30 5 -1.0199812730253992e-05
30 13 -1.0480595901264310e-05
30 30 5.2590485247615902e-05
30 32 -1.1833048177699728e-05
31 12 -1.0760013162658196e-05
31 26 -1.1315160987814651e-05
31 31 5.7234678065309401e-05
31 49 -1.2311680788968974e-05
32 11 -1.0723370491688675e-05
32 27 -9.5748539072537493e-06
32 30 -1.1833048177699728e-05
32 32 5.2674417708203107e-05
33 14 -7.7128349449178684e-06
33 25 -9.4808924870581434e-06
33 28 -1.0054592801185244e-05
33 33 4.4398223673640086e-05
34 2 -9.3518499918112523e-06
34 14 -8.0484305353153048e-06
34 29 -9.1921895189407353e-06
34 34 4.4328947529965947e-05
35 6 -9.6655011786087387e-06
35 24 -1.1382554037538882e-05
35 35 5.2093405188899269e-05
35 65 -1.2513494363397661e-05
36 7 -8.5173638264718048e-06
36 19 -9.3478688174299130e-06
36 36 4.8570182451094588e-05
36 66 -1.1806815654253899e-05
37 37 6.6966445302235335e-05
37 41 -1.4375967033842846e-05
37 54 -8.3556269315502500e-06
38 38 5.2998996351648080e-05
38 42 -1.1416787301353762e-05
38 53 -7.0373274608966356e-06
39 39 5.4859813120929080e-05
39 40 -1.1410625236964152e-05
39 55 -6.9941217110640003e-06
40 39 -1.1410625236964152e-05
40 40 5.2967397184643718e-05
40 58 -7.0310239909966411e-06
41 37 -1.4375967033842846e-05
41 41 6.7558144132137519e-05
41 57 -8.9104464844899195e-06
42 38 -1.1416787301353762e-05
42 42 5.4938838478396078e-05
42 56 -7.0530721728216954e-06
43 43 5.5657587992006138e-05
43 44 -1.1222734544418358e-05
43 59 -7.0296279948221947e-06
44 43 -1.1222734544418358e-05
44 44 5.5329368018970507e-05
44 52 -6.6994054754359596e-06
45 1 -9.5422588533518861e-06
45 45 4.9786514830124577e-05
45 51 -1.1274822061074898e-05
45 64 -9.0214378299419257e-06
46 9 -1.1282008772542339e-05
46 21 -1.0651971817312353e-05
46 46 4.6662029497983247e-05
46 66 -7.6859034865212375e-06
47 8 -8.3759737593175562e-06
47 15 -1.2095289298812596e-05
47 47 5.0792409717317898e-05
47 50 -1.1964358614363568e-05
48 9 -7.7355254669852210e-06
48 15 -1.2184632120680239e-05
48 48 5.0648452882538959e-05
48 51 -1.1750125603514778e-05
49 8 -1.1962452621783307e-05
49 31 -1.2311680788968974e-05
49 49 5.1308619148580140e-05
49 65 -9.3152341439926329e-06
50 47 -1.1964358614363568e-05
50 50 5.2040947853326680e-05
50 64 -1.3373684876209880e-05
50 65 -8.7969174087105175e-06
51 45 -1.1274822061074898e-05
51 48 -1.1750125603514778e-05
51 51 4.9050140658657437e-05
51 66 -8.0954800842275817e-06
52 29 -1.1190884606325546e-05
52 44 -6.6994054754359596e-06
52 52 4.2786013498036646e-05
52 60 -9.0553094214587570e-06
53 27 -1.1567439788018597e-05
53 38 -7.0373274608966356e-06
53 53 4.3516728561939654e-05
53 61 -9.6583853835680226e-06
54 26 -1.4505140521756319e-05
54 37 -8.3556269315502500e-06
54 54 5.2132008155086979e-05
54 62 -1.1471083476140255e-05
55 28 -1.2289462934906316e-05
55 39 -6.9941217110640003e-06
55 55 4.5531287797305391e-05
55 63 -1.0139129976821016e-05
56 16 -1.2249294598809314e-05
56 42 -7.0530721728216954e-06
56 56 4.4766845417146829e-05
56 61 -9.7357404891939312e-06
57 17 -1.2785254294356037e-05
57 41 -8.9104464844899195e-06
57 57 4.7230249005752521e-05
57 62 -9.9470673292961739e-06
58 18 -1.1949059662007302e-05
58 40 -7.0310239909966411e-06
58 58 4.3333641052324952e-05
58 63 -9.2600097120308497e-06
59 22 -1.0439188997417569e-05
59 43 -7.0296279948221947e-06
59 59 3.9356347556417410e-05
59 60 -7.7242843616046784e-06
60 7 -1.0384541243107467e-05
60 52 -9.0553094214587570e-06
60 59 -7.7242843616046784e-06
60 60 4.2488672893847349e-05
61 5 -1.1248050949353941e-05
61 53 -9.6583853835680226e-06
61 56 -9.7357404891939312e-06
61 61 4.6556102530308821e-05
62 3 -1.1929392683927673e-05
62 54 -1.1471083476140255e-05
62 57 -9.9470673292961739e-06
62 62 4.9863153584305884e-05
63 6 -1.1202273430817034e-05
63 55 -1.0139129976821016e-05
63 58 -9.2600097120308497e-06
63 63 4.6092303090877705e-05
64 4 -8.3844040186169183e-06
64 45 -9.0214378299419257e-06
64 50 -1.3373684876209880e-05
64 64 4.8661043009980770e-05
65 35 -1.2513494363397661e-05
65 49 -9.3152341439926329e-06
65 50 -8.7969174087105175e-06
65 65 4.5676099483543895e-05
66 36 -1.1806815654253899e-05
66 46 -7.6859034865212375e-06
66 51 -8.0954800842275817e-06
66 66 4.2307039252925963e-05
