%%MatrixMarket matrix coordinate real general
66 66 244
1 1 2.4603306037279915e-04
1 2 -1.2470371881109333e-07
1 7 -9.1021840684450937e-08
1 45 -8.4724980175052044e-08
2 1 -1.2470371881109333e-07
2 2 2.1312045861713124e-04
2 25 -7.7357765190661033e-08
2 34 -8.7178713517590991e-08
3 3 1.9354564116884316e-04
3 8 -1.1135959496327671e-07
3 20 -8.2581362033248194e-08
3 62 -9.2203899624491174e-08
4 4 1.9100002805983316e-04
4 6 -1.0138959055851225e-07
4 25 -1.0450186849250309e-07
4 64 -7.2445936578470608e-08
5 5 2.0342554886794312e-04
5 9 -1.1021801547128142e-07
5 30 -8.3067124946972590e-08
5 61 -9.5876655365475683e-08
6 4 -1.0138959055851225e-07
6 6 1.8241718340060052e-04
6 35 -7.8995307362096396e-08
6 63 -9.5972031088591441e-08
7 1 -9.1021840684450937e-08
7 7 1.9574881434361829e-04
7 36 -8.0070856388310591e-08
7 60 -9.7926475444164240e-08
8 3 -1.1135959496327671e-07
8 8 1.7114850234957885e-04
8 47 -6.6769591185436232e-08
8 49 -9.5334275111725648e-08
9 5 -1.1021801547128142e-07
9 9 1.8033675642236099e-04
9 46 -9.8279976720711995e-08
9 48 -6.6736932544845780e-08
10 10 1.9648443495965789e-04
10 19 -8.3468706113053828e-08
10 21 -8.8182868039939377e-08
11 11 1.9784936104265559e-04
11 23 -8.5485263257561995e-08
11 32 -8.7924662816219007e-08
12 12 1.9787501908779978e-04
12 24 -8.2610200806792656e-08
12 31 -8.8576592893118556e-08
13 13 1.9075907723914320e-04
13 15 -8.8857425442042718e-08
13 20 -8.6072012121086637e-08
13 30 -8.5279299338785258e-08
14 14 1.5803480904186726e-04
14 33 -7.3388974098576021e-08
14 34 -7.8003882340669303e-08
15 13 -8.8857425442042718e-08
15 15 2.1911300042226547e-04
15 47 -9.9960343805617632e-08
15 48 -1.0135436575422246e-07
16 16 2.2110961693867540e-04
16 21 -8.9738840166159524e-08
16 56 -1.1287374195083688e-07
17 17 2.0131829861539790e-04
17 23 -8.6828217200106460e-08
17 57 -1.0192784046030686e-07
18 18 2.0441519488098648e-04
18 24 -9.0563257560845430e-08
18 58 -1.0267518049669986e-07
19 10 -8.3468706113053828e-08
19 19 1.8933081365717915e-04
19 22 -9.0188414948279675e-08
19 36 -8.7731715306248606e-08
20 3 -8.2581362033248194e-08
20 13 -8.6072012121086637e-08
20 20 1.8743330146031383e-04
20 23 -9.2727157534260361e-08
21 10 -8.8182868039939377e-08
21 16 -8.9738840166159524e-08
21 21 2.0884220243939971e-04
21 46 -9.6926356742736707e-08
22 19 -9.0188414948279675e-08
22 22 2.0219026548736626e-04
22 59 -1.0289053183923708e-07
23 11 -8.5485263257561995e-08
23 17 -8.6828217200106460e-08
23 20 -9.2727157534260361e-08
23 23 1.9410743503877606e-04
24 12 -8.2610200806792656e-08
24 18 -9.0563257560845430e-08
24 24 1.8735014141730153e-04
24 35 -8.9538833646173015e-08
25 2 -7.7357765190661033e-08
25 4 -1.0450186849250309e-07
25 25 1.9186111502235550e-04
25 33 -8.7000558766585673e-08
26 26 2.2687752963277224e-04
26 31 -8.9954889488939388e-08
26 54 -1.1552863406810031e-07
27 27 1.9247958303775139e-04
27 32 -8.2406106434455723e-08
27 53 -9.9566748021475005e-08
28 28 2.1883418555996876e-04
28 33 -9.5892689091429101e-08
28 55 -1.1327416421642081e-07
29 29 2.0913567525027857e-04
29 34 -8.9010892704516048e-08
29 52 -1.1014439284734652e-07
30 5 -8.3067124946972590e-08
30 13 -8.5279299338785258e-08
30 30 1.8866478218545121e-04
30 32 -9.2934268431148594e-08
31 12 -8.8576592893118556e-08
31 26 -8.9954889488939388e-08
31 31 2.0829184439699708e-04
31 49 -9.5421787682742014e-08
32 11 -8.7924662816219007e-08
32 27 -8.2406106434455723e-08
32 30 -9.2934268431148594e-08
32 32 1.8864594521218105e-04
33 14 -7.3388974098576021e-08
33 25 -8.7000558766585673e-08
33 28 -9.5892689091429101e-08
33 33 1.6956748902092464e-04
34 2 -8.7178713517590991e-08
34 14 -7.8003882340669303e-08
34 29 -8.9010892704516048e-08
34 34 1.7649800600482197e-04
35 6 -7.8995307362096396e-08
35 24 -8.9538833646173015e-08
35 35 1.7490799752670989e-04
35 65 -1.0222718308977013e-07
36 7 -8.0070856388310591e-08
36 19 -8.7731715306248606e-08
36 36 1.8626001731075973e-04
36 66 -1.0787261041390633e-07
37 37 1.7794302478855517e-04
37 41 -1.1164688898019481e-07
37 54 -6.4799589201238580e-08
38 38 1.7780372513312366e-04
38 42 -1.1185201245728457e-07
38 53 -6.9150941402616550e-08
39 39 1.7490271566073171e-04
39 40 -1.1185201441872640e-07
39 55 -6.5404704468163746e-08
40 39 -1.1185201441872640e-07
40 40 1.7780362690298932e-04
40 58 -6.9113042984599699e-08
41 37 -1.1164688898019481e-07
41 41 1.7794265360412183e-04
41 57 -6.9073100530311676e-08
42 38 -1.1185201245728457e-07
42 42 1.7490325553320380e-04
42 56 -6.5943271242946110e-08
43 43 1.7476602535036525e-04
43 44 -1.1205775321799751e-07
43 59 -6.9235633813356417e-08
44 43 -1.1205775321799751e-07
44 44 1.7476262763131231e-04
44 52 -6.5889824559576765e-08
45 1 -8.4724980175052044e-08
45 45 1.9159369821166177e-04
45 51 -9.9826345349280737e-08
45 64 -7.7835367769834182e-08
46 9 -9.8279976720711995e-08
46 21 -9.6926356742736707e-08
46 46 1.6649404990287087e-04
46 66 -7.0136208578286016e-08
47 8 -6.6769591185436232e-08
47 15 -9.9960343805617632e-08
47 47 1.7300577723667197e-04
47 50 -9.8860185719511630e-08
48 9 -6.6736932544845780e-08
48 15 -1.0135436575422246e-07
48 48 1.8199122624603130e-04
48 51 -1.0123784781976830e-07
49 8 -9.5334275111725648e-08
49 31 -9.5421787682742014e-08
49 49 1.6502872876276433e-04
49 65 -7.4125527186217245e-08
50 47 -9.8860185719511630e-08
50 50 1.6966038808347811e-04
50 64 -1.1185341023259814e-07
50 65 -7.1640388028391833e-08
51 45 -9.9826345349280737e-08
51 48 -1.0123784781976830e-07
51 51 1.7317158500183589e-04
51 66 -7.1545904193407685e-08
52 29 -1.1014439284734652e-07
52 44 -6.5889824559576765e-08
52 52 1.5826066392989510e-04
52 60 -8.7754576187682283e-08
53 27 -9.9566748021475005e-08
53 38 -6.9150941402616550e-08
53 53 1.4326540016624135e-04
53 61 -7.8501720053907573e-08
54 26 -1.1552863406810031e-07
54 37 -6.4799589201238580e-08
54 54 1.6137568417436081e-04
54 62 -8.7803466346507115e-08
55 28 -1.1327416421642081e-07
55 39 -6.5404704468163746e-08
55 55 1.5951764263392987e-04
55 63 -8.7791285863644213e-08
56 16 -1.1287374195083688e-07
56 42 -6.5943271242946110e-08
56 56 1.5612525493294133e-04
56 61 -8.3904874783062110e-08
57 17 -1.0192784046030686e-07
57 41 -6.9073100530311676e-08
57 57 1.4248988221802813e-04
57 62 -7.6023812180722817e-08
58 18 -1.0267518049669986e-07
58 40 -6.9113042984599699e-08
58 58 1.4185055068588779e-04
58 63 -7.5304425790897973e-08
59 22 -1.0289053183923708e-07
59 43 -6.9235633813356417e-08
59 59 1.4173396902814603e-04
59 60 -7.4856012991193464e-08
60 7 -9.7926475444164240e-08
60 52 -8.7754576187682283e-08
60 59 -7.4856012991193464e-08
60 60 1.5258110257952725e-04
61 5 -9.5876655365475683e-08
61 53 -7.8501720053907573e-08
61 56 -8.3904874783062110e-08
61 61 1.5323642218907334e-04
62 3 -9.2203899624491174e-08
62 54 -8.7803466346507115e-08
62 57 -7.6023812180722817e-08
62 62 1.5157081256734098e-04
63 6 -9.5972031088591441e-08
63 55 -8.7791285863644213e-08
63 58 -7.5304425790897973e-08
63 63 1.4999248478084226e-04
64 4 -7.2445936578470608e-08
64 45 -7.7835367769834182e-08
64 50 -1.1185341023259814e-07
64 64 1.7003428773752974e-04
65 35 -1.0222718308977013e-07
65 49 -7.4125527186217245e-08
65 50 -7.1640388028391833e-08
65 65 1.4120228851881436e-04
66 36 -1.0787261041390633e-07
66 46 -7.0136208578286016e-08
66 51 -7.1545904193407685e-08
66 66 1.4253643120486190e-04
