%%MatrixMarket matrix coordinate real general
66 66 244
1 1 5.7814242569377988e-05
1 2 -1.3448555762127282e-05
1 7 -9.8220358057754878e-06
1 45 -9.5095725675589559e-06
2 1 -1.3448555762127282e-05
2 2 5.2913623245035638e-05
2 25 -8.3749719101056032e-06
2 34 -9.3337793651136887e-06
3 3 5.7438077182738568e-05
3 8 -1.4098966164827220e-05
3 20 -1.0441337909589655e-05
3 62 -1.1907398378517460e-05
4 4 5.1831802614061867e-05
4 6 -1.1792711498426746e-05
4 25 -1.1858507495355002e-05
4 64 -8.3401191720427274e-06
5 5 5.5327675335415086e-05
5 9 -1.2884987949575256e-05
5 30 -1.0133628879763358e-05
5 61 -1.1164764216309911e-05
6 4 -1.1792711498426746e-05
6 6 5.1542603279643189e-05
6 35 -9.5965683854891748e-06
6 63 -1.1111018804684851e-05
7 1 -9.8220358057754878e-06
7 7 4.8665307580523818e-05
7 36 -8.4947550920463222e-06
7 60 -1.0366000734335565e-05
8 3 -1.4098966164827220e-05
8 8 5.2837301682468973e-05
8 47 -8.3569850991056454e-06
8 49 -1.1914224437858668e-05
9 5 -1.2884987949575256e-05
9 9 5.0476526023176124e-05
9 46 -1.1228396937162606e-05
9 48 -7.6945129258282228e-06
10 10 5.6323898828513465e-05
10 19 -8.5847921161095156e-06
10 21 -9.2688006982079795e-06
11 11 6.0468821418081860e-05
11 23 -1.0008458881790662e-05
11 32 -1.0306926088841266e-05
12 12 5.9890145369914522e-05
12 24 -9.6442148458493304e-06
12 31 -1.0334722788127581e-05
13 13 5.2541492523819577e-05
13 15 -1.0911195020513587e-05
13 20 -1.0858014142369242e-05
13 30 -1.0437900910335999e-05
14 14 5.4678486119589346e-05
14 33 -7.6793864482596068e-06
14 34 -8.0209776992253781e-06
15 13 -1.0911195020513587e-05
15 15 5.8289909759039923e-05
15 47 -1.2043890458098024e-05
15 48 -1.2141500664314324e-05
16 16 6.0591327466645769e-05
16 21 -9.4066220810546029e-06
16 56 -1.2079808544957655e-05
17 17 6.5159980228840470e-05
17 23 -1.0632341903108446e-05
17 57 -1.2450136087538410e-05
18 18 5.8908526885818923e-05
18 24 -9.9887743039158540e-06
18 58 -1.1301861636160815e-05
19 10 -8.5847921161095156e-06
19 19 4.6166116297512912e-05
19 22 -9.2881817523114432e-06
19 36 -9.3215984492094802e-06
20 3 -1.0441337909589655e-05
20 13 -1.0858014142369242e-05
20 20 5.3509838540822735e-05
20 23 -1.1993097369439414e-05
21 10 -9.2688006982079795e-06
21 16 -9.4066220810546029e-06
21 21 5.0381121255741089e-05
21 46 -1.0580225722735015e-05
22 19 -9.2881817523114432e-06
22 22 5.8298324979334292e-05
22 59 -1.0429926056770009e-05
23 11 -1.0008458881790662e-05
23 17 -1.0632341903108446e-05
23 20 -1.1993097369439414e-05
23 23 5.3788291145580335e-05
24 12 -9.6442148458493304e-06
24 18 -9.9887743039158540e-06
24 24 5.1307944987746679e-05
24 35 -1.1353425449417712e-05
25 2 -8.3749719101056032e-06
25 4 -1.1858507495355002e-05
25 25 4.9221854978384879e-05
25 33 -9.4191507922074127e-06
26 26 6.7358124459532444e-05
26 31 -1.1036420088214320e-05
26 54 -1.4141388134553508e-05
27 27 5.7596271049401181e-05
27 32 -9.0651842310111301e-06
27 53 -1.0930278976883028e-05
28 28 6.1088909328177652e-05
28 33 -1.0005536510253792e-05
28 55 -1.2128196128634016e-05
29 29 5.8977204668578887e-05
29 34 -9.1643550908388220e-06
29 52 -1.1181548633891103e-05
30 5 -1.0133628879763358e-05
30 13 -1.0437900910335999e-05
30 30 5.2308069529487475e-05
30 32 -1.1804314341320457e-05
31 12 -1.0334722788127581e-05
31 26 -1.1036420088214320e-05
31 31 5.6517547825865442e-05
31 49 -1.2303662080074392e-05
32 11 -1.0306926088841266e-05
32 27 -9.0651842310111301e-06
32 30 -1.1804314341320457e-05
32 32 5.1676438152414529e-05
33 14 -7.6793864482596068e-06
33 25 -9.4191507922074127e-06
33 28 -1.0005536510253792e-05
33 33 4.4172632633824616e-05
34 2 -9.3337793651136887e-06
34 14 -8.0209776992253781e-06
34 29 -9.1643550908388220e-06
34 34 4.4190919326957018e-05
35 6 -9.5965683854891748e-06
35 24 -1.1353425449417712e-05
35 35 5.1868717617843762e-05
35 65 -1.2460974785054739e-05
36 7 -8.4947550920463222e-06
36 19 -9.3215984492094802e-06
36 36 4.8412062467076694e-05
36 66 -1.1761584102915708e-05
37 37 6.5928510086038156e-05
37 41 -1.4165528510287381e-05
37 54 -8.2444007959222730e-06
38 38 4.9172119732508382e-05
38 42 -1.0574451768903922e-05
38 53 -6.5756740078556048e-06
39 39 5.1324830010460398e-05
39 40 -1.0568512267465910e-05
39 55 -6.8302722737724061e-06
40 39 -1.0568512267465910e-05
40 40 4.9140026128612532e-05
40 58 -6.5702522135959518e-06
41 37 -1.4165528510287381e-05
41 41 6.6531455115086910e-05
41 57 -8.7938831258141582e-06
42 38 -1.0574451768903922e-05
42 42 5.1399734177845919e-05
42 56 -6.8823404729661999e-06
43 43 5.5636197048602438e-05
43 44 -1.1218712212934189e-05
43 59 -7.0241351420583208e-06
44 43 -1.1218712212934189e-05
44 44 5.5307040558933752e-05
44 52 -6.6944598419760652e-06
45 1 -9.5095725675589559e-06
45 45 4.9594700005114691e-05
45 51 -1.1234788877025991e-05
45 64 -8.9751236394366469e-06
46 9 -1.1228396937162606e-05
46 21 -1.0580225722735015e-05
46 46 4.6350388394000055e-05
46 66 -7.6348528267562921e-06
47 8 -8.3569850991056454e-06
47 15 -1.2043890458098024e-05
47 47 5.0571302829929292e-05
47 50 -1.1912105499459148e-05
48 9 -7.6945129258282228e-06
48 15 -1.2141500664314324e-05
48 48 5.0381480950146385e-05
48 51 -1.1688578531610678e-05
49 8 -1.1914224437858668e-05
49 31 -1.2303662080074392e-05
49 49 5.1292396899397120e-05
49 65 -9.2758014590177179e-06
50 47 -1.1912105499459148e-05
50 50 5.1812731512065451e-05
50 64 -1.3316507849754748e-05
50 65 -8.7627889058235872e-06
51 45 -1.1234788877025991e-05
51 48 -1.1688578531610678e-05
51 51 4.8846879048704195e-05
51 66 -8.0658254739272617e-06
52 29 -1.1181548633891103e-05
52 44 -6.6944598419760652e-06
52 52 4.2737426280304601e-05
52 60 -9.0359553233531537e-06
53 27 -1.0930278976883028e-05
53 38 -6.5756740078556048e-06
53 53 4.2132845546390103e-05
53 61 -9.5551072275330246e-06
54 26 -1.4141388134553508e-05
54 37 -8.2444007959222730e-06
54 54 5.1657820578161495e-05
54 62 -1.1469595913543093e-05
55 28 -1.2128196128634016e-05
55 39 -6.8302722737724061e-06
55 55 4.4967737512192693e-05
55 63 -9.9949508931376603e-06
56 16 -1.2079808544957655e-05
56 42 -6.8823404729661999e-06
56 56 4.4036312009995311e-05
56 61 -9.6038112678979910e-06
57 17 -1.2450136087538410e-05
57 41 -8.7938831258141582e-06
57 57 4.6781227831263226e-05
57 62 -9.9469779095118324e-06
58 18 -1.1301861636160815e-05
58 40 -6.5702522135959518e-06
58 58 4.1953281383453806e-05
58 63 -9.1619766401343425e-06
59 22 -1.0429926056770009e-05
59 43 -7.0241351420583208e-06
59 59 3.9310402681650592e-05
59 60 -7.7075944043075714e-06
60 7 -1.0366000734335565e-05
60 52 -9.0359553233531537e-06
60 59 -7.7075944043075714e-06
60 60 4.2395081030513364e-05
61 5 -1.1164764216309911e-05
61 53 -9.5551072275330246e-06
61 56 -9.6038112678979910e-06
61 61 4.6000534536254486e-05
62 3 -1.1907398378517460e-05
62 54 -1.1469595913543093e-05
62 57 -9.9469779095118324e-06
62 62 4.9800102154664404e-05
63 6 -1.1111018804684851e-05
63 55 -9.9949508931376603e-06
63 58 -9.1619766401343425e-06
63 63 4.5511481527338685e-05
64 4 -8.3401191720427274e-06
64 45 -8.9751236394366469e-06
64 50 -1.3316507849754748e-05
64 64 4.8400449263628643e-05
65 35 -1.2460974785054739e-05
65 49 -9.2758014590177179e-06
65 50 -8.7627889058235872e-06
65 65 4.5481144385634119e-05
66 36 -1.1761584102915708e-05
66 46 -7.6348528267562921e-06
66 51 -8.0658254739272617e-06
66 66 4.2111209567519829e-05
