%%MatrixMarket matrix coordinate real general
66 66 244
1 1 5.7389288325892013e-05
1 2 -1.3356927957708870e-05
1 7 -9.7545890922748321e-06
1 45 -9.4416832396517279e-06
2 1 -1.3356927957708870e-05
2 2 5.2587961838479756e-05
2 25 -8.2671740070886679e-06
2 34 -9.2966858574545739e-06
3 3 5.7127662252957155e-05
3 8 -1.4028660883055987e-05
3 20 -1.0385869529547453e-05
3 62 -1.1854487191453786e-05
4 4 5.1226108956173850e-05
4 6 -1.1619549698634335e-05
4 25 -1.1734652542687906e-05
4 64 -8.2455594195476743e-06
5 5 5.4500969595309589e-05
5 9 -1.2711941845487696e-05
5 30 -9.9912554672778335e-06
5 61 -1.0992682461918470e-05
6 4 -1.1619549698634335e-05
6 6 5.0697764596208483e-05
6 35 -9.4478915662116218e-06
6 63 -1.0922550382494469e-05
7 1 -9.7545890922748321e-06
7 7 4.8436451082510240e-05
7 36 -8.4466107998473172e-06
7 60 -1.0327549201936141e-05
8 3 -1.4028660883055987e-05
8 8 5.2533873184640512e-05
8 47 -8.3180416753862363e-06
8 49 -1.1803606026952847e-05
9 5 -1.2711941845487696e-05
9 9 4.9916605173463609e-05
9 46 -1.1118211111402185e-05
9 48 -7.6061921371816783e-06
10 10 5.5917173234335582e-05
10 19 -8.5365877106959454e-06
10 21 -9.1786753954616708e-06
11 11 5.6033114624342350e-05
11 23 -9.3514998781672364e-06
11 32 -9.6212984977273629e-06
12 12 5.5424753549034047e-05
12 24 -8.9918228978383165e-06
12 31 -9.6487278540004626e-06
13 13 5.2091249452015874e-05
13 15 -1.0823793390493650e-05
13 20 -1.0779672161725430e-05
13 30 -1.0346082741908151e-05
14 14 5.4236650012224344e-05
14 33 -7.6082823620905604e-06
14 34 -7.9612034975251769e-06
15 13 -1.0823793390493650e-05
15 15 5.7819787745869054e-05
15 47 -1.1931543762414656e-05
15 48 -1.2052058254367592e-05
16 16 5.9501857481378693e-05
16 21 -9.3021243366706439e-06
16 56 -1.1748996596122853e-05
17 17 6.1519576330746573e-05
17 23 -1.0108788727001371e-05
17 57 -1.1823341574637322e-05
18 18 5.3940719242127833e-05
18 24 -9.2231917736123114e-06
18 58 -1.0387399343361706e-05
19 10 -8.5365877106959454e-06
19 19 4.5905038108718013e-05
19 22 -9.2421851251759791e-06
19 36 -9.2656084705302057e-06
20 3 -1.0385869529547453e-05
20 13 -1.0779672161725430e-05
20 20 5.3197543732579874e-05
20 23 -1.1986875251097657e-05
21 10 -9.1786753954616708e-06
21 16 -9.3021243366706439e-06
21 21 4.9799618373239287e-05
21 46 -1.0427749288617123e-05
22 19 -9.2421851251759791e-06
22 22 5.8140396584569826e-05
22 59 -1.0409646772466140e-05
23 11 -9.3514998781672364e-06
23 17 -1.0108788727001371e-05
23 20 -1.1986875251097657e-05
23 23 5.2815153433024222e-05
24 12 -8.9918228978383165e-06
24 18 -9.2231917736123114e-06
24 24 4.9576981159422996e-05
24 35 -1.1246186509310705e-05
25 2 -8.2671740070886679e-06
25 4 -1.1734652542687906e-05
25 25 4.8548415797525734e-05
25 33 -9.2879785328514556e-06
26 26 6.3712879046794546e-05
26 31 -1.0508890792170870e-05
26 54 -1.3453810774536897e-05
27 27 5.2723791220443794e-05
27 32 -8.3710595031587157e-06
27 53 -1.0043738715862347e-05
28 28 6.0018207755313292e-05
28 33 -9.8996902107602630e-06
28 55 -1.1811847597101356e-05
29 29 5.8803643634158387e-05
29 34 -9.1039629315606917e-06
29 52 -1.1161227347847478e-05
30 5 -9.9912554672778335e-06
30 13 -1.0346082741908151e-05
30 30 5.1637388030196598e-05
30 32 -1.1698464167911769e-05
31 12 -9.6487278540004626e-06
31 26 -1.0508890792170870e-05
31 31 5.5283961123895687e-05
31 49 -1.2288002371446616e-05
32 11 -9.6212984977273629e-06
32 27 -8.3710595031587157e-06
32 30 -1.1698464167911769e-05
32 32 4.9991711462601712e-05
33 14 -7.6082823620905604e-06
33 25 -9.2879785328514556e-06
33 28 -9.8996902107602630e-06
33 33 4.3689216372008108e-05
34 2 -9.2966858574545739e-06
34 14 -7.9612034975251769e-06
34 29 -9.1039629315606917e-06
34 34 4.3891787715323163e-05
35 6 -9.4478915662116218e-06
35 24 -1.1246186509310705e-05
35 35 5.1286856602177113e-05
35 65 -1.2349978685726232e-05
36 7 -8.4466107998473172e-06
36 19 -9.2656084705302057e-06
36 36 4.8096327172276658e-05
36 66 -1.1665775116408940e-05
37 37 6.3725851261483969e-05
37 41 -1.3716624687931433e-05
37 54 -8.0091913728952621e-06
38 38 4.5714250450059302e-05
38 42 -9.7165478737986796e-06
38 53 -6.1488997455872657e-06
39 39 4.5987678680812645e-05
39 40 -9.7114547779750229e-06
39 55 -6.5065271727867041e-06
40 39 -9.7114547779750229e-06
40 40 4.5691008276493552e-05
40 58 -6.1453177953437917e-06
41 37 -1.3716624687931433e-05
41 41 6.4345946655843756e-05
41 57 -8.5463929675159350e-06
42 38 -9.7165478737986796e-06
42 42 4.6056165574753446e-05
42 56 -6.5466406884570229e-06
43 43 5.5589176260619347e-05
43 44 -1.1209791993221961e-05
43 59 -7.0122402756132824e-06
44 43 -1.1209791993221961e-05
44 44 5.5257956868594752e-05
44 52 -6.6838458525134394e-06
45 1 -9.4416832396517279e-06
45 45 4.9187732177420000e-05
45 51 -1.1151646434539096e-05
45 64 -8.8763863910658320e-06
46 9 -1.1118211111402185e-05
46 21 -1.0427749288617123e-05
46 46 4.5705608206430081e-05
46 66 -7.5263874359893801e-06
47 8 -8.3180416753862363e-06
47 15 -1.1931543762414656e-05
47 47 5.0094946519387769e-05
47 50 -1.1797600423303516e-05
48 9 -7.6061921371816783e-06
48 15 -1.2052058254367592e-05
48 48 5.0024177329280092e-05
48 51 -1.1556124425216454e-05
49 8 -1.1803606026952847e-05
49 31 -1.2288002371446616e-05
49 49 5.0863506484619528e-05
49 65 -9.1851314635823799e-06
50 47 -1.1797600423303516e-05
50 50 5.1327323031160230e-05
50 64 -1.3195960405899746e-05
50 65 -8.6917939441013335e-06
51 45 -1.1151646434539096e-05
51 48 -1.1556124425216454e-05
51 51 4.8424819484540247e-05
51 66 -8.0040900357638616e-06
52 29 -1.1161227347847478e-05
52 44 -6.6838458525134394e-06
52 52 4.2632964491862401e-05
52 60 -8.9941095205658737e-06
53 27 -1.0043738715862347e-05
53 38 -6.1488997455872657e-06
53 53 3.9831912843832864e-05
53 61 -9.2124604760288208e-06
54 26 -1.3453810774536897e-05
54 37 -8.0091913728952621e-06
54 54 5.0765186600143451e-05
54 62 -1.1474852556953583e-05
55 28 -1.1811847597101356e-05
55 39 -6.5065271727867041e-06
55 55 4.3570475690189250e-05
55 63 -9.7124783303749643e-06
56 16 -1.1748996596122853e-05
56 42 -6.5466406884570229e-06
56 56 4.2620833633024659e-05
56 61 -9.3454278435921987e-06
57 17 -1.1823341574637322e-05
57 41 -8.5463929675159350e-06
57 57 4.5941295301214111e-05
57 62 -9.9545921121039747e-06
58 18 -1.0387399343361706e-05
58 40 -6.1453177953437917e-06
58 58 3.9669029438380216e-05
58 63 -8.8382606533364754e-06
59 22 -1.0409646772466140e-05
59 43 -7.0122402756132824e-06
59 59 3.9211578207487153e-05
59 60 -7.6714932037415801e-06
60 7 -1.0327549201936141e-05
60 52 -8.9941095205658737e-06
60 59 -7.6714932037415801e-06
60 60 4.2193368615515743e-05
61 5 -1.0992682461918470e-05
61 53 -9.2124604760288208e-06
61 56 -9.3454278435921987e-06
61 61 4.4779297297194579e-05
62 3 -1.1854487191453786e-05
62 54 -1.1474852556953583e-05
62 57 -9.9545921121039747e-06
62 62 4.9677619121085757e-05
63 6 -1.0922550382494469e-05
63 55 -9.7124783303749643e-06
63 58 -8.8382606533364754e-06
63 63 4.4255086742782135e-05
64 4 -8.2455594195476743e-06
64 45 -8.8763863910658320e-06
64 50 -1.3195960405899746e-05
64 64 4.7858857751929896e-05
65 35 -1.2349978685726232e-05
65 49 -9.1851314635823799e-06
65 50 -8.6917939441013335e-06
65 65 4.5222764242267183e-05
66 36 -1.1665775116408940e-05
66 46 -7.5263874359893801e-06
66 51 -8.0040900357638616e-06
66 66 4.1714981877723056e-05
