%%MatrixMarket matrix coordinate real general
66 66 244
1 1 5.7796025458069165e-05
1 2 -1.3444828110946192e-05
1 7 -9.8192909323017520e-06
1 45 -9.5067750560611502e-06
2 1 -1.3444828110946192e-05
2 2 5.2900278580404843e-05
2 25 -8.3705485217648113e-06
2 34 -9.3322527349312444e-06
3 3 5.7426075315968714e-05
3 8 -1.4096121315836058e-05
3 20 -1.0439113810323476e-05
3 62 -1.1905407162539069e-05
4 4 5.1807192656550910e-05
4 6 -1.1785508803162141e-05
4 25 -1.1853384554103855e-05
4 64 -8.3362708234088694e-06
5 5 5.5293070730495538e-05
5 9 -1.2877800570180927e-05
5 30 -1.0127835007826582e-05
5 61 -1.1157599201509430e-05
6 4 -1.1785508803162141e-05
6 6 5.1507000887574458e-05
6 35 -9.5905149842233220e-06
6 63 -1.1103158602666584e-05
7 1 -9.8192909323017520e-06
7 7 4.8655950438416135e-05
7 36 -8.4927985492379340e-06
7 60 -1.0364417734809261e-05
8 3 -1.4096121315836058e-05
8 8 5.2824701042547128e-05
8 47 -8.3553602915937063e-06
8 49 -1.1909913164104720e-05
9 5 -1.2877800570180927e-05
9 9 5.0453019485159003e-05
9 46 -1.1223823964108920e-05
9 48 -7.6909358750925588e-06
10 10 5.6307977106071091e-05
10 19 -8.5828567953063173e-06
10 21 -9.2651261798355216e-06
11 11 6.0252773482269145e-05
11 23 -9.9765008374482580e-06
11 32 -1.0273796267116614e-05
12 12 5.9676425539469950e-05
12 24 -9.6124598133216926e-06
12 31 -1.0301105371011158e-05
13 13 5.2522579102239188e-05
13 15 -1.0907620242213312e-05
13 20 -1.0854949534284184e-05
13 30 -1.0434173120752441e-05
14 14 5.4661081749717649e-05
14 33 -7.6764920305530407e-06
14 34 -8.0185706295394971e-06
15 13 -1.0907620242213312e-05
15 15 5.8270623866463639e-05
15 47 -1.2039387992138959e-05
15 48 -1.2137794934042399e-05
16 16 6.0548164100517358e-05
16 21 -9.4023979252924474e-06
16 56 -1.2065560805138273e-05
17 17 6.5003594167242819e-05
17 23 -1.0608898753159246e-05
17 57 -1.2422041541214750e-05
18 18 5.8634199454351806e-05
18 24 -9.9478529326440026e-06
18 58 -1.1253641188163528e-05
19 10 -8.5828567953063173e-06
19 19 4.6155604820751283e-05
19 22 -9.2863295192682108e-06
19 36 -9.3193237748343409e-06
20 3 -1.0439113810323476e-05
20 13 -1.0854949534284184e-05
20 20 5.3497361823551527e-05
20 23 -1.1992906947188178e-05
21 10 -9.2651261798355216e-06
21 16 -9.4023979252924474e-06
21 21 5.0357545395891968e-05
21 46 -1.0573987768308093e-05
22 19 -9.2863295192682108e-06
22 22 5.8292120668410130e-05
22 59 -1.0429116602282511e-05
23 11 -9.9765008374482580e-06
23 17 -1.0608898753159246e-05
23 20 -1.1992906947188178e-05
23 23 5.3733226224355209e-05
24 12 -9.6124598133216926e-06
24 18 -9.9478529326440026e-06
24 24 5.1227881968849735e-05
24 35 -1.1350580197958779e-05
25 2 -8.3705485217648113e-06
25 4 -1.1853384554103855e-05
25 25 4.9195514816434335e-05
25 33 -9.4137783506718598e-06
26 26 6.7195310620195373e-05
26 31 -1.1012944569650655e-05
26 54 -1.4110748489235226e-05
27 27 5.7326774890910301e-05
27 32 -9.0277069135416606e-06
27 53 -1.0883129187245967e-05
28 28 6.1046508316479740e-05
28 33 -1.0001264570344516e-05
28 55 -1.2114663365636007e-05
29 29 5.8970388307801020e-05
29 34 -9.1619187713321529e-06
29 52 -1.1180735913715423e-05
30 5 -1.0127835007826582e-05
30 13 -1.0434173120752441e-05
30 30 5.2281272186907680e-05
30 32 -1.1801514437631939e-05
31 12 -1.0301105371011158e-05
31 26 -1.1012944569650655e-05
31 31 5.6460001159675984e-05
31 49 -1.2303146620650312e-05
32 11 -1.0273796267116614e-05
32 27 -9.0277069135416606e-06
32 30 -1.1801514437631939e-05
32 32 5.1598653902013249e-05
33 14 -7.6764920305530407e-06
33 25 -9.4137783506718598e-06
33 28 -1.0001264570344516e-05
33 33 4.4153028371868002e-05
34 2 -9.3322527349312444e-06
34 14 -8.0185706295394971e-06
34 29 -9.1619187713321529e-06
34 34 4.4178862289256663e-05
35 6 -9.5905149842233220e-06
35 24 -1.1350580197958779e-05
35 35 5.1904311961998019e-05
35 65 -1.2456420857548105e-05
36 7 -8.4927985492379340e-06
36 19 -9.3193237748343409e-06
36 36 4.8398359345437270e-05
36 66 -1.1757677737623997e-05
37 37 6.5837017853730864e-05
37 41 -1.4147039279723832e-05
37 54 -8.2346469402951066e-06
38 38 4.8943001281288757e-05
38 42 -1.0520163086713052e-05
38 53 -6.5472276666330360e-06
39 39 5.1047017938189584e-05
39 40 -1.0514262837988873e-05
39 55 -6.8160188259966601e-06
40 39 -1.0514262837988873e-05
40 40 4.8913527388891277e-05
40 58 -6.5418902557810524e-06
41 37 -1.4147039279723832e-05
41 41 6.6441039643393938e-05
41 57 -8.7836605328554938e-06
42 38 -1.0520163086713052e-05
42 42 5.1121559125555324e-05
42 56 -6.8674992648201547e-06
43 43 5.5634321201763676e-05
43 44 -1.1218357568550293e-05
43 59 -7.0236578330105583e-06
44 43 -1.1218357568550293e-05
44 44 5.5305082027862164e-05
44 52 -6.6940322824328158e-06
45 1 -9.5067750560611502e-06
45 45 4.9577601872468378e-05
45 51 -1.1231357033001213e-05
45 64 -8.9711028183044645e-06
46 9 -1.1223823964108920e-05
46 21 -1.0573987768308093e-05
46 46 4.6325383894029061e-05
46 66 -7.6304142484133477e-06
47 8 -8.3553602915937063e-06
47 15 -1.2039387992138959e-05
47 47 5.0551493649405124e-05
47 50 -1.1907520849172865e-05
48 9 -7.6909358750925588e-06
48 15 -1.2137794934042399e-05
48 48 5.0358173533985977e-05
48 51 -1.1683213506943767e-05
49 8 -1.1909913164104720e-05
49 31 -1.2303146620650312e-05
49 49 5.1275276588795744e-05
49 65 -9.2722705831433957e-06
50 47 -1.1907520849172865e-05
50 50 5.1792934148332033e-05
50 64 -1.3311571125700872e-05
50 65 -8.7598497170796103e-06
51 45 -1.1231357033001213e-05
51 48 -1.1683213506943767e-05
51 51 4.8829732051362172e-05
51 66 -8.0632812132061914e-06
52 29 -1.1180735913715423e-05
52 44 -6.6940322824328158e-06
52 52 4.2733188836974987e-05
52 60 -9.0342617448092800e-06
53 27 -1.0883129187245967e-05
53 38 -6.5472276666330360e-06
53 53 4.2027980925718239e-05
53 61 -9.5446943536039553e-06
54 26 -1.4110748489235226e-05
54 37 -8.2346469402951066e-06
54 54 5.1618003212856799e-05
54 62 -1.1469610329714458e-05
55 28 -1.2114663365636007e-05
55 39 -6.8160188259966601e-06
55 55 4.4906079229307488e-05
55 63 -9.9827189106701474e-06
56 16 -1.2065560805138273e-05
56 42 -6.8674992648201547e-06
56 56 4.3975084081353776e-05
56 61 -9.5926315209801792e-06
57 17 -1.2422041541214750e-05
57 41 -8.7836605328554938e-06
57 57 4.6743564162287222e-05
57 62 -9.9471051962202123e-06
58 18 -1.1253641188163528e-05
58 40 -6.5418902557810524e-06
58 58 4.1848775682477258e-05
58 63 -9.1521165418450557e-06
59 22 -1.0429116602282511e-05
59 43 -7.0236578330105583e-06
59 59 3.9306384962342981e-05
59 60 -7.7061336226729973e-06
60 7 -1.0364417734809261e-05
60 52 -9.0342617448092800e-06
60 59 -7.7061336226729973e-06
60 60 4.2386923724806617e-05
61 5 -1.1157599201509430e-05
61 53 -9.5446943536039553e-06
61 56 -9.5926315209801792e-06
61 61 4.5952044095600702e-05
62 3 -1.1905407162539069e-05
62 54 -1.1469610329714458e-05
62 57 -9.9471051962202123e-06
62 62 4.9795201290069906e-05
63 6 -1.1103158602666584e-05
63 55 -9.9827189106701474e-06
63 58 -9.1521165418450557e-06
63 63 4.5461604261032769e-05
64 4 -8.3362708234088694e-06
64 45 -8.9711028183044645e-06
64 50 -1.3311571125700872e-05
64 64 4.8378791988848706e-05
65 35 -1.2456420857548105e-05
65 49 -9.2722705831433957e-06
65 50 -8.7598497170796103e-06
65 65 4.5463902497910634e-05
66 36 -1.1757677737623997e-05
66 46 -7.6304142484133477e-06
66 51 -8.0632812132061914e-06
66 66 4.2094731750204125e-05
