%%MatrixMarket matrix coordinate real general
66 66 244
1 1 5.7255400814111339e-05
1 2 -1.3326957926425107e-05
1 7 -9.7325514518628834e-06
1 45 -9.4197744101452163e-06
2 1 -1.3326957926425107e-05
2 2 5.2486875355494712e-05
2 25 -8.2325722531718170e-06
2 34 -9.2845121525423567e-06
3 3 5.7025974360339798e-05
3 8 -1.4005678617739328e-05
3 20 -1.0367482754005735e-05
3 62 -1.1835370531606309e-05
4 4 5.1025894292396016e-05
4 6 -1.1564534998367363e-05
4 25 -1.1694865372621696e-05
4 64 -8.2148501101145929e-06
5 5 5.4238137913510884e-05
5 9 -1.2656828074759066e-05
5 30 -9.9459300897143903e-06
5 61 -1.0938330584481186e-05
6 4 -1.1564534998367363e-05
6 6 5.0435003322691962e-05
6 35 -9.4006446706277072e-06
6 63 -1.0863237863941454e-05
7 1 -9.7325514518628834e-06
7 7 4.8361531635500793e-05
7 36 -8.4308101836576593e-06
7 60 -1.0314969570813606e-05
8 3 -1.4005678617739328e-05
8 8 5.2434568462011668e-05
8 47 -8.3057353857793871e-06
8 49 -1.1765761038091715e-05
9 5 -1.2656828074759066e-05
9 9 4.9738704579963245e-05
9 46 -1.1082930539194271e-05
9 48 -7.5773140139692803e-06
10 10 5.5784995798859190e-05
10 19 -8.5206302403644738e-06
10 21 -9.1491475618198900e-06
11 11 5.4941837788707279e-05
11 23 -9.1871505684334371e-06
11 32 -9.4473741235057293e-06
12 12 5.4335013955583841e-05
12 24 -8.8277678399871817e-06
12 31 -9.4786159338418426e-06
13 13 5.1941235590946555e-05
13 15 -1.0795468052732368e-05
13 20 -1.0752923783962506e-05
13 30 -1.0316215915245277e-05
14 14 5.4087371897314402e-05
14 33 -7.5849387098855388e-06
14 34 -7.9416367033708270e-06
15 13 -1.0795468052732368e-05
15 15 5.7667592450373857e-05
15 47 -1.1894282093823110e-05
15 48 -1.2023335606243256e-05
16 16 5.9149249749038330e-05
16 21 -9.2675435692748484e-06
16 56 -1.1648948478230056e-05
17 17 6.0517969173503214e-05
17 23 -9.9619971558023516e-06
17 57 -1.1648197332068901e-05
18 18 5.2871812750140215e-05
18 24 -9.0542207322061575e-06
18 58 -1.0180061986350391e-05
19 10 -8.5206302403644738e-06
19 19 4.5818717777914620e-05
19 22 -9.2269838904982939e-06
19 36 -9.2472301948687206e-06
20 3 -1.0367482754005735e-05
20 13 -1.0752923783962506e-05
20 20 5.3084819488041671e-05
20 23 -1.1980868883204481e-05
21 10 -9.1491475618198900e-06
21 16 -9.2675435692748484e-06
21 21 4.9617875945714816e-05
21 46 -1.0378782134172145e-05
22 19 -9.2269838904982939e-06
22 22 5.8087201698948933e-05
22 59 -1.0402845237476496e-05
23 11 -9.1871505684334371e-06
23 17 -9.9619971558023516e-06
23 20 -1.1980868883204481e-05
23 23 5.2492080925822424e-05
24 12 -8.8277678399871817e-06
24 18 -9.0542207322061575e-06
24 24 4.9068168934716583e-05
24 35 -1.1189920475918090e-05
25 2 -8.2325722531718170e-06
25 4 -1.1694865372621696e-05
25 25 4.8330015036013789e-05
25 33 -9.2458270814837066e-06
26 26 6.2703619581997957e-05
26 31 -1.0359509640712460e-05
26 54 -1.3259894441508287e-05
27 27 5.1685902817185490e-05
27 32 -8.2201347091079864e-06
27 53 -9.8450476178611208e-06
28 28 5.9671089882175269e-05
28 33 -9.8645976183773151e-06
28 55 -1.1715112237041054e-05
29 29 5.8745216641980838e-05
29 34 -9.0842113332072509e-06
29 52 -1.1154407345202872e-05
30 5 -9.9459300897143903e-06
30 13 -1.0316215915245277e-05
30 30 5.1401325734996042e-05
30 32 -1.1642596902597731e-05
31 12 -9.4786159338418426e-06
31 26 -1.0359509640712460e-05
31 31 5.4941197054381752e-05
31 49 -1.2278039038012826e-05
32 11 -9.4473741235057293e-06
32 27 -8.2201347091079864e-06
32 30 -1.1642596902597731e-05
32 32 4.9495904230308020e-05
33 14 -7.5849387098855388e-06
33 25 -9.2458270814837066e-06
33 28 -9.8645976183773151e-06
33 33 4.3532622865960397e-05
34 2 -9.2845121525423567e-06
34 14 -7.9416367033708270e-06
34 29 -9.0842113332072509e-06
34 34 4.3798231989931270e-05
35 6 -9.4006446706277072e-06
35 24 -1.1189920475918090e-05
35 35 5.1038327276600143e-05
35 65 -1.2314485767961377e-05
36 7 -8.4308101836576593e-06
36 19 -9.2472301948687206e-06
36 36 4.7990337409708239e-05
36 66 -1.1634502167286578e-05
37 37 6.3050153385367085e-05
37 41 -1.3576524362430030e-05
37 54 -7.9362734505995847e-06
38 38 4.5195284391282296e-05
38 42 -9.5724482034975815e-06
38 53 -6.0803325409111135e-06
39 39 4.4855207639130977e-05
39 40 -9.5675495831641273e-06
39 55 -6.4178061370285098e-06
40 39 -9.5675495831641273e-06
40 40 4.5173919869534184e-05
40 58 -6.0772315347085704e-06
41 37 -1.3576524362430030e-05
41 41 6.3680046689811387e-05
41 57 -8.4693927872428858e-06
42 38 -9.5724482034975815e-06
42 42 4.4922340282870859e-05
42 56 -6.4551677647407057e-06
43 43 5.5573420096272938e-05
43 44 -1.1206800491196813e-05
43 59 -7.0082628737995540e-06
44 43 -1.1206800491196813e-05
44 44 5.5241523653502635e-05
44 52 -6.6803036641832708e-06
45 1 -9.4197744101452163e-06
45 45 4.9052518471936341e-05
45 51 -1.1124796597609625e-05
45 64 -8.8443219706016018e-06
46 9 -1.1082930539194271e-05
46 21 -1.0378782134172145e-05
46 46 4.5499905855850433e-05
46 66 -7.4915631474320696e-06
47 8 -8.3057353857793871e-06
47 15 -1.1894282093823110e-05
47 47 4.9939517438086462e-05
47 50 -1.1759570780340181e-05
48 9 -7.5773140139692803e-06
48 15 -1.2023335606243256e-05
48 48 4.9836321116530829e-05
48 51 -1.1512797147477833e-05
49 8 -1.1765761038091715e-05
49 31 -1.2278039038012826e-05
49 49 5.0711130282083105e-05
49 65 -9.1541109431771601e-06
50 47 -1.1759570780340181e-05
50 50 5.1169366382668735e-05
50 64 -1.3157005316652181e-05
50 65 -8.6691610901366434e-06
51 45 -1.1124796597609625e-05
51 48 -1.1512797147477833e-05
51 51 4.8284009160801824e-05
51 66 -7.9841249827894242e-06
52 29 -1.1154407345202872e-05
52 44 -6.6803036641832708e-06
52 52 4.2599056254985625e-05
52 60 -8.9803234733420354e-06
53 27 -9.8450476178611208e-06
53 38 -6.0803325409111135e-06
53 53 3.9142479558529578e-05
53 61 -9.0665489476793722e-06
54 26 -1.3259894441508287e-05
54 37 -7.9362734505995847e-06
54 54 5.0512290313707502e-05
54 62 -1.1477993423701825e-05
55 28 -1.1715112237041054e-05
55 39 -6.4178061370285098e-06
55 55 4.3162343081605386e-05
55 63 -9.6286115775268295e-06
56 16 -1.1648948478230056e-05
56 42 -6.4551677647407057e-06
56 56 4.2215780347628971e-05
56 61 -9.2684231735414795e-06
57 17 -1.1648197332068901e-05
57 41 -8.4693927872428858e-06
57 57 4.5728900767071751e-05
57 62 -9.9583273549507944e-06
58 18 -1.0180061986350391e-05
58 40 -6.0772315347085704e-06
58 58 3.8985554918952722e-05
58 63 -8.6997995501770320e-06
59 22 -1.0402845237476496e-05
59 43 -7.0082628737995540e-06
59 59 3.9179367382103728e-05
59 60 -7.6595990872654195e-06
60 7 -1.0314969570813606e-05
60 52 -8.9803234733420354e-06
60 59 -7.6595990872654195e-06
60 60 4.2126920843451956e-05
61 5 -1.0938330584481186e-05
61 53 -9.0665489476793722e-06
61 56 -9.2684231735414795e-06
61 61 4.4372520931005981e-05
62 3 -1.1835370531606309e-05
62 54 -1.1477993423701825e-05
62 57 -9.9583273549507944e-06
62 62 4.9632333814067969e-05
63 6 -1.0863237863941454e-05
63 55 -9.6286115775268295e-06
63 58 -8.6997995501770320e-06
63 63 4.3830097676429240e-05
64 4 -8.2148501101145929e-06
64 45 -8.8443219706016018e-06
64 50 -1.3157005316652181e-05
64 64 4.7680607361443288e-05
65 35 -1.2314485767961377e-05
65 49 -9.1541109431771601e-06
65 50 -8.6691610901366434e-06
65 65 4.5088760400747562e-05
66 36 -1.1634502167286578e-05
66 46 -7.4915631474320696e-06
66 51 -7.9841249827894242e-06
66 66 4.1580337800950161e-05
