%%MatrixMarket matrix coordinate real general
66 66 244
1 1 5.7223082486388085e-05
1 2 -1.3320390141013304e-05
1 7 -9.7277241533034113e-06
1 45 -9.4149592054478244e-06
2 1 -1.3320390141013304e-05
2 2 5.2464921096644186e-05
2 25 -8.2250216325316493e-06
2 34 -9.2818187177541971e-06
3 3 5.7003618770669207e-05
3 8 -1.4000627878714021e-05
3 20 -1.0363427037009060e-05
3 62 -1.1831034918027070e-05
4 4 5.0983247462401681e-05
4 6 -1.1552502042235684e-05
4 25 -1.1686154788655171e-05
4 64 -8.2081147928240636e-06
5 5 5.4179359819788125e-05
5 9 -1.2644794107462099e-05
5 30 -9.9361041307514741e-06
5 61 -1.0926479207424247e-05
6 4 -1.1552502042235684e-05
6 6 5.0377632570813800e-05
6 35 -9.3904127813253000e-06
6 63 -1.0850298572486756e-05
7 1 -9.7277241533034113e-06
7 7 4.8345039249093327e-05
7 36 -8.4273359146852236e-06
7 60 -1.0312196545829048e-05
8 3 -1.4000627878714021e-05
8 8 5.2412350733226302e-05
8 47 -8.3030576823870532e-06
8 49 -1.1757364139472127e-05
9 5 -1.2644794107462099e-05
9 9 4.9700212273528469e-05
9 46 -1.1075198518132063e-05
9 48 -7.5709680677053137e-06
10 10 5.5754435690987637e-05
10 19 -8.5171213133474341e-06
10 21 -9.1426478262870942e-06
11 11 5.4713722849937204e-05
11 23 -9.1537167313711020e-06
11 32 -9.4117998137753226e-06
12 12 5.4116991408221687e-05
12 24 -8.7942865552149349e-06
12 31 -9.4440849019982581e-06
13 13 5.1908728910100794e-05
13 15 -1.0789250731067274e-05
13 20 -1.0746975665955327e-05
13 30 -1.0309671064990883e-05
14 14 5.4054399821774560e-05
14 33 -7.5797962189814760e-06
14 34 -7.9373388836400189e-06
15 13 -1.0789250731067274e-05
15 15 5.7634183401631295e-05
15 47 -1.1886056986092544e-05
15 48 -1.2017059877744834e-05
16 16 5.9072297565377882e-05
16 21 -9.2599055878485763e-06
16 56 -1.1627391746040711e-05
17 17 6.0308196983051038e-05
17 23 -9.9312178047501388e-06
17 57 -1.1611531336403908e-05
18 18 5.2658699416194147e-05
18 24 -9.0208490568234077e-06
18 58 -1.0138763233342497e-05
19 10 -8.5171213133474341e-06
19 19 4.5799695128653043e-05
19 22 -9.2236425786764203e-06
19 36 -9.2431879183690415e-06
20 3 -1.0363427037009060e-05
20 13 -1.0746975665955327e-05
20 20 5.3059078452197566e-05
20 23 -1.1979106361424749e-05
21 10 -9.1426478262870942e-06
21 16 -9.2599055878485763e-06
21 21 4.9578249902886272e-05
21 46 -1.0368090746892168e-05
22 19 -9.2236425786764203e-06
22 22 5.8075442124168807e-05
22 59 -1.0401337874733087e-05
23 11 -9.1537167313711020e-06
23 17 -9.9312178047501388e-06
23 20 -1.1979106361424749e-05
23 23 5.2423718760607228e-05
24 12 -8.7942865552149349e-06
24 18 -9.0208490568234077e-06
24 24 4.8955185609332532e-05
24 35 -1.1175989937503946e-05
25 2 -8.2250216325316493e-06
25 4 -1.1686154788655171e-05
25 25 4.8282245035182279e-05
25 33 -9.2366287322337898e-06
26 26 6.2487956933386942e-05
26 31 -1.0328116624059090e-05
26 54 -1.3219216652771605e-05
27 27 5.1484842461521656e-05
27 32 -8.1904394314528458e-06
27 53 -9.8055791258992832e-06
28 28 5.9595430807347459e-05
28 33 -9.8568394679106209e-06
28 55 -1.1694222934981402e-05
29 29 5.8732283388617788e-05
29 34 -9.0798720589107376e-06
29 52 -1.1152894553638566e-05
30 5 -9.9361041307514741e-06
30 13 -1.0309671064990883e-05
30 30 5.1348285933200528e-05
30 32 -1.1628741676464854e-05
31 12 -9.4440849019982581e-06
31 26 -1.0328116624059090e-05
31 31 5.4868341596217679e-05
31 49 -1.2275333906348040e-05
32 11 -9.4117998137753226e-06
32 27 -8.1904394314528458e-06
32 30 -1.1628741676464854e-05
32 32 4.9385502295190713e-05
33 14 -7.5797962189814760e-06
33 25 -9.2366287322337898e-06
33 28 -9.8568394679106209e-06
33 33 4.3499421545451159e-05
34 2 -9.2818187177541971e-06
34 14 -7.9373388836400189e-06
34 29 -9.0798720589107376e-06
34 34 4.3778022744716240e-05
35 6 -9.3904127813253000e-06
35 24 -1.1175989937503946e-05
35 35 5.0982644654375543e-05
35 65 -1.2306753488502046e-05
36 7 -8.4273359146852236e-06
36 19 -9.2431879183690415e-06
36 36 4.7965830106273920e-05
36 66 -1.1627634396818275e-05
37 37 6.2903794414571280e-05
37 41 -1.3546256972105028e-05
37 54 -7.9205466943456691e-06
38 38 4.5103248912089987e-05
38 42 -9.5461008997141986e-06
38 53 -6.0676561370247189e-06
39 39 4.4638160811294926e-05
39 40 -9.5412359019729545e-06
39 55 -6.3994932551212054e-06
40 39 -9.5412359019729545e-06
40 40 4.5082232224757192e-05
40 58 -6.0646465064109392e-06
41 37 -1.3546256972105028e-05
41 41 6.3529574282680378e-05
41 57 -8.4527644909411243e-06
42 38 -9.5461008997141986e-06
42 42 4.4704990620879527e-05
42 56 -6.4363050202977690e-06
43 43 5.5569930766207851e-05
43 44 -1.1206138269157096e-05
43 59 -7.0073816273342125e-06
44 43 -1.1206138269157096e-05
44 44 5.5237885491860880e-05
44 52 -6.6795187701906945e-06
45 1 -9.4149592054478244e-06
45 45 4.9022825566413279e-05
45 51 -1.1118909354611403e-05
45 64 -8.8372882912762920e-06
46 9 -1.1075198518132063e-05
46 21 -1.0368090746892168e-05
46 46 4.5456707008760273e-05
46 66 -7.4839626573000667e-06
47 8 -8.3030576823870532e-06
47 15 -1.1886056986092544e-05
47 47 4.9906517907428023e-05
47 50 -1.1751175959284754e-05
48 9 -7.5709680677053137e-06
48 15 -1.2017059877744834e-05
48 48 4.9794344150757600e-05
48 51 -1.1503270699352025e-05
49 8 -1.1757364139472127e-05
49 31 -1.2275333906348040e-05
49 49 5.0678977098586264e-05
49 65 -9.1472278803505376e-06
50 47 -1.1751175959284754e-05
50 50 5.1134666834163925e-05
50 64 -1.3148471149742405e-05
50 65 -8.6642218341461049e-06
51 45 -1.1118909354611403e-05
51 48 -1.1503270699352025e-05
51 51 4.8254131085945717e-05
51 66 -7.9797471184535438e-06
52 29 -1.1152894553638566e-05
52 44 -6.6795187701906945e-06
52 52 4.2591560159673704e-05
52 60 -8.9772889439942573e-06
53 27 -9.8055791258992832e-06
53 38 -6.0676561370247189e-06
53 53 3.8991343500091740e-05
53 61 -9.0329259289910755e-06
54 26 -1.3219216652771605e-05
54 37 -7.9205466943456691e-06
54 54 5.0459109313978482e-05
54 62 -1.1478724356147503e-05
55 28 -1.1694222934981402e-05
55 39 -6.3994932551212054e-06
55 55 4.3074907159001416e-05
55 63 -9.6105650988974189e-06
56 16 -1.1627391746040711e-05
56 42 -6.4363050202977690e-06
56 56 4.2133246874155997e-05
56 61 -9.2518427110363323e-06
57 17 -1.1611531336403908e-05
57 41 -8.4527644909411243e-06
57 57 4.5704775139839463e-05
57 62 -9.9591794307797984e-06
58 18 -1.0138763233342497e-05
58 40 -6.0646465064109392e-06
58 58 3.8836253443948051e-05
58 63 -8.6678417370112540e-06
59 22 -1.0401337874733087e-05
59 43 -7.0073816273342125e-06
59 59 3.9172246520007719e-05
59 60 -7.6569810023094381e-06
60 7 -1.0312196545829048e-05
60 52 -8.9772889439942573e-06
60 59 -7.6569810023094381e-06
60 60 4.2112284413200577e-05
61 5 -1.0926479207424247e-05
61 53 -9.0329259289910755e-06
61 56 -9.2518427110363323e-06
61 61 4.4280620684079731e-05
62 3 -1.1831034918027070e-05
62 54 -1.1478724356147503e-05
62 57 -9.9591794307797984e-06
62 62 4.9622055075452208e-05
63 6 -1.0850298572486756e-05
63 55 -9.6105650988974189e-06
63 58 -8.6678417370112540e-06
63 63 4.3739585274711971e-05
64 4 -8.2081147928240636e-06
64 45 -8.8372882912762920e-06
64 50 -1.3148471149742405e-05
64 64 4.7640319662026488e-05
65 35 -1.2306753488502046e-05
65 49 -9.1472278803505376e-06
65 50 -8.6642218341461049e-06
65 65 4.5059386187816362e-05
66 36 -1.1627634396818275e-05
66 46 -7.4839626573000667e-06
66 51 -7.9797471184535438e-06
66 66 4.1551739680614409e-05
