%%MatrixMarket matrix coordinate real general
66 66 244
1 1 5.7448347977967523e-05
1 2 -1.3370526215976281e-05
1 7 -9.7645933477175387e-06
1 45 -9.4516731716554085e-06
2 1 -1.3370526215976281e-05
2 2 5.2636149397468642e-05
2 25 -8.2829972286346537e-06
2 34 -9.3021898638716374e-06
3 3 5.7175019040434845e-05
3 8 -1.4039113759744999e-05
3 20 -1.0394184423879647e-05
3 62 -1.1862856305186280e-05
4 4 5.1313818455010086e-05
4 6 -1.1644783561531976e-05
4 25 -1.1752786376562797e-05
4 64 -8.2595380111718581e-06
5 5 5.4620402535291573e-05
5 9 -1.2737176892483404e-05
5 30 -1.0012149168033279e-05
5 61 -1.1017647759849838e-05
6 4 -1.1644783561531976e-05
6 6 5.0823005880853534e-05
6 35 -9.4696823889378961e-06
6 63 -1.0949841025578539e-05
7 1 -9.7645933477175387e-06
7 7 4.8470370878768311e-05
7 36 -8.4537581352823785e-06
7 60 -1.0333243668968347e-05
8 3 -1.4039113759744999e-05
8 8 5.2578711913140347e-05
8 47 -8.3236904833940667e-06
8 49 -1.1820546247110506e-05
9 5 -1.2737176892483404e-05
9 9 5.0000018559628507e-05
9 46 -1.1134311646078800e-05
9 48 -7.6193098731242527e-06
10 10 5.5976675419408080e-05
10 19 -8.5438053460522136e-06
10 21 -9.1920703255957660e-06
11 11 5.6576211111727839e-05
11 23 -9.4333216122133024e-06
11 32 -9.7074046370420215e-06
12 12 5.5970936444650618e-05
12 24 -9.0732235194639251e-06
12 31 -9.7336053950352853e-06
13 13 5.2161269142275365e-05
13 15 -1.0836689226032154e-05
13 20 -1.0791649889566104e-05
13 30 -1.0359682323084889e-05
14 14 5.4301564373036769e-05
14 33 -7.6188438478288066e-06
14 34 -7.9700955589032009e-06
15 13 -1.0836689226032154e-05
15 15 5.7889065713116657e-05
15 47 -1.1948366006855588e-05
15 48 -1.2065157827284550e-05
16 16 5.9666613868069923e-05
16 21 -9.3177559791554412e-06
16 56 -1.1795641117150706e-05
17 17 6.2004604334531499e-05
17 23 -1.0179282692386602e-05
17 57 -1.1907585161917036e-05
18 18 5.4500070207085794e-05
18 24 -9.3104745240114430e-06
18 58 -1.0493456366580257e-05
19 10 -8.5438053460522136e-06
19 19 4.5944070638308637e-05
19 22 -9.2490612709310870e-06
19 36 -9.2739235702306987e-06
20 3 -1.0394184423879647e-05
20 13 -1.0791649889566104e-05
20 20 5.3244740654897785e-05
20 23 -1.1988649884901540e-05
21 10 -9.1920703255957660e-06
21 16 -9.3177559791554412e-06
21 21 4.9886107400408462e-05
21 46 -1.0450153651916965e-05
22 19 -9.2490612709310870e-06
22 22 5.8164360410461425e-05
22 59 -1.0412704750357040e-05
23 11 -9.4333216122133024e-06
23 17 -1.0179282692386602e-05
23 20 -1.1988649884901540e-05
23 23 5.2969635521749965e-05
24 12 -9.0732235194639251e-06
24 18 -9.3104745240114430e-06
24 24 4.9813074111306846e-05
24 35 -1.1267985738582940e-05
25 2 -8.2829972286346537e-06
25 4 -1.1752786376562797e-05
25 25 4.8643555957008337e-05
25 33 -9.3072519192119763e-06
26 26 6.4208730038190550e-05
26 31 -1.0580272555022866e-05
26 54 -1.3546650286052156e-05
27 27 5.3263677792247026e-05
27 32 -8.4493583041159507e-06
27 53 -1.0145692858955246e-05
28 28 6.0179761383939235e-05
28 33 -9.9155198078709707e-06
28 55 -1.1856696321303311e-05
29 29 5.8829959665218062e-05
29 34 -9.1129418695139717e-06
29 52 -1.1164290911318252e-05
30 5 -1.0012149168033279e-05
30 13 -1.0359682323084889e-05
30 30 5.1741589179744711e-05
30 32 -1.1720054115347736e-05
31 12 -9.7336053950352853e-06
31 26 -1.0580272555022866e-05
31 31 5.5446882934598160e-05
31 49 -1.2291413588981683e-05
32 11 -9.7074046370420215e-06
32 27 -8.4493583041159507e-06
32 30 -1.1720054115347736e-05
32 32 5.0222261329301428e-05
33 14 -7.6188438478288066e-06
33 25 -9.3072519192119763e-06
33 28 -9.9155198078709707e-06
33 33 4.3761130269522779e-05
34 2 -9.3021898638716374e-06
34 14 -7.9700955589032009e-06
34 29 -9.1129418695139717e-06
34 34 4.3936358998952996e-05
35 6 -9.4696823889378961e-06
35 24 -1.1267985738582940e-05
35 35 5.1391312280224489e-05
35 65 -1.2366235724060043e-05
36 7 -8.4537581352823785e-06
36 19 -9.2739235702306987e-06
36 36 4.8144287434593927e-05
36 66 -1.1679968587726469e-05
37 37 6.4045113441722922e-05
37 41 -1.3781619747225731e-05
37 54 -8.0430826865341409e-06
38 38 4.6015691101121737e-05
38 42 -9.7976762290926632e-06
38 53 -6.1874429492555000e-06
39 39 4.6589969240021085e-05
39 40 -9.7924799272645644e-06
39 55 -6.5497770971534389e-06
40 39 -9.7924799272645644e-06
40 40 4.5991376141546892e-05
40 58 -6.1836165863927016e-06
41 37 -1.3781619747225731e-05
41 41 6.4664655203635639e-05
41 57 -8.5821506277349556e-06
42 38 -9.7976762290926632e-06
42 42 4.6658969931327935e-05
42 56 -6.5913593569676306e-06
43 43 5.5596265319985167e-05
43 44 -1.1211138394909822e-05
43 59 -7.0140292039556194e-06
44 43 -1.1211138394909822e-05
44 44 5.5265353194353532e-05
44 52 -6.6854391417666512e-06
45 1 -9.4516731716554085e-06
45 45 4.9246682219137976e-05
45 51 -1.1163848569590908e-05
45 64 -8.8909777011869829e-06
46 9 -1.1134311646078800e-05
46 21 -1.0450153651916965e-05
46 46 4.5795708119621538e-05
46 66 -7.5423254273103374e-06
47 8 -8.3236904833940667e-06
47 15 -1.1948366006855588e-05
47 47 5.0165950388887616e-05
47 50 -1.1814764306581970e-05
48 9 -7.6193098731242527e-06
48 15 -1.2065157827284550e-05
48 48 5.0037799378595099e-05
48 51 -1.1575797417007114e-05
49 8 -1.1820546247110506e-05
49 31 -1.2291413588981683e-05
49 49 5.0933079126631918e-05
49 65 -9.1990192630493037e-06
50 47 -1.1814764306581970e-05
50 50 5.1399104958677512e-05
50 64 -1.3213689789122111e-05
50 65 -8.7021471254259956e-06
51 45 -1.1163848569590908e-05
51 48 -1.1575797417007114e-05
51 51 4.8489209467865378e-05
51 66 -8.0131635100121801e-06
52 29 -1.1164290911318252e-05
52 44 -6.6854391417666512e-06
52 52 4.2648251137687756e-05
52 60 -9.0003527223268375e-06
53 27 -1.0145692858955246e-05
53 38 -6.1874429492555000e-06
53 53 4.0147162390478106e-05
53 61 -9.2740604520556026e-06
54 26 -1.3546650286052156e-05
54 37 -8.0430826865341409e-06
54 54 5.0886132853143038e-05
54 62 -1.1473574478426120e-05
55 28 -1.1856696321303311e-05
55 39 -6.5497770971534389e-06
55 55 4.3763417332134922e-05
55 63 -9.7517994604072209e-06
56 16 -1.1795641117150706e-05
56 42 -6.5913593569676306e-06
56 56 4.2820671534152152e-05
56 61 -9.3814952864134435e-06
57 17 -1.1907585161917036e-05
57 41 -8.5821506277349556e-06
57 57 4.6053972496888365e-05
57 62 -9.9530179507106585e-06
58 18 -1.0493456366580257e-05
58 40 -6.1836165863927016e-06
58 58 3.9981675129387856e-05
58 63 -8.8965621292699755e-06
59 22 -1.0412704750357040e-05
59 43 -7.0140292039556194e-06
59 59 3.9226098584244087e-05
59 60 -7.6768796787381684e-06
60 7 -1.0333243668968347e-05
60 52 -9.0003527223268375e-06
60 59 -7.6768796787381684e-06
60 60 4.2223462005677908e-05
61 5 -1.1017647759849838e-05
61 53 -9.2740604520556026e-06
61 56 -9.3814952864134435e-06
61 61 4.4965398412781106e-05
62 3 -1.1862856305186280e-05
62 54 -1.1473574478426120e-05
62 57 -9.9530179507106585e-06
62 62 4.9697177724303151e-05
63 6 -1.0949841025578539e-05
63 55 -9.7517994604072209e-06
63 58 -8.8965621292699755e-06
63 63 4.4439021975385649e-05
64 4 -8.2595380111718581e-06
64 45 -8.8909777011869829e-06
64 50 -1.3213689789122111e-05
64 64 4.7937837824337928e-05
65 35 -1.2366235724060043e-05
65 49 -9.1990192630493037e-06
65 50 -8.7021471254259956e-06
65 65 4.5283760636195468e-05
66 36 -1.1679968587726469e-05
66 46 -7.5423254273103374e-06
66 51 -8.0131635100121801e-06
66 66 4.1776896574778505e-05
