%%MatrixMarket matrix coordinate real general
66 66 244
1 1 5.7239227074188404e-05
1 2 -1.3323671214865535e-05
1 7 -9.7301356351509836e-06
1 45 -9.4173645049568370e-06
2 1 -1.3323671214865535e-05
2 2 5.2475889746002171e-05
2 25 -8.2287918519028889e-06
2 34 -9.2831650831500620e-06
3 3 5.7014793074758873e-05
3 8 -1.4003150857990557e-05
3 20 -1.0365453574427523e-05
3 62 -1.1833206825598996e-05
4 4 5.1004232304599861e-05
4 6 -1.1558510374209515e-05
4 25 -1.1690501670104418e-05
4 64 -8.2114790557877330e-06
5 5 5.4208704279574499e-05
5 9 -1.2650803070374705e-05
5 30 -9.9410061647226497e-06
5 61 -1.0932396266567650e-05
6 4 -1.1558510374209515e-05
6 6 5.0406274178427322e-05
6 35 -9.3955170427988044e-06
6 63 -1.0856759411247781e-05
7 1 -9.7301356351509836e-06
7 7 4.8353279986025408e-05
7 36 -8.4290719288609642e-06
7 60 -1.0313582387420113e-05
8 3 -1.4003150857990557e-05
8 8 5.2423448666919490e-05
8 47 -8.3043942691191842e-06
8 49 -1.1761562987142533e-05
9 5 -1.2650803070374705e-05
9 9 4.9719435160152490e-05
9 46 -1.1079059820267526e-05
9 48 -7.5741376832265547e-06
10 10 5.5769701906860746e-05
10 19 -8.5188745842037851e-06
10 21 -9.1458908662236841e-06
11 11 5.4827120282395571e-05
11 23 -9.1703135542027898e-06
11 32 -9.4294675223105339e-06
12 12 5.4227032774338901e-05
12 24 -8.8109188929621550e-06
12 31 -9.4612308890912931e-06
13 13 5.1924968759686016e-05
13 15 -1.0792356471983185e-05
13 20 -1.0749949863237964e-05
13 30 -1.0312939543769681e-05
14 14 5.4070873975209134e-05
14 33 -7.5823659019700707e-06
14 34 -7.9394856842677667e-06
15 13 -1.0792356471983185e-05
15 15 5.7650872348452533e-05
15 47 -1.1890168092416317e-05
15 48 -1.2020189644100167e-05
16 16 5.9110745825239751e-05
16 21 -9.2637180917418505e-06
16 56 -1.1638140931154343e-05
17 17 6.0414839913893049e-05
17 23 -9.9465203304716256e-06
17 57 -1.1629757752686046e-05
18 18 5.2764159343489831e-05
18 24 -9.0373567242248493e-06
18 58 -1.0159207256248256e-05
19 10 -8.5188745842037851e-06
19 19 4.5809199934870243e-05
19 22 -9.2253121124921493e-06
19 36 -9.2452076828956464e-06
20 3 -1.0365453574427523e-05
20 13 -1.0749949863237964e-05
20 20 5.3071970103808639e-05
20 23 -1.1980008251876184e-05
21 10 -9.1458908662236841e-06
21 16 -9.2637180917418505e-06
21 21 4.9598045004995907e-05
21 46 -1.0373429199251364e-05
22 19 -9.2253121124921493e-06
22 22 5.8081319901488412e-05
22 59 -1.0402091392433534e-05
23 11 -9.1703135542027898e-06
23 17 -9.9465203304716256e-06
23 20 -1.1980008251876184e-05
23 23 5.2457765004303763e-05
24 12 -8.8109188929621550e-06
24 18 -9.0373567242248493e-06
24 24 4.9011633894193201e-05
24 35 -1.1183020875318124e-05
25 2 -8.2287918519028889e-06
25 4 -1.1690501670104418e-05
25 25 4.8306094348961194e-05
25 33 -9.2412216529472106e-06
26 26 6.2595314080278081e-05
26 31 -1.0343741493946615e-05
26 54 -1.3239459121297392e-05
27 27 5.1582315301410044e-05
27 32 -8.2051317694346363e-06
27 53 -9.8251220045555553e-06
28 28 5.9633240947502581e-05
28 33 -9.8607170022075289e-06
28 55 -1.1704645141548023e-05
29 29 5.8738747971101152e-05
29 34 -9.0820396184915781e-06
29 52 -1.1153650839978612e-05
30 5 -9.9410061647226497e-06
30 13 -1.0312939543769681e-05
30 30 5.1374829936181458e-05
30 32 -1.1635735051376485e-05
31 12 -9.4612308890912931e-06
31 26 -1.0343741493946615e-05
31 31 5.4904663554917476e-05
31 49 -1.2276710321986491e-05
32 11 -9.4294675223105339e-06
32 27 -8.2051317694346363e-06
32 30 -1.1635735051376485e-05
32 32 4.9440667159569175e-05
33 14 -7.5823659019700707e-06
33 25 -9.2412216529472106e-06
33 28 -9.8607170022075289e-06
33 33 4.3516009625157796e-05
34 2 -9.2831650831500620e-06
34 14 -7.9394856842677667e-06
34 29 -9.0820396184915781e-06
34 34 4.3788118297634860e-05
35 6 -9.3955170427988044e-06
35 24 -1.1183020875318124e-05
35 35 5.1010504850846859e-05
35 65 -1.2310613127929738e-05
36 7 -8.4290719288609642e-06
36 19 -9.2452076828956464e-06
36 36 4.7978075086128172e-05
36 66 -1.1631065342802786e-05
37 37 6.2976806193305488e-05
37 41 -1.3561351058519839e-05
37 54 -7.9283932047405462e-06
38 38 4.5148401872474380e-05
38 42 -9.5590528633785741e-06
38 53 -6.0738975581775824e-06
39 39 4.4745304434711245e-05
39 40 -9.5541699930329951e-06
39 55 -6.4085906339814725e-06
40 39 -9.5541699930329951e-06
40 40 4.5127211028159238e-05
40 58 -6.0708422800964589e-06
41 37 -1.3561351058519839e-05
41 41 6.3604018345218719e-05
41 57 -8.4610569473856066e-06
42 38 -9.5590528633785741e-06
42 42 4.4812564542310663e-05
42 56 -6.4456728734814477e-06
43 43 5.5571674913787022e-05
43 44 -1.1206469268980978e-05
43 59 -7.0078221410783597e-06
44 43 -1.1206469268980978e-05
44 44 5.5239703983949542e-05
44 52 -6.6799111247661382e-06
45 1 -9.4173645049568370e-06
45 45 4.9037657826338850e-05
45 51 -1.1121849991002812e-05
45 64 -8.8408017810682231e-06
46 9 -1.1079059820267526e-05
46 21 -1.0373429199251364e-05
46 46 4.5478276328240733e-05
46 66 -7.4877574644044705e-06
47 8 -8.3043942691191842e-06
47 15 -1.1890168092416317e-05
47 47 4.9923009654364672e-05
47 50 -1.1755371620887590e-05
48 9 -7.5741376832265547e-06
48 15 -1.2020189644100167e-05
48 48 4.9815243002827594e-05
48 51 -1.1508028948648385e-05
49 8 -1.1761562987142533e-05
49 31 -1.2276710321986491e-05
49 49 5.0695079158932002e-05
49 65 -9.1506696099808249e-06
50 47 -1.1755371620887590e-05
50 50 5.1151999661553397e-05
50 64 -1.3152733633946038e-05
50 65 -8.6666878781818290e-06
51 45 -1.1121849991002812e-05
51 48 -1.1508028948648385e-05
51 51 4.8269054691242130e-05
51 66 -7.9819338291944817e-06
52 29 -1.1153650839978612e-05
52 44 -6.6799111247661382e-06
52 52 4.2595305485364552e-05
52 60 -8.9788038895162449e-06
53 27 -9.8251220045555553e-06
53 38 -6.0738975581775824e-06
53 53 3.9066826238828991e-05
53 61 -9.0497788339311593e-06
54 26 -1.3239459121297392e-05
54 37 -7.9283932047405462e-06
54 54 5.0485582657258747e-05
54 62 -1.1478358005172497e-05
55 28 -1.1704645141548023e-05
55 39 -6.4085906339814725e-06
55 55 4.3118480176341637e-05
55 63 -9.6195602011954030e-06
56 16 -1.1638140931154343e-05
56 42 -6.4456728734814477e-06
56 56 4.2174553298781689e-05
56 61 -9.2601159874850273e-06
57 17 -1.1629757752686046e-05
57 41 -8.4610569473856066e-06
57 57 4.5716779502607591e-05
57 62 -9.9587528827991614e-06
58 18 -1.0159207256248256e-05
58 40 -6.0708422800964589e-06
58 58 3.8910806839973988e-05
58 63 -8.6838698717530246e-06
59 22 -1.0402091392433534e-05
59 43 -7.0078221410783597e-06
59 59 3.9175804474184151e-05
59 60 -7.6582880620929273e-06
60 7 -1.0313582387420113e-05
60 52 -8.9788038895162449e-06
60 59 -7.6582880620929273e-06
60 60 4.2119596871250932e-05
61 5 -1.0932396266567650e-05
61 53 -9.0497788339311593e-06
61 56 -9.2601159874850273e-06
61 61 4.4326558513940028e-05
62 3 -1.1833206825598996e-05
62 54 -1.1478358005172497e-05
62 57 -9.9587528827991614e-06
62 62 4.9627205706628954e-05
63 6 -1.0856759411247781e-05
63 55 -9.6195602011954030e-06
63 58 -8.6838698717530246e-06
63 63 4.3783081671736293e-05
64 4 -8.2114790557877330e-06
64 45 -8.8408017810682231e-06
64 50 -1.3152733633946038e-05
64 64 4.7660443645943375e-05
65 35 -1.2310613127929738e-05
65 49 -9.1506696099808249e-06
65 50 -8.6666878781818290e-06
65 65 4.5074056025066228e-05
66 36 -1.1631065342802786e-05
66 46 -7.4877574644044705e-06
66 51 -7.9819338291944817e-06
66 66 4.1566023871523256e-05
