%%MatrixMarket matrix coordinate real general
66 66 244
1 1 2.4603296465378055e-04
1 2 -1.2470377036118868e-07
1 7 -9.1021847255784224e-08
1 45 -8.4724981970529183e-08
2 1 -1.2470377036118868e-07
2 2 2.1311857259440528e-04
2 25 -7.7357833366861841e-08
2 34 -8.7179430666172607e-08
3 3 1.9356162939572578e-04
3 8 -1.1135898142540507e-07
3 20 -8.2578755008194593e-08
3 62 -9.2197308165560313e-08
4 4 1.9100031045671728e-04
4 6 -1.0138932325392200e-07
4 25 -1.0450190876362121e-07
4 64 -7.2445930890571708e-08
5 5 2.0343634808971220e-04
5 9 -1.1021771131965841e-07
5 30 -8.3064548386265802e-08
5 61 -9.5873019221734184e-08
6 4 -1.0138932325392200e-07
6 6 1.8242729602711160e-04
6 35 -7.8992830590220039e-08
6 63 -9.5968426500569499e-08
7 1 -9.1021847255784224e-08
7 7 1.9574857425394768e-04
7 36 -8.0070891107703261e-08
7 60 -9.7926577018135837e-08
8 3 -1.1135898142540507e-07
8 8 1.7115351948186619e-04
8 47 -6.6769494798322001e-08
8 49 -9.5331547428762977e-08
9 5 -1.1021771131965841e-07
9 9 1.8033706446523489e-04
9 46 -9.8280005678152189e-08
9 48 -6.6736926840742914e-08
10 10 1.9631381784439197e-04
10 19 -8.3472828844319643e-08
10 21 -8.8186989891184891e-08
11 11 2.0140052558905117e-04
11 23 -8.5136719035764910e-08
11 32 -8.7560156083044547e-08
12 12 2.0140982774687457e-04
12 24 -8.2268866648377103e-08
12 31 -8.8231161327555310e-08
13 13 1.9076739939916502e-04
13 15 -8.8857247098639232e-08
13 20 -8.6069432077361868e-08
13 30 -8.5276611835149494e-08
14 14 1.5784539949798972e-04
14 33 -7.3393720708404351e-08
14 34 -7.8008889823872170e-08
15 13 -8.8857247098639232e-08
15 15 2.1911325267608142e-04
15 47 -9.9960334254049596e-08
15 48 -1.0135435936215207e-07
16 16 2.2095613819902250e-04
16 21 -8.9742454607740134e-08
16 56 -1.1287700543699416e-07
17 17 2.0454759531312146e-04
17 23 -8.6482931470122101e-08
17 57 -1.0145884734511975e-07
18 18 2.0741144007048541e-04
18 24 -9.0204283304513254e-08
18 58 -1.0221385373704396e-07
19 10 -8.3472828844319643e-08
19 19 1.8930165098461857e-04
19 22 -9.0192714325996128e-08
19 36 -8.7732399114782281e-08
20 3 -8.2578755008194593e-08
20 13 -8.6069432077361868e-08
20 20 1.8754337109654163e-04
20 23 -9.2676626644577088e-08
21 10 -8.8186989891184891e-08
21 16 -8.9742454607740134e-08
21 21 2.0881437354895892e-04
21 46 -9.6927071461446845e-08
22 19 -9.0192714325996128e-08
22 22 2.0202381344671430e-04
22 59 -1.0289615552550893e-07
23 11 -8.5136719035764910e-08
23 17 -8.6482931470122101e-08
23 20 -9.2676626644577088e-08
23 23 1.9618470743964776e-04
24 12 -8.2268866648377103e-08
24 18 -9.0204283304513254e-08
24 24 1.8939541787542602e-04
24 35 -8.9488281193223423e-08
25 2 -7.7357833366861841e-08
25 4 -1.0450190876362121e-07
25 25 1.9185927005213555e-04
25 33 -8.7001329749098867e-08
26 26 2.3118019345544567e-04
26 31 -8.9656346249976208e-08
26 54 -1.1509876006548598e-07
27 27 1.9452869733693095e-04
27 32 -8.2055781992820344e-08
27 53 -9.9084536683190333e-08
28 28 2.1868024628318605e-04
28 33 -9.5897052066437021e-08
28 55 -1.1327745724942166e-07
29 29 2.0897320410909938e-04
29 34 -8.9015188610269120e-08
29 52 -1.1014989711247131e-07
30 5 -8.3064548386265802e-08
30 13 -8.5276611835149494e-08
30 30 1.8878139809355864e-04
30 32 -9.2881636184627706e-08
31 12 -8.8231161327555310e-08
31 26 -8.9656346249976208e-08
31 31 2.1023924637548271e-04
31 49 -9.5372327592622602e-08
32 11 -8.7560156083044547e-08
32 27 -8.2055781992820344e-08
32 30 -9.2881636184627706e-08
32 32 1.9077695614580997e-04
33 14 -7.3393720708404351e-08
33 25 -8.7001329749098867e-08
33 28 -9.5897052066437021e-08
33 33 1.6953608484989585e-04
34 2 -8.7179430666172607e-08
34 14 -7.8008889823872170e-08
34 29 -8.9015188610269120e-08
34 34 1.7646500564336040e-04
35 6 -7.8992830590220039e-08
35 24 -8.9488281193223423e-08
35 35 1.7501515533521907e-04
35 65 -1.0222360039134575e-07
36 7 -8.0070891107703261e-08
36 19 -8.7732399114782281e-08
36 36 1.8625852529635881e-04
36 66 -1.0787266089695833e-07
37 37 1.8140954822950205e-04
37 41 -1.1066176456593255e-07
37 54 -6.4470491996798856e-08
38 38 1.7986905167531510e-04
38 42 -1.1136404801462563e-07
38 53 -6.8803645162013019e-08
39 39 1.7617597328767204e-04
39 40 -1.1136416491521967e-07
39 55 -6.5380771812897544e-08
40 39 -1.1136416491521967e-07
40 40 1.7986545554273266e-04
40 58 -6.8768637942870231e-08
41 37 -1.1066176456593255e-07
41 41 1.8138042210528194e-04
41 57 -6.8695804091542608e-08
42 38 -1.1136404801462563e-07
42 42 1.7617636909730803e-04
42 56 -6.5918960799042995e-08
43 43 1.7457396051758691e-04
43 44 -1.1206951920571298e-07
43 59 -6.9240222759460078e-08
44 43 -1.1206951920571298e-07
44 44 1.7457018713973012e-04
44 52 -6.5893980894277945e-08
45 1 -8.4724981970529183e-08
45 45 1.9159369785940383e-04
45 51 -9.9826345472552909e-08
45 64 -7.7835367475608857e-08
46 9 -9.8280005678152189e-08
46 21 -9.6927071461446845e-08
46 46 1.6649265607911450e-04
46 66 -7.0136240897611849e-08
47 8 -6.6769494798322001e-08
47 15 -9.9960334254049596e-08
47 47 1.7300591522714920e-04
47 50 -9.8860174342782556e-08
48 9 -6.6736926840742914e-08
48 15 -1.0135435936215207e-07
48 48 1.8199123910301191e-04
48 51 -1.0123784758172884e-07
49 8 -9.5331547428762977e-08
49 31 -9.5372327592622602e-08
49 49 1.6512543351131912e-04
49 65 -7.4123110436696515e-08
50 47 -9.8860174342782556e-08
50 50 1.6966066039347653e-04
50 64 -1.1185340105884822e-07
50 65 -7.1640195654289215e-08
51 45 -9.9826345472552909e-08
51 48 -1.0123784758172884e-07
51 51 1.7317158071042523e-04
51 66 -7.1545906812224844e-08
52 29 -1.1014989711247131e-07
52 44 -6.5893980894277945e-08
52 52 1.5823048342151517e-04
52 60 -8.7755501667834126e-08
53 27 -9.9084536683190333e-08
53 38 -6.8803645162013019e-08
53 53 1.4360685043154569e-04
53 61 -7.8443375100368461e-08
54 26 -1.1509876006548598e-07
54 37 -6.4470491996798856e-08
54 54 1.6338436050614675e-04
54 62 -8.7741421225668764e-08
55 28 -1.1327745724942166e-07
55 39 -6.5380771812897544e-08
55 55 1.5955563239747204e-04
55 63 -8.7787050289370291e-08
56 16 -1.1287700543699416e-07
56 42 -6.5918960799042995e-08
56 56 1.5616398003626816e-04
56 61 -8.3900533643329390e-08
57 17 -1.0145884734511975e-07
57 41 -6.8695804091542608e-08
57 57 1.4283558334425133e-04
57 62 -7.5963692042266917e-08
58 18 -1.0221385373704396e-07
58 40 -6.8768637942870231e-08
58 58 1.4211198784249164e-04
58 63 -7.5249702680292453e-08
59 22 -1.0289615552550893e-07
59 43 -6.9240222759460078e-08
59 59 1.4170344917051528e-04
59 60 -7.4856852660179212e-08
60 7 -9.7926577018135837e-08
60 52 -8.7755501667834126e-08
60 59 -7.4856852660179212e-08
60 60 1.5257754845164948e-04
61 5 -9.5873019221734184e-08
61 53 -7.8443375100368461e-08
61 56 -8.3900533643329390e-08
61 61 1.5336783154883392e-04
62 3 -9.2197308165560313e-08
62 54 -8.7741421225668764e-08
62 57 -7.5963692042266917e-08
62 62 1.5181380360376049e-04
63 6 -9.5968426500569499e-08
63 55 -8.7787050289370291e-08
63 58 -7.5249702680292453e-08
63 63 1.5011351779716233e-04
64 4 -7.2445930890571708e-08
64 45 -7.7835367475608857e-08
64 50 -1.1185340105884822e-07
64 64 1.7003430210315334e-04
65 35 -1.0222360039134575e-07
65 49 -7.4123110436696515e-08
65 50 -7.1640195654289215e-08
65 65 1.4121063726706907e-04
66 36 -1.0787266089695833e-07
66 46 -7.0136240897611849e-08
66 51 -7.1545906812224844e-08
66 66 1.4253631768766011e-04
