%%MatrixMarket matrix coordinate real general
66 66 244
1 1 2.4603298527622566e-04
1 2 -1.2470376192212878e-07
1 7 -9.1021845875086519e-08
1 45 -8.4724981579036127e-08
2 1 -1.2470376192212878e-07
2 2 2.1311887685948689e-04
2 25 -7.7357822427394534e-08
2 34 -8.7179349099382493e-08
3 3 1.9355829231627181e-04
3 8 -1.1135911012054679e-07
3 20 -8.2579189270932275e-08
3 62 -9.2198372524441259e-08
4 4 1.9100023477997474e-04
4 6 -1.0138937917358678e-07
4 25 -1.0450190313609928e-07
4 64 -7.2445932426060898e-08
5 5 2.0343410031385990e-04
5 9 -1.1021777502123594e-07
5 30 -8.3064971069327566e-08
5 61 -9.5873607235210864e-08
6 4 -1.0138937917358678e-07
6 6 1.8242519406851639e-04
6 35 -7.8993236502928030e-08
6 63 -9.5969009977874190e-08
7 1 -9.1021845875086519e-08
7 7 1.9574862427610231e-04
7 36 -8.0070885289514388e-08
7 60 -9.7926560544154207e-08
8 3 -1.1135911012054679e-07
8 8 1.7115244375671772e-04
8 47 -6.6769515559000170e-08
8 49 -9.5331991750436440e-08
9 5 -1.1021777502123594e-07
9 9 1.8033698249302901e-04
9 46 -9.8280001962357218e-08
9 48 -6.6736928361847195e-08
10 10 1.9632560325758027e-04
10 19 -8.3472517620969890e-08
10 21 -8.8186679670548082e-08
11 11 2.0065821223029149e-04
11 23 -8.5162999776492933e-08
11 32 -8.7587660841977114e-08
12 12 2.0066886021515953e-04
12 24 -8.2294575750731221e-08
12 31 -8.8257150612187314e-08
13 13 1.9076565576062714e-04
13 15 -8.8857284666968404e-08
13 20 -8.6069854847769206e-08
13 30 -8.5277050562510040e-08
14 14 1.5785758984107208e-04
14 33 -7.3393384446833018e-08
14 34 -7.8008533697050207e-08
15 13 -8.8857284666968404e-08
15 15 2.1911318723119214e-04
15 47 -9.9960336743149999e-08
15 48 -1.0135436102796524e-07
16 16 2.2096650062859358e-04
16 21 -8.9742185344205318e-08
16 56 -1.1287692578463818e-07
17 17 2.0381561393432109e-04
17 23 -8.6509146040955417e-08
17 57 -1.0149462190474833e-07
18 18 2.0668541414527815e-04
18 24 -9.0231642917193648e-08
18 58 -1.0224904942112498e-07
19 10 -8.3472517620969890e-08
19 19 1.8930494124416383e-04
19 22 -9.0192387529382283e-08
19 36 -8.7732320425283137e-08
20 3 -8.2579189270932275e-08
20 13 -8.6069854847769206e-08
20 20 1.8752568251565163e-04
20 23 -9.2682395962046098e-08
21 10 -8.8186679670548082e-08
21 16 -8.9742185344205318e-08
21 21 2.0881752079200620e-04
21 46 -9.6926989090687720e-08
22 19 -9.0192387529382283e-08
22 22 2.0203538719830089e-04
22 59 -1.0289572758654243e-07
23 11 -8.5162999776492933e-08
23 17 -8.6509146040955417e-08
23 20 -9.2682395962046098e-08
23 23 1.9595130309015842e-04
24 12 -8.2294575750731221e-08
24 18 -9.0231642917193648e-08
24 24 1.8916584361067113e-04
24 35 -8.9494043936316670e-08
25 2 -7.7357822427394534e-08
25 4 -1.0450190313609928e-07
25 25 1.9185956527087013e-04
25 33 -8.7001242715159238e-08
26 26 2.3047590701233628e-04
26 31 -8.9679451160329745e-08
26 54 -1.1513204043017828e-07
27 27 1.9557491964920364e-04
27 32 -8.2081967503332699e-08
27 53 -9.9120618780522499e-08
28 28 2.1869064065245533e-04
28 33 -9.5896725768168565e-08
28 55 -1.1327737427837666e-07
29 29 2.0898461021784899e-04
29 34 -8.9014857228771533e-08
29 52 -1.1014947399799316e-07
30 5 -8.3064971069327566e-08
30 13 -8.5277050562510040e-08
30 30 1.8876271200274290e-04
30 32 -9.2887624478819483e-08
31 12 -8.8257150612187314e-08
31 26 -8.9679451160329745e-08
31 31 2.1001877604462368e-04
31 49 -9.5378010874993828e-08
32 11 -8.7587660841977114e-08
32 27 -8.2081967503332699e-08
32 30 -9.2887624478819483e-08
32 32 1.9053846390676611e-04
33 14 -7.3393384446833018e-08
33 25 -8.7001242715159238e-08
33 28 -9.5896725768168565e-08
33 33 1.6953954812557937e-04
34 2 -8.7179349099382493e-08
34 14 -7.8008533697050207e-08
34 29 -8.9014857228771533e-08
34 34 1.7646866569890441e-04
35 6 -7.8993236502928030e-08
35 24 -8.9494043936316670e-08
35 35 1.7499800844541838e-04
35 65 -1.0222418510445945e-07
36 7 -8.0070885289514388e-08
36 19 -8.7732320425283137e-08
36 36 1.8625876589453504e-04
36 66 -1.0787265259700144e-07
37 37 1.8055816718814759e-04
37 41 -1.1073203906942737e-07
37 54 -6.4495536595491500e-08
38 38 1.7916719355908606e-04
38 42 -1.1139919646915082e-07
38 53 -6.8829405583726986e-08
39 39 1.7603354005846006e-04
39 40 -1.1139929568836899e-07
39 55 -6.5383497804886957e-08
40 39 -1.1139929568836899e-07
40 40 1.7916414747638396e-04
40 58 -6.8794150348725346e-08
41 37 -1.1073203906942737e-07
41 41 1.8053110080763527e-04
41 57 -6.8724682409324542e-08
42 38 -1.1139919646915082e-07
42 42 1.7603394946032910e-04
42 56 -6.5921730752260244e-08
43 43 1.7458754287407534e-04
43 44 -1.1206868655762692e-07
43 59 -6.9239871363083835e-08
44 43 -1.1206868655762692e-07
44 44 1.7458379896579217e-04
44 52 -6.5893662585409086e-08
45 1 -8.4724981579036127e-08
45 45 1.9159369822289003e-04
45 51 -9.9826345439372246e-08
45 64 -7.7835367563652321e-08
46 9 -9.8280001962357218e-08
46 21 -9.6926989090687720e-08
46 46 1.6649287862068171e-04
46 66 -7.0136235620515710e-08
47 8 -6.6769515559000170e-08
47 15 -9.9960336743149999e-08
47 47 1.7300587882279896e-04
47 50 -9.8860177288758793e-08
48 9 -6.6736928361847195e-08
48 15 -1.0135436102796524e-07
48 48 1.8199123535700149e-04
48 51 -1.0123784766068122e-07
49 8 -9.5331991750436440e-08
49 31 -9.5378010874993828e-08
49 49 1.6510991867967328e-04
49 65 -7.4123506834867705e-08
50 47 -9.8860177288758793e-08
50 50 1.6966059038752080e-04
50 64 -1.1185340344042563e-07
50 65 -7.1640235918688656e-08
51 45 -9.9826345439372246e-08
51 48 -1.0123784766068122e-07
51 51 1.7317158160381400e-04
51 66 -7.1545906265250208e-08
52 29 -1.1014947399799316e-07
52 44 -6.5893662585409086e-08
52 52 1.5823387698207913e-04
52 60 -8.7755393310313396e-08
53 27 -9.9120618780522499e-08
53 38 -6.8829405583726986e-08
53 53 1.4337288059803623e-04
53 61 -7.8450038211206087e-08
54 26 -1.1513204043017828e-07
54 37 -6.4495536595491500e-08
54 54 1.6315861611025718e-04
54 62 -8.7748638093796787e-08
55 28 -1.1327737427837666e-07
55 39 -6.5383497804886957e-08
55 55 1.5954820705324361e-04
55 63 -8.7787759061416788e-08
56 16 -1.1287692578463818e-07
56 42 -6.5921730752260244e-08
56 56 1.5615644930525328e-04
56 61 -8.3901256520949767e-08
57 17 -1.0149462190474833e-07
57 41 -6.8724682409324542e-08
57 57 1.4259849790829117e-04
57 62 -7.5970772222493274e-08
58 18 -1.0224904942112498e-07
58 40 -6.8794150348725346e-08
58 58 1.4188812041684957e-04
58 63 -7.5255968342239280e-08
59 22 -1.0289572758654243e-07
59 43 -6.9239871363083835e-08
59 59 1.4170685953624783e-04
59 60 -7.4856754879964742e-08
60 7 -9.7926560544154207e-08
60 52 -8.7755393310313396e-08
60 59 -7.4856754879964742e-08
60 60 1.5257811455549080e-04
61 5 -9.5873607235210864e-08
61 53 -7.8450038211206087e-08
61 56 -8.3901256520949767e-08
61 61 1.5334704878795213e-04
62 3 -9.2198372524441259e-08
62 54 -8.7748638093796787e-08
62 57 -7.5970772222493274e-08
62 62 1.5177524276564533e-04
63 6 -9.5969009977874190e-08
63 55 -8.7787759061416788e-08
63 58 -7.5255968342239280e-08
63 63 1.5009436024224058e-04
64 4 -7.2445932426060898e-08
64 45 -7.7835367563652321e-08
64 50 -1.1185340344042563e-07
64 64 1.7003429754726008e-04
65 35 -1.0222418510445945e-07
65 49 -7.4123506834867705e-08
65 50 -7.1640235918688656e-08
65 65 1.4120889972149070e-04
66 36 -1.0787265259700144e-07
66 46 -7.0136235620515710e-08
66 51 -7.1545906265250208e-08
66 66 1.4253634143749762e-04
