%%MatrixMarket matrix coordinate real general
66 66 244
1 1 2.4603306061329704e-04
1 2 -1.2470371821322430e-07
1 7 -9.1021840658773093e-08
1 45 -8.4724980173333784e-08
2 1 -1.2470371821322430e-07
2 2 2.1312048112690323e-04
2 25 -7.7357764367063648e-08
2 34 -8.7178687329871613e-08
3 3 1.9354558208309946e-04
3 8 -1.1135959721808884e-07
3 20 -8.2581390926041416e-08
3 62 -9.2203978495288708e-08
4 4 1.9100002783557372e-04
4 6 -1.0138959155502387e-07
4 25 -1.0450186792041873e-07
4 64 -7.2445936581637320e-08
5 5 2.0342550852349087e-04
5 9 -1.1021801659533234e-07
5 30 -8.3067154607452856e-08
5 61 -9.5876698813323056e-08
6 4 -1.0138959155502387e-07
6 6 1.8241714544846874e-04
6 35 -7.8995335945964964e-08
6 63 -9.5972074011402530e-08
7 1 -9.1021840658773093e-08
7 7 1.9574881540201832e-04
7 36 -8.0070856004596408e-08
7 60 -9.7926474241029748e-08
8 3 -1.1135959721808884e-07
8 8 1.7114848542130209e-04
8 47 -6.6769591511388883e-08
8 49 -9.5334307178663323e-08
9 5 -1.1021801659533234e-07
9 9 1.8033675633900411e-04
9 46 -9.8279976266450423e-08
9 48 -6.6736932548304255e-08
10 10 1.9650207900488316e-04
10 19 -8.3468320032663866e-08
10 21 -8.8182480541726932e-08
11 11 1.9668646646159063e-04
11 23 -8.5517818033816096e-08
11 32 -8.7958654457847555e-08
12 12 1.9671411222261281e-04
12 24 -8.2642109279842895e-08
12 31 -8.8608970867095114e-08
13 13 1.9075904674060621e-04
13 15 -8.8857426088160668e-08
13 20 -8.6072041961379835e-08
13 30 -8.5279330687181285e-08
14 14 1.5805586360083528e-04
14 33 -7.3388495500307320e-08
14 34 -7.8003379066346118e-08
15 13 -8.8857426088160668e-08
15 15 2.1911300034414399e-04
15 47 -9.9960343813460998e-08
15 48 -1.0135436575887710e-07
16 16 2.2112546700400602e-04
16 21 -8.9738503862922125e-08
16 56 -1.1287328336369816e-07
17 17 2.0017790727065561e-04
17 23 -8.6860406288350465e-08
17 57 -1.0197148806947072e-07
18 18 2.0329088137579606e-04
18 24 -9.0596682328413016e-08
18 58 -1.0271819730645846e-07
19 10 -8.3468320032663866e-08
19 19 1.8933188718065142e-04
19 22 -9.0188014423778946e-08
19 36 -8.7731690842325742e-08
20 3 -8.2581390926041416e-08
20 13 -8.6072041961379835e-08
20 20 1.8743197714704622e-04
20 23 -9.2728990241443075e-08
21 10 -8.8182480541726932e-08
21 16 -8.9738503862922125e-08
21 21 2.0884321927331059e-04
21 46 -9.6926331356082685e-08
22 19 -9.0188014423778946e-08
22 22 2.0220742251760520e-04
22 59 -1.0289000960175111e-07
23 11 -8.5517818033816096e-08
23 17 -8.6860406288350465e-08
23 20 -9.2728990241443075e-08
23 23 1.9403024220061865e-04
24 12 -8.2642109279842895e-08
24 18 -9.0596682328413016e-08
24 24 1.8727402345122899e-04
24 35 -8.9540671020415564e-08
25 2 -7.7357764367063648e-08
25 4 -1.0450186792041873e-07
25 25 1.9186113712713103e-04
25 33 -8.7000530384928712e-08
26 26 2.2585561962779193e-04
26 31 -8.9982181458127536e-08
26 54 -1.1556785672570978e-07
27 27 1.9129384201077294e-04
27 32 -8.2439068085407718e-08
27 53 -9.9612167805602967e-08
28 28 2.1885012084914165e-04
28 33 -9.5892286006103535e-08
28 55 -1.1327370300209021e-07
29 29 2.0915226384506379e-04
29 34 -8.9010501100999102e-08
29 52 -1.1014388735858331e-07
30 5 -8.3067154607452856e-08
30 13 -8.5279330687181285e-08
30 30 1.8866337068764786e-04
30 32 -9.2936187692736257e-08
31 12 -8.8608970867095114e-08
31 26 -8.9982181458127536e-08
31 31 2.0822039290776620e-04
31 49 -9.5423561309309463e-08
32 11 -8.7958654457847555e-08
32 27 -8.2439068085407718e-08
32 30 -9.2936187692736257e-08
32 32 1.8856626352912057e-04
33 14 -7.3388495500307320e-08
33 25 -8.7000530384928712e-08
33 28 -9.5892286006103535e-08
33 33 1.6956868419691612e-04
34 2 -8.7178687329871613e-08
34 14 -7.8003379066346118e-08
34 29 -8.9010501100999102e-08
34 34 1.7649925504426649e-04
35 6 -7.8995335945964964e-08
35 24 -8.9540671020415564e-08
35 35 1.7490669600157092e-04
35 65 -1.0222722488061264e-07
36 7 -8.0070856004596408e-08
36 19 -8.7731690842325742e-08
36 36 1.8626003520969011e-04
36 66 -1.0787260983369723e-07
37 37 1.7667445672012801e-04
37 41 -1.1174378986900380e-07
37 54 -6.4829552654755643e-08
38 38 1.7659544362608532e-04
38 42 -1.1190002806313986e-07
38 53 -6.9184192251080459e-08
39 39 1.7486286686546474e-04
39 40 -1.1190002882856289e-07
39 55 -6.5405434531805224e-08
40 39 -1.1190002882856289e-07
40 40 1.7659538468646884e-04
40 58 -6.9146090947406800e-08
41 37 -1.1174378986900380e-07
41 41 1.7667596036231628e-04
41 57 -6.9107375468327410e-08
42 38 -1.1190002806313986e-07
42 42 1.7486340807710554e-04
42 56 -6.5944012532137453e-08
43 43 1.7478533398690256e-04
43 44 -1.1205657166495348e-07
43 59 -6.9235213830679430e-08
44 43 -1.1205657166495348e-07
44 44 1.7478195762708420e-04
44 52 -6.5889444034411294e-08
45 1 -8.4724980173333784e-08
45 45 1.9159369805441144e-04
45 51 -9.9826345350353504e-08
45 64 -7.7835367771725276e-08
46 9 -9.8279976266450423e-08
46 21 -9.6926331356082685e-08
46 46 1.6649406672239919e-04
46 66 -7.0136208206497646e-08
47 8 -6.6769591511388883e-08
47 15 -9.9960343813460998e-08
47 47 1.7300577700532228e-04
47 50 -9.8860185730424882e-08
48 9 -6.6736932548304255e-08
48 15 -1.0135436575887710e-07
48 48 1.8199122613878248e-04
48 51 -1.0123784781959887e-07
49 8 -9.5334307178663323e-08
49 31 -9.5423561309309463e-08
49 49 1.6502756140012964e-04
49 65 -7.4125555027352056e-08
50 47 -9.8860185730424882e-08
50 50 1.6966038793136403e-04
50 64 -1.1185341023578335e-07
50 65 -7.1640388741245179e-08
51 45 -9.9826345350353504e-08
51 48 -1.0123784781959887e-07
51 51 1.7317158511616953e-04
51 66 -7.1545904182732701e-08
52 29 -1.1014388735858331e-07
52 44 -6.5889444034411294e-08
52 52 1.5826178212415858e-04
52 60 -8.7754544071598366e-08
53 27 -9.9612167805602967e-08
53 38 -6.9184192251080459e-08
53 53 1.4318149416565483e-04
53 61 -7.8503910423868406e-08
54 26 -1.1556785672570978e-07
54 37 -6.4829552654755643e-08
54 54 1.6130106813241326e-04
54 62 -8.7805642001672252e-08
55 28 -1.1327370300209021e-07
55 39 -6.5405434531805224e-08
55 55 1.5951789934521868e-04
55 63 -8.7791318667206262e-08
56 16 -1.1287328336369816e-07
56 42 -6.5944012532137453e-08
56 56 1.5612549670027801e-04
56 61 -8.3904910139994681e-08
57 17 -1.0197148806947072e-07
57 41 -6.9107375468327410e-08
57 57 1.4240822811632112e-04
57 62 -7.6025951193848893e-08
58 18 -1.0271819730645846e-07
58 40 -6.9146090947406800e-08
58 58 1.4177078817059801e-04
58 63 -7.5306478655437350e-08
59 22 -1.0289000960175111e-07
59 43 -6.9235213830679430e-08
59 59 1.4173511062115428e-04
59 60 -7.4855983582435548e-08
60 7 -9.7926474241029748e-08
60 52 -8.7754544071598366e-08
60 59 -7.4855983582435548e-08
60 60 1.5258114602279932e-04
61 5 -9.5876698813323056e-08
61 53 -7.8503910423868406e-08
61 56 -8.3904910139994681e-08
61 61 1.5323478019177680e-04
62 3 -9.2203978495288708e-08
62 54 -8.7805642001672252e-08
62 57 -7.6025951193848893e-08
62 62 1.5156780580814885e-04
63 6 -9.5972074011402530e-08
63 55 -8.7791318667206262e-08
63 58 -7.5306478655437350e-08
63 63 1.4999097666458896e-04
64 4 -7.2445936581637320e-08
64 45 -7.7835367771725276e-08
64 50 -1.1185341023578335e-07
64 64 1.7003428780011602e-04
65 35 -1.0222722488061264e-07
65 49 -7.4125555027352056e-08
65 50 -7.1640388741245179e-08
65 65 1.4120225724454237e-04
66 36 -1.0787260983369723e-07
66 46 -7.0136208206497646e-08
66 51 -7.1545904182732701e-08
66 66 1.4253643156853692e-04
