%%MatrixMarket matrix coordinate real general
66 66 244
1 1 5.6677685591210363e-05
1 2 -1.3204595568499524e-05
1 7 -9.6427707124373145e-06
1 45 -9.3303386780957564e-06
2 1 -1.3204595568499524e-05
2 2 5.2070650953334511e-05
2 25 -8.0958378640768214e-06
2 34 -9.2329213160260479e-06
3 3 5.6591482127545448e-05
3 8 -1.3911996219241226e-05
3 20 -1.0291653138724124e-05
3 62 -1.1746537697909197e-05
4 4 5.0250444744599006e-05
4 6 -1.1346264000722018e-05
4 25 -1.1534136714974323e-05
4 64 -8.0907953954162981e-06
5 5 5.3439672105694417e-05
5 9 -1.2437353395240295e-05
5 30 -9.7746773756122443e-06
5 61 -1.0720265425734233e-05
6 4 -1.1346264000722018e-05
6 6 4.9393228218651360e-05
6 35 -9.2225531656372168e-06
6 63 -1.0627095368762942e-05
7 1 -9.6427707124373145e-06
7 7 4.8051801427823076e-05
7 36 -8.3655733719046346e-06
7 60 -1.0262753349266024e-05
8 3 -1.3911996219241226e-05
8 8 5.2026442179546016e-05
8 47 -8.2569957907759703e-06
8 49 -1.1607028626452795e-05
9 5 -1.2437353395240295e-05
9 9 4.9019935176735407e-05
9 46 -1.0940684584068175e-05
9 48 -7.4602335484466374e-06
10 10 5.5227809874996661e-05
10 19 -8.4549303338116473e-06
10 21 -9.0275445858948325e-06
11 11 5.1650266540450052e-05
11 23 -8.6879238883500420e-06
11 32 -8.9061702533011007e-06
12 12 5.1092594596031189e-05
12 24 -8.3211243856186810e-06
12 31 -8.9655877524748126e-06
13 13 5.1336097048237676e-05
13 15 -1.0680608006830342e-05
13 20 -1.0640165526354598e-05
13 30 -1.0196318460002147e-05
14 14 5.3487767677532902e-05
14 33 -7.4885838918055384e-06
14 34 -7.8623858808350050e-06
15 13 -1.0680608006830342e-05
15 15 5.7048900675148727e-05
15 47 -1.1739528034168155e-05
15 48 -1.1908082143629755e-05
16 16 5.7703258326642459e-05
16 21 -9.1236593517065161e-06
16 56 -1.1274223876174510e-05
17 17 5.7173165238796553e-05
17 23 -9.4642311566063713e-06
17 57 -1.1059274148112854e-05
18 18 4.9994340945629201e-05
18 24 -8.5883580801830787e-06
18 58 -9.5910582998086539e-06
19 10 -8.4549303338116473e-06
19 19 4.5471415595968222e-05
19 22 -9.1644376749013709e-06
19 36 -9.1714562058233309e-06
20 3 -1.0291653138724124e-05
20 13 -1.0640165526354598e-05
20 20 5.2574422023047498e-05
20 23 -1.1914099197940260e-05
21 10 -9.0275445858948325e-06
21 16 -9.1236593517065161e-06
21 21 4.8847338828970572e-05
21 46 -1.0185553887014436e-05
22 19 -9.1644376749013709e-06
22 22 5.7861217943440754e-05
22 59 -1.0374043735583666e-05
23 11 -8.6879238883500420e-06
23 17 -9.4642311566063713e-06
23 20 -1.1914099197940260e-05
23 23 5.1299046505614943e-05
24 12 -8.3211243856186810e-06
24 18 -8.5883580801830787e-06
24 24 4.6982090435337907e-05
24 35 -1.0845256255627578e-05
25 2 -8.0958378640768214e-06
25 4 -1.1534136714974323e-05
25 25 4.7484002896181113e-05
25 33 -9.0791265121517956e-06
26 26 5.9299805803148128e-05
26 31 -9.8480844526195442e-06
26 54 -1.2602244400489131e-05
27 27 4.8936184220183704e-05
27 32 -7.8093331581514310e-06
27 53 -9.2854154979591300e-06
28 28 5.8246838942386567e-05
28 33 -9.7181736207061460e-06
28 55 -1.1346249026880276e-05
29 29 5.8496552378434202e-05
29 34 -9.0041415100424981e-06
29 52 -1.1125402344973098e-05
30 5 -9.7746773756122443e-06
30 13 -1.0196318460002147e-05
30 30 5.0383333712810920e-05
30 32 -1.1297608739190805e-05
31 12 -8.9655877524748126e-06
31 26 -9.8480844526195442e-06
31 31 5.3649521260715636e-05
31 49 -1.2189037127941255e-05
32 11 -8.9061702533011007e-06
32 27 -7.8093331581514310e-06
32 30 -1.1297608739190805e-05
32 32 4.7447394039465372e-05
33 14 -7.4885838918055384e-06
33 25 -9.0791265121517956e-06
33 28 -9.7181736207061460e-06
33 33 4.2893848907918838e-05
34 2 -9.2329213160260479e-06
34 14 -7.8623858808350050e-06
34 29 -9.0041415100424981e-06
34 34 4.3404938811789735e-05
35 6 -9.2225531656372168e-06
35 24 -1.0845256255627578e-05
35 35 4.9993300124753250e-05
35 65 -1.2174792120241965e-05
36 7 -8.3655733719046346e-06
36 19 -9.1714562058233309e-06
36 36 4.7553228116991819e-05
36 66 -1.1506931073952153e-05
37 37 6.0526732241241230e-05
37 41 -1.3048063596345476e-05
37 54 -7.6628634490109689e-06
38 38 4.4202757279775002e-05
38 42 -9.2760531323832678e-06
38 53 -5.9212274989912223e-06
39 39 4.2160868983397761e-05
39 40 -9.2715324935887058e-06
39 55 -6.1360514227774896e-06
40 39 -9.2715324935887058e-06
40 40 4.4186163090535326e-05
40 58 -5.9193225919378303e-06
41 37 -1.3048063596345476e-05
41 41 6.1161220887648537e-05
41 57 -8.1794156695057151e-06
42 38 -9.2760531323832678e-06
42 42 4.2228220458507118e-05
42 56 -6.1676974973537302e-06
43 43 5.5507028288837854e-05
43 44 -1.1194233620317356e-05
43 59 -6.9914184341077649e-06
44 43 -1.1194233620317356e-05
44 44 5.5172372688746366e-05
44 52 -6.6652795401195285e-06
45 1 -9.3303386780957564e-06
45 45 4.8522238813434123e-05
45 51 -1.1015174163679498e-05
45 64 -8.7147957187990857e-06
46 9 -1.0940684584068175e-05
46 21 -1.0185553887014436e-05
46 46 4.4681821699116641e-05
46 66 -7.3544261490515641e-06
47 8 -8.2569957907759703e-06
47 15 -1.1739528034168155e-05
47 47 4.9456063709139583e-05
47 50 -1.1601510307681928e-05
48 9 -7.4602335484466374e-06
48 15 -1.1908082143629755e-05
48 48 4.9096220295011974e-05
48 51 -1.1337014148904872e-05
49 8 -1.1607028626452795e-05
49 31 -1.2189037127941255e-05
49 49 5.0031508159316136e-05
49 65 -9.0240400299030258e-06
50 47 -1.1601510307681928e-05
50 50 5.0725410857021771e-05
50 64 -1.2999492515584233e-05
50 65 -8.5790146683277660e-06
51 45 -1.1015174163679498e-05
51 48 -1.1337014148904872e-05
51 51 4.7719791252903173e-05
51 66 -7.9026303629805569e-06
52 29 -1.1125402344973098e-05
52 44 -6.6652795401195285e-06
52 52 4.2457180963505042e-05
52 60 -8.9239700315893577e-06
53 27 -9.2854154979591300e-06
53 38 -5.9212274989912223e-06
53 53 3.6562324755851104e-05
53 61 -8.4047257088161110e-06
54 26 -1.2602244400489131e-05
54 37 -7.6628634490109689e-06
54 54 4.9641073892098659e-05
54 62 -1.1490910983182173e-05
55 28 -1.1346249026880276e-05
55 39 -6.1360514227774896e-06
55 55 4.1571592906002580e-05
55 63 -9.2974948411774667e-06
56 16 -1.1274223876174510e-05
56 42 -6.1676974973537302e-06
56 56 4.0728952791678393e-05
56 61 -8.9602070833993944e-06
57 17 -1.1059274148112854e-05
57 41 -8.1794156695057151e-06
57 57 4.5044927628377904e-05
57 62 -9.9730486971431003e-06
58 18 -9.5910582998086539e-06
58 40 -5.9193225919378303e-06
58 58 3.6428182210446923e-05
58 63 -8.0672109958756303e-06
59 22 -1.0374043735583666e-05
59 43 -6.9914184341077649e-06
59 59 3.9045493932190440e-05
59 60 -7.6109837608391683e-06
60 7 -1.0262753349266024e-05
60 52 -8.9239700315893577e-06
60 59 -7.6109837608391683e-06
60 60 4.1861032447473729e-05
61 5 -1.0720265425734233e-05
61 53 -8.4047257088161110e-06
61 56 -8.9602070833993944e-06
61 61 4.2658326855471132e-05
62 3 -1.1746537697909197e-05
62 54 -1.1490910983182173e-05
62 57 -9.9730486971431003e-06
62 62 4.9419009221099506e-05
63 6 -1.0627095368762942e-05
63 55 -9.2974948411774667e-06
63 58 -8.0672109958756303e-06
63 63 4.2103142344659836e-05
64 4 -8.0907953954162981e-06
64 45 -8.7147957187990857e-06
64 50 -1.2999492515584233e-05
64 64 4.6969348330026394e-05
65 35 -1.2174792120241965e-05
65 49 -9.0240400299030258e-06
65 50 -8.5790146683277660e-06
65 65 4.4548864010323480e-05
66 36 -1.1506931073952153e-05
66 46 -7.3544261490515641e-06
66 51 -7.9026303629805569e-06
66 66 4.1058784338257529e-05
