%%MatrixMarket matrix coordinate real general
66 66 244
1 1 2.4603189320538332e-04
1 2 -1.2470403558992824e-07
1 7 -9.1021915002344986e-08
1 45 -8.4725002327263825e-08
2 1 -1.2470403558992824e-07
2 2 2.1310942095846777e-04
2 25 -7.7358153702293237e-08
2 34 -8.7181017570186793e-08
3 3 1.9372061000966378e-04
3 8 -1.1135272717486134e-07
3 20 -8.2564512696608778e-08
3 62 -9.2165011165165130e-08
4 4 1.9100676257719249e-04
4 6 -1.0138662609346393e-07
4 25 -1.0450195564199987e-07
4 64 -7.2445795477463152e-08
5 5 2.0354243289986634e-04
5 9 -1.1021462862610677e-07
5 30 -8.3051193569141917e-08
5 61 -9.5855108455638678e-08
6 4 -1.0138662609346393e-07
6 6 1.8252603426467421e-04
6 35 -7.8980030353939307e-08
6 63 -9.5950600112100948e-08
7 1 -9.1021915002344986e-08
7 7 1.9574617458983454e-04
7 36 -8.0071084614215052e-08
7 60 -9.7927081912264189e-08
8 3 -1.1135272717486134e-07
8 8 1.7120944179140860e-04
8 47 -6.6768391425130371e-08
8 49 -9.5317658666290923e-08
9 5 -1.1021462862610677e-07
9 9 1.8034392979026192e-04
9 46 -9.8279985306356361e-08
9 48 -6.6736796051724846e-08
10 10 1.9616629961074784e-04
10 19 -8.3477171204836150e-08
10 21 -8.8191286118341359e-08
11 11 2.0321242378288054e-04
11 23 -8.4763718158972970e-08
11 32 -8.7169659909756491e-08
12 12 2.0318462536104647e-04
12 24 -8.1904968152612064e-08
12 31 -8.7863084042972957e-08
13 13 1.9085161595103838e-04
13 15 -8.8855390314553886e-08
13 20 -8.6056063310209621e-08
13 30 -8.5262881583550623e-08
14 14 1.5770556594901474e-04
14 33 -7.3398060327140773e-08
14 34 -7.8013541507012418e-08
15 13 -8.8855390314553886e-08
15 15 2.1911864355387301e-04
15 47 -9.9960121785663126e-08
15 48 -1.0135421714934307e-07
16 16 2.2084786836185991e-04
16 21 -8.9745791285815503e-08
16 56 -1.1287282661319766e-07
17 17 2.0622973665117275e-04
17 23 -8.6109004997520561e-08
17 57 -1.0095196466596357e-07
18 18 2.0894372640151580e-04
18 24 -8.9814707603790307e-08
18 58 -1.0171998562075147e-07
19 10 -8.3477171204836150e-08
19 19 1.8923889986926124e-04
19 22 -9.0197338761240652e-08
19 36 -8.7733959217537708e-08
20 3 -8.2564512696608778e-08
20 13 -8.6056063310209621e-08
20 20 1.8807519497731438e-04
20 23 -9.2560768983608920e-08
21 10 -8.8191286118341359e-08
21 16 -8.9745791285815503e-08
21 21 2.0875511875749478e-04
21 46 -9.6928673240030581e-08
22 19 -9.0197338761240652e-08
22 22 2.0187629073169691e-04
22 59 -1.0290219730818264e-07
23 11 -8.4763718158972970e-08
23 17 -8.6109004997520561e-08
23 20 -9.2560768983608920e-08
23 23 1.9557599590558150e-04
24 12 -8.1904968152612064e-08
24 18 -8.9814707603790307e-08
24 24 1.8887630676534247e-04
24 35 -8.9372894287918187e-08
25 2 -7.7358153702293237e-08
25 4 -1.0450195564199987e-07
25 25 1.9185085879220887e-04
25 33 -8.7002966997535334e-08
26 26 2.3176307396738789e-04
26 31 -8.9317241916265588e-08
26 54 -1.1460983612083051e-07
27 27 1.9823290433459718e-04
27 32 -8.1684634650377098e-08
27 53 -9.8580639611696677e-08
28 28 2.1857051907307829e-04
28 33 -9.5901104652184148e-08
28 55 -1.1327337968135468e-07
29 29 2.0882585498287209e-04
29 34 -8.9019923329765488e-08
29 52 -1.1015595595904722e-07
30 5 -8.3051193569141917e-08
30 13 -8.5262881583550623e-08
30 30 1.8933816727437290e-04
30 32 -9.2761824710972540e-08
31 12 -8.7863084042972957e-08
31 26 -8.9317241916265588e-08
31 31 2.1179166788985320e-04
31 49 -9.5257370848651451e-08
32 11 -8.7169659909756491e-08
32 27 -8.1684634650377098e-08
32 30 -9.2761824710972540e-08
32 32 1.9036711612923556e-04
33 14 -7.3398060327140773e-08
33 25 -8.7002966997535334e-08
33 28 -9.5901104652184148e-08
33 33 1.6947371455302193e-04
34 2 -8.7181017570186793e-08
34 14 -7.8013541507012418e-08
34 29 -8.9019923329765488e-08
34 34 1.7639726731958727e-04
35 6 -7.8980030353939307e-08
35 24 -8.9372894287918187e-08
35 35 1.7552478308337924e-04
35 65 -1.0220533469245642e-07
36 7 -8.0071084614215052e-08
36 19 -8.7733959217537708e-08
36 36 1.8625125057409445e-04
36 66 -1.0787292407978193e-07
37 37 1.8357949207064100e-04
37 41 -1.0973343224258514e-07
37 54 -6.4113040764674543e-08
38 38 1.8161086265360384e-04
38 42 -1.1090544294491015e-07
38 53 -6.8456408819195579e-08
39 39 1.7644676152898717e-04
39 40 -1.1090606117208960e-07
39 55 -6.5329967757731378e-08
40 39 -1.1090606117208960e-07
40 40 1.8159378781066853e-04
40 58 -6.8425171220346983e-08
41 37 -1.0973343224258514e-07
41 41 1.8354533926694485e-04
41 57 -6.8286097580519101e-08
42 38 -1.1090544294491015e-07
42 42 1.7644755365115716e-04
42 56 -6.5867295008150708e-08
43 43 1.7440055374958924e-04
43 44 -1.1208015080718703e-07
43 59 -6.9245147291735127e-08
44 43 -1.1208015080718703e-07
44 44 1.7439658133915271e-04
44 52 -6.5898449128123911e-08
45 1 -8.4725002327263825e-08
45 45 1.9159367569719277e-04
45 51 -9.9826347331818908e-08
45 64 -7.7835354535573555e-08
46 9 -9.8279985306356361e-08
46 21 -9.6928673240030581e-08
46 46 1.6648639470008019e-04
46 66 -7.0136399117832638e-08
47 8 -6.6768391425130371e-08
47 15 -9.9960121785663126e-08
47 47 1.7300923931295355e-04
47 50 -9.8859928841631871e-08
48 9 -6.6736796051724846e-08
48 15 -1.0135421714934307e-07
48 48 1.8199176767560039e-04
48 51 -1.0123783438337102e-07
49 8 -9.5317658666290923e-08
49 31 -9.5257370848651451e-08
49 49 1.6558879539456010e-04
49 65 -7.4110600507777709e-08
50 47 -9.8859928841631871e-08
50 50 1.6966622789487006e-04
50 64 -1.1185320349194191e-07
50 65 -7.1638251696121488e-08
51 45 -9.9826347331818908e-08
51 48 -1.0123783438337102e-07
51 51 1.7317153205788371e-04
51 66 -7.1545932649266307e-08
52 29 -1.1015595595904722e-07
52 44 -6.5898449128123911e-08
52 52 1.5816604718542649e-04
52 60 -8.7757709931843578e-08
53 27 -9.8580639611696677e-08
53 38 -6.8456408819195579e-08
53 53 1.4596306829487752e-04
53 61 -7.8317460683218509e-08
54 26 -1.1460983612083051e-07
54 37 -6.4113040764674543e-08
54 54 1.6346449056394850e-04
54 62 -8.7591560182559277e-08
55 28 -1.1327337968135468e-07
55 39 -6.5329967757731378e-08
55 55 1.5980703436658427e-04
55 63 -8.7765634874849869e-08
56 16 -1.1287282661319766e-07
56 42 -6.5867295008150708e-08
56 56 1.5641807088449035e-04
56 61 -8.3878824697160979e-08
57 17 -1.0095196466596357e-07
57 41 -6.8286097580519101e-08
57 57 1.4538092799100749e-04
57 62 -7.5822474306638634e-08
58 18 -1.0171998562075147e-07
58 40 -6.8425171220346983e-08
58 58 1.4432295458421363e-04
58 63 -7.5131198735107076e-08
59 22 -1.0290219730818264e-07
59 43 -6.9245147291735127e-08
59 59 1.4163948798583175e-04
59 60 -7.4858826424967388e-08
60 7 -9.7927081912264189e-08
60 52 -8.7757709931843578e-08
60 59 -7.4858826424967388e-08
60 60 1.5256105290302127e-04
61 5 -9.5855108455638678e-08
61 53 -7.8317460683218509e-08
61 56 -8.3878824697160979e-08
61 61 1.5396484200356199e-04
62 3 -9.2165011165165130e-08
62 54 -8.7591560182559277e-08
62 57 -7.5822474306638634e-08
62 62 1.5293148425068713e-04
63 6 -9.5950600112100948e-08
63 55 -8.7765634874849869e-08
63 58 -7.5131198735107076e-08
63 63 1.5066575830290449e-04
64 4 -7.2445795477463152e-08
64 45 -7.7835354535573555e-08
64 50 -1.1185320349194191e-07
64 64 1.7003494330852217e-04
65 35 -1.0220533469245642e-07
65 49 -7.4110600507777709e-08
65 50 -7.1638251696121488e-08
65 65 1.4129257221538573e-04
66 36 -1.0787292407978193e-07
66 46 -7.0136399117832638e-08
66 51 -7.1545932649266307e-08
66 66 1.4253519953656040e-04
