%%MatrixMarket matrix coordinate real general
66 66 244
1 1 2.4603275077960958e-04
1 2 -1.2470384038630836e-07
1 7 -9.1021861248245853e-08
1 45 -8.4724986043946691e-08
2 1 -1.2470384038630836e-07
2 2 2.1311608896244064e-04
2 25 -7.7357921976083778e-08
2 34 -8.7179974445215528e-08
3 3 1.9359508258379396e-04
3 8 -1.1135768193349057e-07
3 20 -8.2575088581440669e-08
3 62 -9.2188587324460262e-08
4 4 1.9100129259388849e-04
4 6 -1.0138876025425405e-07
4 25 -1.0450194413615022e-07
4 64 -7.2445910719657076e-08
5 5 2.0345880247927883e-04
5 9 -1.1021706910357004e-07
5 30 -8.3061031451207488e-08
5 61 -9.5868194989840238e-08
6 4 -1.0138876025425405e-07
6 6 1.8244825532377778e-04
6 35 -7.8989456696453366e-08
6 63 -9.5963632811087900e-08
7 1 -9.1021861248245853e-08
7 7 1.9574807162188904e-04
7 36 -8.0070940503618497e-08
7 60 -9.7926712428359174e-08
8 3 -1.1135768193349057e-07
8 8 1.7116466831621659e-04
8 47 -6.6769277978824160e-08
8 49 -9.5327874090042300e-08
9 5 -1.1021706910357004e-07
9 9 1.8033811896550598e-04
9 46 -9.8280024562395941e-08
9 48 -6.6736907099332286e-08
10 10 1.9625027940523557e-04
10 19 -8.3474590240282858e-08
10 21 -8.8188741755650186e-08
11 11 2.0290927038212406e-04
11 23 -8.4986494776274259e-08
11 32 -8.7402831068244109e-08
12 12 2.0290808021275768e-04
12 24 -8.2122057463421540e-08
12 31 -8.8082985947974030e-08
13 13 1.9078496089571876e-04
13 15 -8.8856865583857123e-08
13 20 -8.6065916559243747e-08
13 30 -8.5272976831411216e-08
14 14 1.5778219638577049e-04
14 33 -7.3395559891247094e-08
14 34 -7.8010844888631913e-08
15 13 -8.8856865583857123e-08
15 15 2.1911408193112613e-04
15 47 -9.9960302323498426e-08
15 48 -1.0135433798355547e-07
16 16 2.2090286729594470e-04
16 21 -8.9743930254199653e-08
16 56 -1.1287664788868783e-07
17 17 2.0598026277338682e-04
17 23 -8.6332933293938754e-08
17 57 -1.0125530116418905e-07
18 18 2.0878305757529158e-04
18 24 -9.0047914539614971e-08
18 58 -1.0201443917197697e-07
19 10 -8.3474590240282858e-08
19 19 1.8927988156133743e-04
19 22 -9.0194574141649238e-08
19 36 -8.7732927975344445e-08
20 3 -8.2575088581440669e-08
20 13 -8.6065916559243747e-08
20 20 1.8768756036732453e-04
20 23 -9.2637285189217525e-08
21 10 -8.8188741755650186e-08
21 16 -8.9743930254199653e-08
21 21 2.0879359074825820e-04
21 46 -9.6927623101811986e-08
22 19 -9.0194574141649238e-08
22 22 2.0196100296926626e-04
22 59 -1.0289858962097108e-07
23 11 -8.4986494776274259e-08
23 17 -8.6332933293938754e-08
23 20 -9.2637285189217525e-08
23 23 1.9524400902746865e-04
24 12 -8.2122057463421540e-08
24 18 -9.0047914539614971e-08
24 24 1.8851361380959838e-04
24 35 -8.9449002788623067e-08
25 2 -7.7357921976083778e-08
25 4 -1.0450194413615022e-07
25 25 1.9185689579712898e-04
25 33 -8.7001904290705476e-08
26 26 2.3215547779652525e-04
26 31 -8.9522248486702907e-08
26 54 -1.1490506940793944e-07
27 27 1.9551875358238524e-04
27 32 -8.1905546160278009e-08
27 53 -9.8879388653748168e-08
28 28 2.1862667735967730e-04
28 33 -9.5898842176773354e-08
28 55 -1.1327712637828451e-07
29 29 2.0891094257206099e-04
29 34 -8.9017084768575180e-08
29 52 -1.1015231844908473e-07
30 5 -8.3061031451207488e-08
30 13 -8.5272976831411216e-08
30 30 1.8893327465415770e-04
30 32 -9.2840797254714277e-08
31 12 -8.8082985947974030e-08
31 26 -8.9522248486702907e-08
31 31 2.0904628871268872e-04
31 49 -9.5333680387026323e-08
32 11 -8.7402831068244109e-08
32 27 -8.1905546160278009e-08
32 30 -9.2840797254714277e-08
32 32 1.8993279453583344e-04
33 14 -7.3395559891247094e-08
33 25 -8.7001904290705476e-08
33 28 -9.5898842176773354e-08
33 33 1.6951363473171466e-04
34 2 -8.7179974445215528e-08
34 14 -7.8010844888631913e-08
34 29 -8.9017084768575180e-08
34 34 1.7644109182367917e-04
35 6 -7.8989456696453366e-08
35 24 -8.9449002788623067e-08
35 35 1.7515433314283101e-04
35 65 -1.0221875940972548e-07
36 7 -8.0070940503618497e-08
36 19 -8.7732927975344445e-08
36 36 1.8625655933603803e-04
36 66 -1.0787273003693452e-07
37 37 1.8168469131374376e-04
37 41 -1.1027085667126332e-07
37 54 -6.4326029117113279e-08
38 38 1.8137331982000322e-04
38 42 -1.1117134279428764e-07
38 53 -6.8660377906203240e-08
39 39 1.7709135979847553e-04
39 40 -1.1117160255772139e-07
39 55 -6.5362984063070202e-08
40 39 -1.1117160255772139e-07
40 40 1.8136561495959096e-04
40 58 -6.8626827933872490e-08
41 37 -1.1027085667126332e-07
41 41 1.8164810686865042e-04
41 57 -6.8530220668504008e-08
42 38 -1.1117134279428764e-07
42 42 1.7709173494129650e-04
42 56 -6.5900880345454689e-08
43 43 1.7449997480136080e-04
43 44 -1.1207405543473896e-07
43 59 -6.9242219061070036e-08
44 43 -1.1207405543473896e-07
44 44 1.7449606285847852e-04
44 52 -6.5895790087686812e-08
45 1 -8.4724986043946691e-08
45 45 1.9159369312150720e-04
45 51 -9.9826345858670933e-08
45 64 -7.7835366039767230e-08
46 9 -9.8280024562395941e-08
46 21 -9.6927623101811986e-08
46 46 1.6649087194947206e-04
46 66 -7.0136284218450020e-08
47 8 -6.6769277978824160e-08
47 15 -9.9960302323498426e-08
47 47 1.7300639413834966e-04
47 50 -9.8860136897221969e-08
48 9 -6.6736907099332286e-08
48 15 -1.0135433798355547e-07
48 48 1.8199129882343120e-04
48 51 -1.0123784620837795e-07
49 8 -9.5327874090042300e-08
49 31 -9.5333680387026323e-08
49 49 1.6525152054152432e-04
49 65 -7.4119816910689576e-08
50 47 -9.8860136897221969e-08
50 50 1.6966153585634965e-04
50 64 -1.1185337080936701e-07
50 65 -7.1639790310682967e-08
51 45 -9.9826345858670933e-08
51 48 -1.0123784620837795e-07
51 51 1.7317157076776797e-04
51 66 -7.1545912298674361e-08
52 29 -1.1015231844908473e-07
52 44 -6.5895790087686812e-08
52 52 1.5820807760689553e-04
52 60 -8.7756238720271447e-08
53 27 -9.8879388653748168e-08
53 38 -6.8660377906203240e-08
53 53 1.4512115735130972e-04
53 61 -7.8399703961851183e-08
54 26 -1.1490506940793944e-07
54 37 -6.4326029117113279e-08
54 54 1.6280605577508720e-04
54 62 -8.7691335017043903e-08
55 28 -1.1327712637828451e-07
55 39 -6.5362984063070202e-08
55 55 1.5962037441744780e-04
55 63 -8.7781221680213797e-08
56 16 -1.1287664788868783e-07
56 42 -6.5900880345454689e-08
56 56 1.5622952404826846e-04
56 61 -8.3894606070759172e-08
57 17 -1.0125530116418905e-07
57 41 -6.8530220668504008e-08
57 57 1.4438808195424565e-04
57 62 -7.5916211146848475e-08
58 18 -1.0201443917197697e-07
58 40 -6.8626827933872490e-08
58 58 1.4356319225830781e-04
58 63 -7.5208608790592630e-08
59 22 -1.0289858962097108e-07
59 43 -6.9242219061070036e-08
59 59 1.4168104293239985e-04
59 60 -7.4857515131519952e-08
60 7 -9.7926712428359174e-08
60 52 -8.7756238720271447e-08
60 59 -7.4857515131519952e-08
60 60 1.5257298463267619e-04
61 5 -9.5868194989840238e-08
61 53 -7.8399703961851183e-08
61 56 -8.3894606070759172e-08
61 61 1.5353449758197214e-04
62 3 -9.2188587324460262e-08
62 54 -8.7691335017043903e-08
62 57 -7.5916211146848475e-08
62 62 1.5212415721934316e-04
63 6 -9.5963632811087900e-08
63 55 -8.7781221680213797e-08
63 58 -7.5208608790592630e-08
63 63 1.5026737860374337e-04
64 4 -7.2445910719657076e-08
64 45 -7.7835366039767230e-08
64 50 -1.1185337080936701e-07
64 64 1.7003437534401512e-04
65 35 -1.0221875940972548e-07
65 49 -7.4119816910689576e-08
65 50 -7.1639790310682967e-08
65 65 1.4122798077340602e-04
66 36 -1.0787273003693452e-07
66 46 -7.0136284218450020e-08
66 51 -7.1545912298674361e-08
66 66 1.4253608013334291e-04
