%%MatrixMarket matrix coordinate real general
2128 2128 8392
1 1 3.9550812500587040e-05
1 5 -1.5496545743906452e-05
1 84 -1.3073355030989244e-05
1 587 -1.0611384325074116e-05
2 2 3.0399948601675744e-05
2 18 -1.1584761867245908e-05
2 21 -1.0703096559226829e-05
2 471 -7.9819138618163805e-06
3 3 3.7736680575542915e-05
3 28 -1.2787216098870331e-05
3 29 -1.4597971992807191e-05
3 1480 -9.5654848042968466e-06
4 4 2.8969704118692287e-05
4 14 -1.0990379430271134e-05
4 95 -9.6355764332534993e-06
4 1216 -8.0142210407750135e-06
5 1 -1.5496545743906452e-05
5 5 3.5739804775297873e-05
5 1919 -9.0027719654319634e-06
5 1924 -1.0963268575796170e-05
6 6 3.0316926476567901e-05
6 17 -1.0524749219206743e-05
6 48 -1.1312799488917727e-05
6 1434 -8.3521606170162631e-06
7 7 2.9760396583865851e-05
7 11 -1.0918925414526986e-05
7 85 -1.0881147876667290e-05
7 241 -7.8448411205077521e-06
8 8 3.8587109325453633e-05
8 26 -1.4165372798391008e-05
8 79 -1.3096991695437998e-05
8 1261 -1.0625759443933512e-05
9 9 3.8599051978759832e-05
9 40 -1.3987852777885447e-05
9 61 -1.3159418930362354e-05
9 1584 -1.0738825431594318e-05
10 10 3.0156081411400391e-05
10 41 -1.1156843207896042e-05
10 62 -1.0425813890511545e-05
10 344 -8.4551232701859590e-06
11 7 -1.0918925414526986e-05
11 11 2.7308614914197801e-05
11 86 -7.5780233859569005e-06
11 1860 -8.7171885055385066e-06
12 12 3.8109511050460275e-05
12 45 -1.4080562584985332e-05
12 55 -1.2605460978047006e-05
12 288 -1.1047515056041345e-05
13 13 2.9167211054045965e-05
13 25 -1.1598572748363290e-05
13 144 -7.2266804448623003e-06
13 1877 -1.0058673664788600e-05
14 4 -1.0990379430271134e-05
14 14 2.7443011554602762e-05
14 1861 -7.1777030973342617e-06
14 1926 -9.0053633229363567e-06
15 15 3.8652141970669746e-05
15 42 -1.4539418504778315e-05
15 78 -1.2602716151072691e-05
15 1672 -1.0781063101378856e-05
16 16 3.2473415068218882e-05
16 51 -9.1335271775952775e-06
16 82 -1.1592099761570617e-05
16 109 -1.1357914914109652e-05
17 6 -1.0524749219206743e-05
17 17 2.9464003507622477e-05
17 1151 -8.6234834011247831e-06
17 2000 -1.0196567789467109e-05
18 2 -1.1584761867245908e-05
18 18 2.8539392593805114e-05
18 62 -7.9111709766893335e-06
18 1898 -8.9375975360652522e-06
19 19 3.6611856976456513e-05
19 27 -1.3896891069420365e-05
19 1669 -1.0246892882991252e-05
19 2042 -1.2144695019887987e-05
20 20 3.8560940994299730e-05
20 63 -1.4022912864338119e-05
20 100 -1.3045510384585890e-05
20 565 -1.1129837968007093e-05
21 2 -1.0703096559226829e-05
21 21 3.5646369123131601e-05
21 2020 -9.2289317972304564e-06
22 22 3.2055659816284730e-05
22 43 -1.1630386427123826e-05
22 156 -1.0712668788381097e-05
22 1887 -9.3894416715788279e-06
23 23 3.8559583805931096e-05
23 71 -1.3749340649730175e-05
23 97 -1.3241107201865101e-05
23 469 -1.0880257187146762e-05
24 24 3.0008863991216178e-05
24 72 -1.0959995666968923e-05
24 98 -1.0252946788173187e-05
24 1449 -8.6832642736854528e-06
25 13 -1.1598572748363290e-05
25 25 2.7638349243017673e-05
25 1894 -6.7340966650853594e-06
25 1939 -9.0553036838506924e-06
26 8 -1.4165372798391008e-05
26 26 3.5598628880311908e-05
26 1904 -9.2790507748462437e-06
26 1920 -1.1568790558384498e-05
27 19 -1.3896891069420365e-05
27 27 3.4296403666039422e-05
27 1876 -8.2271260862520426e-06
27 2001 -1.1904789435700411e-05
28 3 -1.2787216098870331e-05
28 28 4.3617863369024127e-05
28 2041 -1.1182754059904404e-05
29 3 -1.4597971992807191e-05
29 29 3.6175307397784959e-05
29 61 -9.9047816241603406e-06
29 1911 -1.1044708896893365e-05
30 30 3.6516754633667242e-05
30 53 -1.1395874166482252e-05
30 2018 -9.0191569622509898e-06
31 31 3.7537793127990974e-05
31 54 -1.1626442937087058e-05
31 2019 -9.1970042820990337e-06
32 32 2.7268963857673563e-05
32 33 -1.1112946911127154e-05
32 114 -7.4440305463957938e-06
32 2085 -8.4664206606813541e-06
33 32 -1.1112946911127154e-05
33 33 2.9110147528719442e-05
33 119 -6.9329775462011432e-06
33 511 -1.0763708169259430e-05
34 34 2.9716540054927625e-05
34 35 -1.2576201954988353e-05
34 109 -7.2659744288746991e-06
34 2077 -9.5945394709399368e-06
35 34 -1.2576201954988353e-05
35 35 3.1161661198383556e-05
35 128 -7.2538252171025844e-06
35 659 -1.0996038263196207e-05
36 36 2.8513021486515085e-05
36 37 -1.1605420652518823e-05
36 103 -7.7003566424898282e-06
36 2068 -8.9610975582961154e-06
37 36 -1.1605420652518823e-05
37 37 3.0293957948190800e-05
37 121 -6.9521433989203877e-06
37 1035 -1.1416263785182964e-05
38 38 3.8426223665407973e-05
38 89 -1.3491014169231621e-05
38 92 -1.3178390261921237e-05
38 227 -1.1067758460280120e-05
39 39 2.9959224270295815e-05
39 90 -1.0616131659572133e-05
39 99 -1.0369543788627946e-05
39 1560 -8.8597668273101931e-06
40 9 -1.3987852777885447e-05
40 40 3.5636607884019911e-05
40 1915 -1.1646705913689934e-05
40 1943 -9.4065844292471295e-06
41 10 -1.1156843207896042e-05
41 41 2.8139418272607653e-05
41 1916 -9.5191423132623199e-06
41 1944 -7.3652150944269488e-06
42 15 -1.4539418504778315e-05
42 42 3.6297302054421549e-05
42 145 -8.8871915800136599e-06
42 1928 -1.2292026337158442e-05
43 22 -1.1630386427123826e-05
43 43 2.8405324141619883e-05
43 1906 -7.0691417217117862e-06
43 2014 -9.6182008977281187e-06
44 44 3.7381181334184010e-05
44 77 -1.2087281469606470e-05
44 96 -1.3833850503885746e-05
44 1493 -1.1092655284946962e-05
45 12 -1.4080562584985332e-05
45 45 3.5552448769353548e-05
45 1913 -1.1732402004671146e-05
45 1985 -9.4297547213037760e-06
46 46 3.5384015523242067e-05
46 73 -1.0182516315812999e-05
46 74 -1.0803415555600735e-05
47 47 3.2608435743927469e-05
47 56 -1.0830480134482221e-05
47 81 -1.0372796971318121e-05
47 1868 -1.1080630675111926e-05
48 6 -1.1312799488917727e-05
48 48 2.8059515074159143e-05
48 1903 -8.8201249156283531e-06
48 1999 -7.8233109641764849e-06
49 49 3.2601862711378872e-05
49 70 -1.0697404245149212e-05
49 93 -1.1686086661298071e-05
49 476 -9.8721547786212396e-06
50 50 3.7815840117222103e-05
50 68 -1.2141625624025301e-05
50 145 -1.3647556870899980e-05
50 727 -1.1300241711445039e-05
51 16 -9.1335271775952775e-06
51 51 2.9972890857525556e-05
51 147 -1.1228030437534441e-05
51 476 -9.2751709995363812e-06
52 52 2.7516155388770440e-05
52 59 -8.8884753170296934e-06
52 146 -1.0383121507521698e-05
52 482 -7.9278992979721450e-06
53 30 -1.1395874166482252e-05
53 53 2.6825407458474887e-05
53 1977 -5.8430697672157953e-06
53 1980 -9.3713334372396455e-06
54 31 -1.1626442937087058e-05
54 54 2.7277305675554940e-05
54 1979 -6.3663602724769283e-06
54 1981 -9.0480322789284625e-06
55 12 -1.2605460978047006e-05
55 55 3.5737430679814776e-05
55 1888 -1.2011884228710340e-05
55 2006 -1.0772963523618523e-05
56 47 -1.0830480134482221e-05
56 56 3.1591986066249354e-05
56 87 -1.0276897223085695e-05
56 159 -1.0168889319183961e-05
57 57 2.9067762461366408e-05
57 58 -1.2335118457473744e-05
57 86 -9.1480822445248564e-06
57 2064 -7.4962754724928365e-06
58 57 -1.2335118457473744e-05
58 58 2.8298857869525765e-05
58 139 -8.9559242641412097e-06
58 2039 -6.9289221511876985e-06
59 52 -8.8884753170296934e-06
59 59 2.8517480158957782e-05
59 130 -9.0465466625566639e-06
59 1894 -1.0251894395601493e-05
60 60 3.0548555999957263e-05
60 67 -9.6188805439272831e-06
60 131 -9.7757534658493679e-06
60 1906 -1.1034851664059212e-05
61 9 -1.3159418930362354e-05
61 29 -9.9047816241603406e-06
61 61 3.5149468049588255e-05
61 1896 -1.1468438525225075e-05
62 10 -1.0425813890511545e-05
62 18 -7.9111709766893335e-06
62 62 2.7772448852994399e-05
62 1897 -9.3330817426259096e-06
63 20 -1.4022912864338119e-05
63 63 3.5656943453942451e-05
63 96 -8.9192069234336410e-06
63 1931 -1.2424615656744365e-05
64 64 3.0718387637090720e-05
64 76 -1.0297389659541998e-05
64 156 -9.5527013688685509e-06
64 1890 -1.0588215477397228e-05
65 65 3.0530898397587451e-05
65 87 -1.0656782493544768e-05
65 88 -9.7982895970188051e-06
65 433 -9.7665446005697351e-06
66 66 3.3067922200968869e-05
66 69 -1.1362883405521163e-05
66 1882 -1.0606463970118001e-05
66 1907 -1.0786003976688705e-05
67 60 -9.6188805439272831e-06
67 67 3.0060410431789853e-05
67 1287 -9.2551605379634045e-06
67 1992 -1.1069516962371157e-05
68 50 -1.2141625624025301e-05
68 68 3.7436005408972063e-05
68 101 -1.1286929661423310e-05
68 1947 -1.3296579853611491e-05
69 66 -1.1362883405521163e-05
69 69 3.2705483762141680e-05
69 160 -1.0493499912017248e-05
69 1868 -1.0538673870791526e-05
70 49 -1.0697404245149212e-05
70 70 3.2922650057963460e-05
70 141 -1.0006358007467088e-05
70 2016 -1.1885472038190149e-05
71 23 -1.3749340649730175e-05
71 71 3.5632356324556599e-05
71 89 -9.2013001530708623e-06
71 1934 -1.2108000831422767e-05
72 24 -1.0959995666968923e-05
72 72 2.7655908952359186e-05
72 90 -7.1670590997516904e-06
72 1936 -9.4339529304545339e-06
73 46 -1.0182516315812999e-05
73 73 2.8715349335975530e-05
73 86 -9.2803358912332667e-06
73 273 -9.1248231715397359e-06
74 46 -1.0803415555600735e-05
74 74 2.8374290079697174e-05
74 139 -9.0630355136567087e-06
74 945 -8.1812966399342741e-06
75 75 2.9488005198546759e-05
75 138 -1.1266037778053291e-05
75 860 -8.3829465348422678e-06
75 1914 -9.5406859406329990e-06
76 64 -1.0297389659541998e-05
76 76 3.1818277310587795e-05
76 1882 -1.0351524023641323e-05
76 1884 -1.0868588733799614e-05
77 44 -1.2087281469606470e-05
77 77 3.6810645350457028e-05
77 514 -1.1607577977239954e-05
77 1919 -1.2750786613823833e-05
78 15 -1.2602716151072691e-05
78 78 3.7201322806823323e-05
78 1881 -1.1264366502305173e-05
78 2113 -1.2675461220590769e-05
79 8 -1.3096991695437998e-05
79 79 3.4926084567282848e-05
79 1986 -1.1355430097631303e-05
79 2010 -9.8772422562566324e-06
80 80 3.3095276666260256e-05
80 81 -1.1042583996257386e-05
80 94 -1.1075581942101451e-05
80 473 -1.0653565737357314e-05
81 47 -1.0372796971318121e-05
81 80 -1.1042583996257386e-05
81 81 3.2323310997186251e-05
81 782 -1.0585148431844833e-05
82 16 -1.1592099761570617e-05
82 82 2.9625671290904481e-05
82 93 -7.7671369139881953e-06
82 1942 -9.9826591361203542e-06
83 83 2.7846750524813936e-05
83 136 -1.0802747264466096e-05
83 1861 -9.2472104951108366e-06
83 2046 -7.5350353217675444e-06
84 1 -1.3073355030989244e-05
84 84 3.4877391332603920e-05
84 1998 -1.0780778416815227e-05
84 2010 -1.0721333050758878e-05
85 7 -1.0881147876667290e-05
85 85 2.7750773981103102e-05
85 1999 -8.9013995535961397e-06
85 2011 -7.8693964385306750e-06
86 11 -7.5780233859569005e-06
86 57 -9.1480822445248564e-06
86 73 -9.2803358912332667e-06
86 86 2.6098482796397353e-05
87 56 -1.0276897223085695e-05
87 65 -1.0656782493544768e-05
87 87 3.1330715142882914e-05
87 1529 -1.0080720403059093e-05
88 65 -9.7982895970188051e-06
88 88 3.0393903811691306e-05
88 143 -9.8964453908502249e-06
88 1287 -1.0383307934489323e-05
89 38 -1.3491014169231621e-05
89 71 -9.2013001530708623e-06
89 89 3.5579659624225303e-05
89 1933 -1.2311102603229587e-05
90 39 -1.0616131659572133e-05
90 72 -7.1670590997516904e-06
90 90 2.7492464123706912e-05
90 1935 -9.6137513244602805e-06
91 91 3.0052802703497329e-05
91 140 -1.2669682629940860e-05
91 1937 -8.8088650201874181e-06
91 2004 -8.3256080938857813e-06
92 38 -1.3178390261921237e-05
92 92 3.5396052839806164e-05
92 1904 -1.2034056945130708e-05
92 2033 -9.6159520563960612e-06
93 49 -1.1686086661298071e-05
93 82 -7.7671369139881953e-06
93 93 3.0546277737469188e-05
93 1941 -1.0807757724786712e-05
94 80 -1.1075581942101451e-05
94 94 3.3200569344911515e-05
94 142 -1.0644670257598582e-05
94 1853 -1.1159785961808028e-05
95 4 -9.6355764332534993e-06
95 95 2.8268372653025525e-05
95 2005 -8.2963050074398453e-06
95 2013 -1.0006670085102201e-05
96 44 -1.3833850503885746e-05
96 63 -8.9192069234336410e-06
96 96 3.5860146915937544e-05
96 1932 -1.2814217288962064e-05
97 23 -1.3241107201865101e-05
97 97 3.5477867790547292e-05
97 1943 -1.1829858207104269e-05
97 2023 -9.8351158081539277e-06
98 24 -1.0252946788173187e-05
98 98 2.7749056587357089e-05
98 1944 -9.4921366446348246e-06
98 2024 -7.9103554742492392e-06
99 39 -1.0369543788627946e-05
99 99 2.7648948886747015e-05
99 1925 -9.3772300162766590e-06
99 2028 -7.8085321833883276e-06
100 20 -1.3045510384585890e-05
100 100 3.5083403725584298e-05
100 1985 -1.1787991379649405e-05
100 2022 -9.9544797178466706e-06
101 68 -1.1286929661423310e-05
101 101 3.5247474877741889e-05
101 102 -1.1630837464261850e-05
101 252 -1.1685677993240257e-05
102 101 -1.1630837464261850e-05
102 102 3.4427099993724795e-05
102 137 -1.0653906857488586e-05
102 1272 -1.1533435111814528e-05
103 36 -7.7003566424898282e-06
103 103 3.1187864316859930e-05
103 148 -1.3557332946707403e-05
103 1954 -9.6747446448155890e-06
104 104 3.0397812656450488e-05
104 106 -1.2716976898547592e-05
104 122 -7.4846978360041012e-06
104 1961 -9.9229017353212910e-06
105 105 2.9986665713648338e-05
105 125 -6.6860920157880978e-06
105 1855 -1.3429843570505542e-05
105 1955 -9.6295623066517778e-06
106 104 -1.2716976898547592e-05
106 106 3.0562460613599993e-05
106 126 -7.3043554536677194e-06
106 1973 -1.0259221884983563e-05
107 107 3.0471579022471822e-05
107 129 -7.1531381285532197e-06
107 149 -1.3471160658156956e-05
107 1957 -9.5970596182990939e-06
108 108 2.9897801422723237e-05
108 120 -6.9587991748014634e-06
108 1856 -1.3234788154260388e-05
108 1950 -9.4643855595831765e-06
109 16 -1.1357914914109652e-05
109 34 -7.2659744288746991e-06
109 109 2.9195970065019070e-05
109 1963 -1.0276333388676920e-05
110 110 3.0388834684201545e-05
110 111 -1.2100214487162277e-05
110 1960 -1.0030696645372813e-05
110 2034 -7.9879953871186396e-06
111 110 -1.2100214487162277e-05
111 111 2.8977121156383270e-05
111 123 -6.8576713213965334e-06
111 1974 -9.7595897623402832e-06
112 112 2.8982824762720218e-05
112 117 -6.7888440879253806e-06
112 150 -1.2523536080217103e-05
112 1964 -9.4131995876441425e-06
113 113 2.9077742991644256e-05
113 114 -1.2067216085685996e-05
113 116 -6.9972227169744440e-06
113 1968 -9.7336261099562697e-06
114 32 -7.4440305463957938e-06
114 113 -1.2067216085685996e-05
114 114 2.9241506488070587e-05
114 1971 -9.4575856324094941e-06
115 115 3.0128278801444632e-05
115 1858 -1.2533704222759730e-05
115 1951 -9.2898263976159271e-06
115 2036 -8.0605863630733244e-06
116 113 -6.9972227169744440e-06
116 116 2.8741731764627190e-05
116 151 -1.2410009138902857e-05
116 1965 -9.0701455691455772e-06
117 112 -6.7888440879253806e-06
117 117 2.8943071322495524e-05
117 118 -1.1809958140157877e-05
117 1966 -1.0074665203592988e-05
118 117 -1.1809958140157877e-05
118 118 3.0188918131339537e-05
118 1969 -1.0053201348863747e-05
118 2035 -8.0576786038947052e-06
119 33 -6.9329775462011432e-06
119 119 2.8623814365657479e-05
119 152 -1.1012594884562797e-05
119 1970 -1.0388212069199291e-05
120 108 -6.9587991748014634e-06
120 120 3.0165498719683125e-05
120 153 -1.3438604138808188e-05
120 1949 -9.5263922493359529e-06
121 37 -6.9521433989203877e-06
121 121 3.0098245842482597e-05
121 122 -1.1360956655482147e-05
121 1952 -1.1469414207651571e-05
122 104 -7.4846978360041012e-06
122 121 -1.1360956655482147e-05
122 122 2.8116483604938057e-05
122 1958 -9.0168776809738884e-06
123 111 -6.8576713213965334e-06
123 123 3.0160214494024023e-05
123 1857 -1.3277219047038568e-05
123 1972 -9.7730943096675103e-06
124 124 3.0500767398318830e-05
124 125 -1.2046224744985896e-05
124 1956 -1.0175163219792762e-05
124 2037 -8.0099744812447151e-06
125 105 -6.6860920157880978e-06
125 124 -1.2046224744985896e-05
125 125 2.9232265580855143e-05
125 1959 -1.0241022611169807e-05
126 106 -7.3043554536677194e-06
126 126 3.0467825021222693e-05
126 155 -1.3066610117288613e-05
126 1948 -9.8315170962813327e-06
127 127 2.9120436863273671e-05
127 128 -1.1681020401626798e-05
127 1953 -8.5558143554507901e-06
127 2038 -8.6664870361753154e-06
128 35 -7.2538252171025844e-06
128 127 -1.1681020401626798e-05
128 128 2.9812682075233433e-05
128 1967 -1.0579036324231480e-05
129 107 -7.1531381285532197e-06
129 129 2.9510376430146782e-05
129 154 -1.2567876699304365e-05
129 1962 -9.5353762515270296e-06
130 59 -9.0465466625566639e-06
130 130 2.8009929307433610e-05
130 144 -9.2004965767806922e-06
130 1893 -9.4559968670937076e-06
131 60 -9.7757534658493679e-06
131 131 2.9825052612316315e-05
131 143 -1.0020820292073983e-05
131 1887 -9.7177602390731665e-06
132 132 3.2846647825398133e-05
132 157 -1.1095095105935268e-05
132 1863 -1.0781018063933271e-05
132 1873 -1.0671318818754649e-05
133 133 3.4695200727507836e-05
133 158 -1.1349608912438549e-05
133 1866 -1.1180954015356503e-05
133 1870 -1.1846972177815741e-05
134 134 3.5999590291573073e-05
134 135 -1.4504825659521827e-05
134 1940 -1.1847910078328074e-05
134 2032 -9.3806736505357955e-06
135 134 -1.4504825659521827e-05
135 135 3.5773265347947409e-05
135 1945 -1.1773996276779657e-05
135 2029 -9.2282106433946256e-06
136 83 -1.0802747264466096e-05
136 136 2.9127086930443686e-05
136 1993 -1.0309524626583659e-05
136 2027 -7.7176477390679076e-06
137 102 -1.0653906857488586e-05
137 137 3.8674028522403599e-05
137 1911 -1.2987706719632345e-05
137 2060 -1.4351820002212409e-05
138 75 -1.1266037778053291e-05
138 138 2.7997615705754159e-05
138 1874 -6.7449723844522754e-06
138 2057 -9.7474913497968498e-06
139 58 -8.9559242641412097e-06
139 74 -9.0630355136567087e-06
139 139 2.8657140391961376e-05
139 2110 -1.0543289225506032e-05
140 91 -1.2669682629940860e-05
140 140 2.8886411251492727e-05
140 2089 -7.9963204425142568e-06
140 2099 -8.0007747505789866e-06
141 70 -1.0006358007467088e-05
141 141 3.1289391068749586e-05
141 157 -1.0375328813709442e-05
141 1864 -1.0608357192165615e-05
142 94 -1.0644670257598582e-05
142 142 3.3233346727231343e-05
142 1851 -1.1497767379571163e-05
142 1868 -1.0775455005548929e-05
143 88 -9.8964453908502249e-06
143 131 -1.0020820292073983e-05
143 143 3.0690925641690961e-05
143 159 -1.0458578130162367e-05
144 13 -7.2266804448623003e-06
144 130 -9.2004965767806922e-06
144 144 2.8337355868995354e-05
144 2099 -1.1630834819631637e-05
145 42 -8.8871915800136599e-06
145 50 -1.3647556870899980e-05
145 145 3.5925597931708763e-05
145 1927 -1.2813093334263564e-05
146 52 -1.0383121507521698e-05
146 146 2.7437719437733063e-05
146 1929 -9.8950820063146021e-06
146 2051 -6.8899371447993695e-06
147 51 -1.1228030437534441e-05
147 147 2.8992310302538780e-05
147 1930 -1.0466162620117717e-05
147 2050 -7.0230581453834745e-06
148 103 -1.3557332946707403e-05
148 148 2.9663600310662027e-05
148 2096 -7.4301956111978033e-06
148 2100 -8.4892200623514485e-06
149 107 -1.3471160658156956e-05
149 149 2.9263103230715413e-05
149 2095 -7.3465090298890792e-06
149 2101 -8.2655681150128611e-06
150 112 -1.2523536080217103e-05
150 150 3.0101590939878596e-05
150 2102 -9.2790570989447084e-06
150 2124 -8.0492876940720179e-06
151 116 -1.2410009138902857e-05
151 151 2.9993174902470235e-05
151 2107 -9.0427678682251024e-06
151 2125 -8.2909156530659564e-06
152 119 -1.1012594884562797e-05
152 152 2.8509554479850619e-05
152 2106 -8.2915135985697547e-06
152 2126 -8.9818753500817235e-06
153 120 -1.3438604138808188e-05
153 153 2.9085676373687297e-05
153 2097 -7.1659239749616596e-06
153 2105 -8.3018133261540881e-06
154 129 -1.2567876699304365e-05
154 154 3.0646975188036826e-05
154 2103 -9.4979077468794329e-06
154 2127 -8.3248970580476971e-06
155 126 -1.3066610117288613e-05
155 155 3.1311748398773935e-05
155 2104 -9.3572836192875865e-06
155 2128 -8.6398485946028847e-06
156 22 -1.0712668788381097e-05
156 64 -9.5527013688685509e-06
156 156 3.1295022539643245e-05
156 2116 -1.0739107349316329e-05
157 132 -1.1095095105935268e-05
157 141 -1.0375328813709442e-05
157 157 3.2925909112450861e-05
157 1899 -1.1162830426258466e-05
158 133 -1.1349608912438549e-05
158 158 3.4154706526321096e-05
158 1853 -1.1443953859335871e-05
158 1869 -1.1037537930308016e-05
159 56 -1.0168889319183961e-05
159 143 -1.0458578130162367e-05
159 159 3.1398605053551003e-05
159 160 -1.0456544030899876e-05
160 69 -1.0493499912017248e-05
160 159 -1.0456544030899876e-05
160 160 3.1634628906237616e-05
160 1884 -1.0379611583994778e-05
161 161 3.5440408933032211e-05
161 334 -1.1604389399285206e-05
161 1748 -1.1609537476533651e-05
161 1819 -1.1593551013752421e-05
162 162 3.4343149232969264e-05
162 163 -1.1303792312626396e-05
162 187 -1.1298784378586335e-05
162 407 -1.1418798569135662e-05
163 162 -1.1303792312626396e-05
163 163 3.4112788423838980e-05
163 164 -1.1253026478904009e-05
163 617 -1.1235622780651055e-05
164 163 -1.1253026478904009e-05
164 164 3.3852173162099189e-05
164 167 -1.1143125886851809e-05
164 1125 -1.1136477966955933e-05
165 165 3.4712290331182837e-05
165 181 -1.1484283065203771e-05
165 271 -1.1496974115724625e-05
165 723 -1.1405377377345802e-05
166 166 3.4480024118974831e-05
166 172 -1.1369445019293918e-05
166 173 -1.1373118729435090e-05
166 537 -1.1413030159566253e-05
167 164 -1.1143125886851809e-05
167 167 3.3591441916510110e-05
167 204 -1.1055149643615040e-05
167 1755 -1.1075790621164093e-05
168 168 3.4847322904575712e-05
168 171 -1.1541457923049391e-05
168 181 -1.1540859638311935e-05
168 509 -1.1440985996583165e-05
169 169 3.2387165527900509e-05
169 170 -1.0666924761812888e-05
169 199 -1.0669398821847076e-05
169 959 -1.0737566601276591e-05
170 169 -1.0666924761812888e-05
170 170 3.2337119155182668e-05
170 201 -1.0698830761775673e-05
170 1353 -1.0658466704116256e-05
171 168 -1.1541457923049391e-05
171 171 3.4871304353558535e-05
171 1404 -1.1543241408542524e-05
171 1826 -1.1462543214012154e-05
172 166 -1.1369445019293918e-05
172 172 3.4473860736408526e-05
172 1538 -1.1410988352937367e-05
172 1639 -1.1369146651671822e-05
173 166 -1.1373118729435090e-05
173 173 3.4368041172711623e-05
173 177 -1.1336915758988547e-05
173 1715 -1.1334881843266995e-05
174 174 3.3192108161747838e-05
174 251 -1.0980813243005225e-05
174 913 -1.0943856265764861e-05
174 1042 -1.0951233898873566e-05
175 175 3.4511754549435847e-05
175 177 -1.1384105853667076e-05
175 190 -1.1386910029338765e-05
175 529 -1.1417299545468693e-05
176 176 3.4581516906936308e-05
176 215 -1.1445969951105679e-05
176 219 -1.1443776936067567e-05
176 1242 -1.1367805246128938e-05
177 173 -1.1336915758988547e-05
177 175 -1.1384105853667076e-05
177 177 3.4384400389909421e-05
177 1554 -1.1340062804148380e-05
178 178 3.3888468340951739e-05
178 282 -1.1206200485092243e-05
178 1483 -1.1176218194869632e-05
178 1573 -1.1185088043213428e-05
179 179 3.2632513361817989e-05
179 180 -1.0829766578477088e-05
179 265 -1.0746448681496894e-05
179 649 -1.0740457611099832e-05
180 179 -1.0829766578477088e-05
180 180 3.2885607518106799e-05
180 316 -1.0906999157265141e-05
180 1121 -1.0833475198167743e-05
181 165 -1.1484283065203771e-05
181 168 -1.1540859638311935e-05
181 181 3.4836981690429091e-05
181 1796 -1.1486660821094374e-05
182 182 3.3318898201844243e-05
182 191 -1.0983137723743773e-05
182 204 -1.1064437104453902e-05
182 1162 -1.0953800800710457e-05
183 183 3.4465882186106341e-05
183 207 -1.1366143627169883e-05
183 215 -1.1411496536114830e-05
183 292 -1.1364036672448429e-05
184 184 3.0590625596762887e-05
184 189 -1.0069458261470024e-05
184 256 -1.0072132623999962e-05
184 755 -1.0143005390302529e-05
185 185 3.5389919770242163e-05
185 188 -1.1690865703717732e-05
185 196 -1.1677853339457531e-05
185 286 -1.1695082231420016e-05
186 186 3.4487742051043595e-05
186 187 -1.1355597558072941e-05
186 195 -1.1460171580762982e-05
186 599 -1.1351390809829805e-05
187 162 -1.1298784378586335e-05
187 186 -1.1355597558072941e-05
187 187 3.4288086636930297e-05
187 895 -1.1311389533020686e-05
188 185 -1.1690865703717732e-05
188 188 3.2849471180291564e-05
188 212 -1.0236316116802880e-05
188 267 -1.0284563298960043e-05
189 184 -1.0069458261470024e-05
189 189 3.0543960550017614e-05
189 249 -1.0106621657647095e-05
189 1563 -1.0062182257370245e-05
190 175 -1.1386910029338765e-05
190 190 3.4529931971325892e-05
190 219 -1.1431478932569374e-05
190 292 -1.1389543351031203e-05
191 182 -1.0983137723743773e-05
191 191 3.3060038198808705e-05
191 239 -1.0878609768671314e-05
191 1765 -1.0881396431324692e-05
192 192 3.0080542950920365e-05
192 203 -9.9123151381322723e-06
192 272 -9.9562302205941474e-06
192 803 -9.9082822362885248e-06
193 193 3.2172208048928152e-05
193 255 -1.0672892339197963e-05
193 450 -1.0594510978437992e-05
193 670 -1.0590752287552016e-05
194 194 3.5437604818919150e-05
194 218 -1.1642388141668647e-05
194 248 -1.1830029511045358e-05
194 277 -1.1640992470621122e-05
195 186 -1.1460171580762982e-05
195 195 3.4726130907440316e-05
195 208 -1.1491216898235846e-05
195 1495 -1.1450527586106856e-05
196 185 -1.1677853339457531e-05
196 196 3.5381341914191918e-05
196 229 -1.1543519622328263e-05
196 270 -1.1532618046179138e-05
197 197 3.2663117020062520e-05
197 200 -1.0806268106542700e-05
197 201 -1.0766183159851105e-05
197 814 -1.0774100751067979e-05
198 198 3.0840345711108581e-05
198 202 -1.0152270991501117e-05
198 228 -1.0148823835848646e-05
198 1130 -1.0230482579445951e-05
199 169 -1.0669398821847076e-05
199 199 3.2253630031517928e-05
199 220 -1.0629932996268459e-05
199 642 -1.0638986842685060e-05
200 197 -1.0806268106542700e-05
200 200 3.2795130774566320e-05
200 1291 -1.0803500826113738e-05
200 1775 -1.0870658081698030e-05
201 170 -1.0698830761775673e-05
201 197 -1.0766183159851105e-05
201 201 3.2475468868523566e-05
201 1025 -1.0696178421305041e-05
202 198 -1.0152270991501117e-05
202 202 3.0656127320550017e-05
202 240 -1.0099415541716760e-05
202 974 -1.0097541306130187e-05
203 192 -9.9123151381322723e-06
203 203 3.0116207422760958e-05
203 205 -9.9845668628368147e-06
203 558 -9.9153808249397499e-06
204 167 -1.1055149643615040e-05
204 182 -1.1064437104453902e-05
204 204 3.3619134216745537e-05
204 750 -1.1182683542799627e-05
205 203 -9.9845668628368147e-06
205 205 3.0313306325311274e-05
205 238 -9.9882706667413290e-06
205 930 -1.0034109213141906e-05
206 206 3.1918391698520490e-05
206 220 -1.0559615601328687e-05
206 226 -1.0519064395683315e-05
206 796 -1.0528190637310345e-05
207 183 -1.1366143627169883e-05
207 207 3.4373570988261275e-05
207 209 -1.1338501068796527e-05
207 591 -1.1345677051052079e-05
208 195 -1.1491216898235846e-05
208 208 3.4900617796492872e-05
208 217 -1.1597234735266644e-05
208 563 -1.1488222833291198e-05
209 207 -1.1338501068796527e-05
209 209 3.4235440595713979e-05
209 214 -1.1288703764079013e-05
209 1324 -1.1286643581291075e-05
210 210 3.5227424999414317e-05
210 269 -1.1659482463570405e-05
210 321 -9.5412218962794210e-06
210 1985 -1.3649051817633171e-05
211 211 3.5358994473627290e-05
211 217 -1.1603389829141712e-05
211 222 -1.1601579467883819e-05
211 1300 -1.1828287937655507e-05
212 188 -1.0236316116802880e-05
212 212 4.1130456122879600e-05
212 243 -1.0251221133811787e-05
213 213 4.3008584719221181e-05
213 1923 -1.1594367784030538e-05
213 1932 -1.1380702357765892e-05
214 209 -1.1288703764079013e-05
214 214 3.4137346537395285e-05
214 282 -1.1259918804944500e-05
214 1653 -1.1268126120933998e-05
215 176 -1.1445969951105679e-05
215 183 -1.1411496536114830e-05
215 215 3.4597740952915662e-05
215 1345 -1.1417538306150614e-05
216 216 3.4933545834855321e-05
216 289 -1.1462729586424673e-05
216 468 -1.1402297293755169e-05
216 1057 -1.1443947166864123e-05
217 208 -1.1597234735266644e-05
217 211 -1.1603389829141712e-05
217 217 3.5102356907768832e-05
217 1381 -1.1576004636083263e-05
218 194 -1.1642388141668647e-05
218 218 3.5229755842527528e-05
218 263 -1.1622954358898762e-05
218 304 -1.1637323259609429e-05
219 176 -1.1443776936067567e-05
219 190 -1.1431478932569374e-05
219 219 3.4667820705038257e-05
219 576 -1.1469168787524440e-05
220 199 -1.0629932996268459e-05
220 206 -1.0559615601328687e-05
220 220 3.2059647417271139e-05
220 1297 -1.0557189532494478e-05
221 221 3.1581060741161607e-05
221 226 -1.0448090241801935e-05
221 237 -1.0406542407212098e-05
221 988 -1.0415638172205545e-05
222 211 -1.1601579467883819e-05
222 222 3.5171305278336456e-05
222 263 -1.1624542823894872e-05
222 320 -1.1618725764683086e-05
223 223 3.5173581120844421e-05
223 1758 -1.1505445811934575e-05
223 1815 -1.1513032421646441e-05
223 1842 -1.1522668283031248e-05
224 224 3.0960375536678084e-05
224 280 -1.0186733686208710e-05
224 464 -1.0276371486173486e-05
224 1259 -1.0190521884152195e-05
225 225 3.1667264215886142e-05
225 231 -1.0505624026005926e-05
225 312 -1.0426482733243829e-05
225 378 -1.0423702275210392e-05
226 206 -1.0519064395683315e-05
226 221 -1.0448090241801935e-05
226 226 3.1725054571988020e-05
226 1501 -1.0445686397314931e-05
227 38 -1.1067758460280120e-05
227 227 3.4649809260722995e-05
227 235 -1.1425327335758942e-05
227 469 -1.1543872413643981e-05
228 198 -1.0148823835848646e-05
228 228 3.0798052998879237e-05
228 245 -1.0144940477650852e-05
228 1036 -1.0195743520851732e-05
229 196 -1.1543519622328263e-05
229 229 3.5137671465008431e-05
229 1515 -1.1633854884130132e-05
229 1788 -1.1633259299450023e-05
230 230 3.3131314380613276e-05
230 258 -1.1673109611785899e-05
230 340 -1.0437165711224102e-05
230 370 -1.0383502331831752e-05
231 225 -1.0505624026005926e-05
231 231 3.1887083277397580e-05
231 1158 -1.0515616214295646e-05
231 1651 -1.0554801262045231e-05
232 232 3.1239238493574055e-05
232 237 -1.0335118025495956e-05
232 242 -1.0292459251475613e-05
232 919 -1.0301347466286158e-05
233 233 3.2928107271622311e-05
233 266 -1.0333834370923062e-05
233 267 -1.0283571049830059e-05
233 270 -1.1673028549245355e-05
234 234 3.5232962550874947e-05
234 235 -1.1660446327737534e-05
234 289 -1.1543570912239209e-05
234 534 -1.1404526696289807e-05
235 227 -1.1425327335758942e-05
235 234 -1.1660446327737534e-05
235 235 3.4992112853966074e-05
235 621 -1.1294128585892909e-05
236 236 3.0894035643871948e-05
236 242 -1.0220963426344716e-05
236 249 -1.0177642190929621e-05
236 1131 -1.0185740847419217e-05
237 221 -1.0406542407212098e-05
237 232 -1.0335118025495956e-05
237 237 3.1382722698637668e-05
237 920 -1.0332720137930032e-05
238 205 -9.9882706667413290e-06
238 238 3.0349525269374122e-05
238 276 -1.0063186550189791e-05
238 346 -9.9914891386408390e-06
239 191 -1.0878609768671314e-05
239 239 3.2734788745922053e-05
239 247 -1.0765370344582463e-05
239 826 -1.0777198924849409e-05
240 202 -1.0099415541716760e-05
240 240 3.0694089323359840e-05
240 280 -1.0184209708786539e-05
240 1252 -1.0103400708689620e-05
241 7 -7.8448411205077521e-06
241 241 2.6179649170669526e-05
241 273 -9.3838432002451676e-06
241 330 -8.8462809870537892e-06
242 232 -1.0292459251475613e-05
242 236 -1.0220963426344716e-05
242 242 3.1039790291400577e-05
242 1531 -1.0218520839436507e-05
243 212 -1.0251221133811787e-05
243 243 3.2845034515770018e-05
243 262 -1.1835497765036162e-05
243 264 -1.0426979046363014e-05
244 244 3.5255994319221747e-05
244 270 -1.1532738933566431e-05
244 295 -1.1544544981099421e-05
244 298 -1.1549762450688545e-05
245 228 -1.0144940477650852e-05
245 245 3.0587791712951454e-05
245 276 -1.0066769915975083e-05
245 349 -1.0070140875276615e-05
246 246 3.5407752041711113e-05
246 1859 -8.9162804158305373e-06
246 1889 -8.6057458811803938e-06
247 239 -1.0765370344582463e-05
247 247 3.2719182130457481e-05
247 254 -1.0771486506567092e-05
247 1338 -1.0869102832946181e-05
248 194 -1.1830029511045358e-05
248 248 3.2957612882687367e-05
248 264 -1.0427585625943367e-05
248 1218 -1.0368845631489923e-05
249 189 -1.0106621657647095e-05
249 236 -1.0177642190929621e-05
249 249 3.0695651626852388e-05
249 823 -1.0104162692342583e-05
250 250 4.6222728487600537e-05
250 1927 -1.2011448825659207e-05
250 1997 -1.2407164998062435e-05
251 174 -1.0980813243005225e-05
251 251 3.3317432651135140e-05
251 1767 -1.1041048071562162e-05
251 1797 -1.0978104317063839e-05
252 101 -1.1685677993240257e-05
252 252 3.5595228156043863e-05
252 368 -1.1728330530817052e-05
252 401 -1.1535064567961054e-05
253 253 3.4918051770365217e-05
253 304 -1.1549727831606276e-05
253 320 -1.1519960028665301e-05
253 454 -1.1525032655310556e-05
254 247 -1.0771486506567092e-05
254 254 3.2340505631198497e-05
254 317 -1.0638151232406120e-05
254 507 -1.0618324550987387e-05
255 193 -1.0672892339197963e-05
255 255 3.2395203276819149e-05
255 1733 -1.0729277652947734e-05
255 1769 -1.0679676103102492e-05
256 184 -1.0072132623999962e-05
256 256 3.0436811027347160e-05
256 272 -1.0025676354048571e-05
256 930 -1.0031210384434110e-05
257 257 3.3099652458051172e-05
257 316 -1.0899768968145565e-05
257 371 -1.0985076818338194e-05
257 1705 -1.0897207022307411e-05
258 230 -1.1673109611785899e-05
258 258 3.5410050632341630e-05
258 894 -1.1554595737153088e-05
258 1837 -1.1553517401768488e-05
259 259 3.2156202112560448e-05
259 265 -1.0676536867361594e-05
259 452 -1.0580613244112477e-05
259 1702 -1.0585378467594776e-05
260 260 2.9725674800023691e-05
260 299 -9.6134336035664865e-06
260 834 -1.0144740708640184e-05
260 1220 -9.6770209786715425e-06
261 261 3.1288223101046015e-05
261 312 -1.0380449041752306e-05
261 314 -1.0297492265388234e-05
261 1613 -1.0299736469923377e-05
262 243 -1.1835497765036162e-05
262 262 3.5473255676025359e-05
262 277 -1.1657198215344503e-05
262 286 -1.1655837792543534e-05
263 218 -1.1622954358898762e-05
263 222 -1.1624542823894872e-05
263 263 3.5403422632900512e-05
263 1403 -1.1829442504710457e-05
264 243 -1.0426979046363014e-05
264 248 -1.0427585625943367e-05
264 264 4.1638767739236446e-05
265 179 -1.0746448681496894e-05
265 259 -1.0676536867361594e-05
265 265 3.2420337204604650e-05
265 1751 -1.0683900704325313e-05
266 233 -1.0333834370923062e-05
266 266 4.1536042484490566e-05
266 268 -1.0332903277775479e-05
267 188 -1.0284563298960043e-05
267 233 -1.0283571049830059e-05
267 267 4.1322032537149158e-05
268 266 -1.0332903277775479e-05
268 268 3.3028196279302513e-05
268 295 -1.1673250451976105e-05
268 370 -1.0384424026614218e-05
269 210 -1.1659482463570405e-05
269 269 4.1660073407345108e-05
269 1931 -1.1226295542162343e-05
270 196 -1.1532618046179138e-05
270 233 -1.1673028549245355e-05
270 244 -1.1532738933566431e-05
270 270 3.5365784443544672e-05
271 165 -1.1496974115724625e-05
271 271 3.4722836751174538e-05
271 484 -1.1454705464917449e-05
271 1538 -1.1447274482100781e-05
272 192 -9.9562302205941474e-06
272 256 -1.0025676354048571e-05
272 272 3.0240745566073342e-05
272 1330 -9.9534714420461845e-06
273 73 -9.1248231715397359e-06
273 241 -9.3838432002451676e-06
273 273 3.4711937601611612e-05
274 274 3.6461116289948898e-05
274 301 -9.8703442111750967e-06
274 1950 -9.1185290696888922e-06
275 275 3.7423442273433863e-05
275 302 -1.0724027797354317e-05
275 435 -1.2831072431509473e-05
275 1915 -1.3159287770851802e-05
276 238 -1.0063186550189791e-05
276 245 -1.0066769915975083e-05
276 276 3.0549240139210588e-05
276 1051 -1.0113559609027196e-05
277 194 -1.1640992470621122e-05
277 262 -1.1657198215344503e-05
277 277 3.5279589936283159e-05
277 831 -1.1653748698195585e-05
278 278 3.4503502518470925e-05
278 442 -1.1418291378184923e-05
278 1127 -1.1386733583119212e-05
278 1646 -1.1376758283108228e-05
279 279 3.4694674529670777e-05
279 293 -1.1462244173548849e-05
279 427 -1.1466223383585770e-05
279 465 -1.1442552021216256e-05
280 224 -1.0186733686208710e-05
280 240 -1.0184209708786539e-05
280 280 3.0915934558786984e-05
280 1738 -1.0238424346557336e-05
281 281 2.8799149800057788e-05
281 394 -9.8276602926022238e-06
281 444 -8.4636255420314260e-06
281 1925 -1.0389704718916680e-05
282 178 -1.1206200485092243e-05
282 214 -1.1259918804944500e-05
282 282 3.3992221747233960e-05
282 1802 -1.1204152720236735e-05
283 283 3.4129832195209863e-05
283 319 -1.1319305695965160e-05
283 423 -1.1246167445553839e-05
283 891 -1.1244179266298096e-05
284 284 3.3354436279518710e-05
284 382 -1.0553095650550340e-05
284 438 -1.0492150390976957e-05
284 1818 -1.1671877898749246e-05
285 285 3.0204892235880635e-05
285 346 -9.9399963966506286e-06
285 349 -1.0016218500019963e-05
285 925 -9.9437706631294118e-06
286 185 -1.1695082231420016e-05
286 262 -1.1655837792543534e-05
286 286 3.5346438290441087e-05
286 448 -1.1667403260598544e-05
287 287 3.0376277751110213e-05
287 300 -9.9920815667133600e-06
287 834 -9.8846984931241470e-06
287 1180 -1.0201143599378549e-05
288 12 -1.1047515056041345e-05
288 288 3.1742260344213502e-05
288 321 -1.0173496749410720e-05
288 348 -1.0187823308389072e-05
289 216 -1.1462729586424673e-05
289 234 -1.1543570912239209e-05
289 289 3.5057372371886106e-05
289 1736 -1.1424689172902687e-05
290 290 2.7597880800945015e-05
290 324 -8.7336141412672932e-06
290 330 -8.9482906162957985e-06
290 2011 -9.8131160912123056e-06
291 291 2.9359722621395442e-05
291 416 -9.3118448623124339e-06
291 466 -8.2175522787264246e-06
291 2079 -1.1520322155082628e-05
292 183 -1.1364036672448429e-05
292 190 -1.1389543351031203e-05
292 292 3.4436554554375125e-05
292 1399 -1.1359032059701522e-05
293 279 -1.1462244173548849e-05
293 293 3.4769749902016208e-05
293 1476 -1.1457620966538169e-05
293 1678 -1.1525614703680741e-05
294 294 3.5771271597654550e-05
294 296 -1.2235870144543008e-05
294 1895 -1.1350566840850011e-05
294 2062 -1.1907376119915484e-05
295 244 -1.1544544981099421e-05
295 268 -1.1673250451976105e-05
295 295 3.5389160077029699e-05
295 894 -1.1543238753423767e-05
296 294 -1.2235870144543008e-05
296 296 3.2107548633817585e-05
296 400 -9.6274836607783311e-06
296 462 -9.9366701444006680e-06
297 297 3.4490181578471548e-05
297 318 -1.1396167700538652e-05
297 465 -1.1392566398703269e-05
297 1306 -1.1376911663101360e-05
298 244 -1.1549762450688545e-05
298 298 3.5175406042694653e-05
298 1788 -1.1506068663118390e-05
298 1821 -1.1488937854900473e-05
299 260 -9.6134336035664865e-06
299 299 3.0577922789052638e-05
299 1680 -9.5700745125240211e-06
299 2072 -1.1105632779124432e-05
300 287 -9.9920815667133600e-06
300 300 3.0543618027368427e-05
300 415 -1.0093219296497328e-05
300 418 -1.0157196078069406e-05
301 274 -9.8703442111750967e-06
301 301 2.7856175446780377e-05
301 323 -7.9159513574235458e-06
301 477 -9.7594000875953482e-06
302 275 -1.0724027797354317e-05
302 302 3.4406354144863489e-05
302 315 -1.1721525236238910e-05
302 516 -1.1336707356572551e-05
303 303 2.6538106452482855e-05
303 326 -8.9435245006339266e-06
303 337 -8.6408971111269371e-06
303 389 -8.6661961260253880e-06
304 218 -1.1637323259609429e-05
304 253 -1.1549727831606276e-05
304 304 3.5058495523443955e-05
304 1100 -1.1547380618562072e-05
305 305 3.2956390897326316e-05
305 631 -1.0885415926204057e-05
305 1636 -1.0844307759228880e-05
305 1654 -1.0909473047060657e-05
306 306 3.4712490052682606e-05
306 307 -1.1471560976136860e-05
306 318 -1.1445537019099009e-05
306 427 -1.1471568981118049e-05
307 306 -1.1471560976136860e-05
307 307 3.4664691835365877e-05
307 395 -1.1473509853834306e-05
307 492 -1.1394785912988196e-05
308 308 2.8379982406833364e-05
308 510 -9.5810626734744020e-06
308 557 -9.9124582145071184e-06
308 1625 -8.5625755019179533e-06
309 309 3.0982448388878126e-05
309 314 -1.0282399302113851e-05
309 404 -1.0195583080475492e-05
309 405 -1.0197444202955124e-05
310 310 2.9156618548541973e-05
310 323 -8.5968433832410037e-06
310 943 -9.0199947930061673e-06
310 1987 -1.1231276174120573e-05
311 311 3.1695403413537033e-05
311 317 -1.0555608056256913e-05
311 437 -1.0414154255063018e-05
311 485 -1.0414553293762793e-05
312 225 -1.0426482733243829e-05
312 261 -1.0380449041752306e-05
312 312 3.1509637206195922e-05
312 1558 -1.0392827535157271e-05
313 313 3.0632632238502960e-05
313 327 -1.0104970771828558e-05
313 495 -1.0090630466846962e-05
313 508 -1.0130354441843961e-05
314 261 -1.0297492265388234e-05
314 309 -1.0282399302113851e-05
314 314 3.1217432017661102e-05
314 411 -1.0327595477650479e-05
315 302 -1.1721525236238910e-05
315 315 3.5459641122202745e-05
315 387 -1.1435062747874809e-05
315 541 -1.1661476683116808e-05
316 180 -1.0906999157265141e-05
316 257 -1.0899768968145565e-05
316 316 3.3105479923023091e-05
316 329 -1.0980703417063195e-05
317 254 -1.0638151232406120e-05
317 311 -1.0555608056256913e-05
317 317 3.2069767356222761e-05
317 1389 -1.0563489048057439e-05
318 297 -1.1396167700538652e-05
318 306 -1.1445537019099009e-05
318 318 3.4559862004615364e-05
318 1055 -1.1395933245301339e-05
319 283 -1.1319305695965160e-05
319 319 3.4325907507277890e-05
319 1632 -1.1333909422396071e-05
319 1665 -1.1350024234162963e-05
320 222 -1.1618725764683086e-05
320 253 -1.1519960028665301e-05
320 320 3.4984395530133320e-05
320 563 -1.1522577415731142e-05
321 210 -9.5412218962794210e-06
321 288 -1.0173496749410720e-05
321 321 3.9990332194792909e-05
322 322 2.6231447421113356e-05
322 324 -8.8211526482644163e-06
322 338 -8.4624415862886819e-06
