%%MatrixMarket matrix coordinate real general
66 66 244
1 1 5.6918919722585471e-05
1 2 -1.3256598911296448e-05
1 7 -9.6808838964713441e-06
1 45 -9.3683398271312676e-06
2 1 -1.3256598911296448e-05
2 2 5.2251426205747918e-05
2 25 -8.1528954222386389e-06
2 34 -9.2552333249354430e-06
3 3 5.6779712681489906e-05
3 8 -1.3951695092115592e-05
3 20 -1.0323923632418760e-05
3 62 -1.1786471393996507e-05
4 4 5.0578255186695515e-05
4 6 -1.1437704305528858e-05
4 25 -1.1602126067679808e-05
4 64 -8.1431827591672323e-06
5 5 5.3636072758104228e-05
5 9 -1.2529474574425562e-05
5 30 -9.8443107466135463e-06
5 61 -1.0812669243778941e-05
6 4 -1.1437704305528858e-05
6 6 4.9829753341333231e-05
6 35 -9.2949341516431577e-06
6 63 -1.0726785946291232e-05
7 1 -9.6808838964713441e-06
7 7 4.8184144159790345e-05
7 36 -8.3934363978153206e-06
7 60 -1.0285080814549650e-05
8 3 -1.3951695092115592e-05
8 8 5.2197572506913921e-05
8 47 -8.2774414167118685e-06
8 49 -1.1674751058154022e-05
9 5 -1.2529474574425562e-05
9 9 4.9324507475846695e-05
9 46 -1.1000773537547638e-05
9 48 -7.5097325113737687e-06
10 10 5.5465447533357051e-05
10 19 -8.4829357496019682e-06
10 21 -9.0794381312072641e-06
11 11 5.2852093475721726e-05
11 23 -8.8716648844091671e-06
11 32 -9.1083452297422086e-06
12 12 5.2269231103687393e-05
12 24 -8.5097139155608161e-06
12 31 -9.1537801757628287e-06
13 13 5.1593220603387654e-05
13 15 -1.0729257544339936e-05
13 20 -1.0688444808524122e-05
13 30 -1.0246799589497008e-05
14 14 5.3746806592665756e-05
14 33 -7.5297320575474872e-06
14 34 -7.8958760438529534e-06
15 13 -1.0729257544339936e-05
15 15 5.7311216391574981e-05
15 47 -1.1805708099156118e-05
15 48 -1.1956718237459771e-05
16 16 5.8317226158014737e-05
16 21 -9.1853172885199317e-06
16 56 -1.1427335479731147e-05
17 17 5.8457935075362565e-05
17 23 -9.6577546584233519e-06
17 57 -1.1287023118986979e-05
18 18 5.0991127617382136e-05
18 24 -8.7520668008498251e-06
18 58 -9.8010964428854278e-06
19 10 -8.4829357496019682e-06
19 19 4.5617431657591047e-05
19 22 -9.1910947862072803e-06
19 36 -9.2037860471553083e-06
20 3 -1.0323923632418760e-05
20 13 -1.0688444808524122e-05
20 20 5.2804437306246368e-05
20 23 -1.1951918263163898e-05
21 10 -9.0794381312072641e-06
21 16 -9.1853172885199317e-06
21 21 4.9179920291690142e-05
21 46 -1.0266099137284356e-05
22 19 -9.1910947862072803e-06
22 22 5.7958894875184699e-05
22 59 -1.0386478572467927e-05
23 11 -8.8716648844091671e-06
23 17 -9.6577546584233519e-06
23 20 -1.1951918263163898e-05
23 23 5.1792858642173525e-05
24 12 -8.5097139155608161e-06
24 18 -8.7520668008498251e-06
24 24 4.7875749100460466e-05
24 35 -1.1012822101630653e-05
25 2 -8.1528954222386389e-06
25 4 -1.1602126067679808e-05
25 25 4.7832947408387025e-05
25 33 -9.1487199219053807e-06
26 26 6.0612486699561358e-05
26 31 -1.0047932552181508e-05
26 54 -1.2857730109052694e-05
27 27 4.9877182337527649e-05
27 32 -7.9527426393316247e-06
27 53 -9.4841476716273450e-06
28 28 5.8851791292310724e-05
28 33 -9.7809889281598424e-06
28 55 -1.1498293316726558e-05
29 29 5.8604025774797291e-05
29 34 -9.0379970262731500e-06
29 52 -1.1137956118399936e-05
30 5 -9.8443107466135463e-06
30 13 -1.0246799589497008e-05
30 30 5.0830829117972405e-05
30 32 -1.1465825904432492e-05
31 12 -9.1537801757628287e-06
31 26 -1.0047932552181508e-05
31 31 5.4189550476728524e-05
31 49 -1.2237534089510006e-05
32 11 -9.1083452297422086e-06
32 27 -7.9527426393316247e-06
32 30 -1.1465825904432492e-05
32 32 4.8326478772080742e-05
33 14 -7.5297320575474872e-06
33 25 -9.1487199219053807e-06
33 28 -9.7809889281598424e-06
33 33 4.3172397379966416e-05
34 2 -9.2552333249354430e-06
34 14 -7.8958760438529534e-06
34 29 -9.0379970262731500e-06
34 34 4.3570972102453836e-05
35 6 -9.2949341516431577e-06
35 24 -1.1012822101630653e-05
35 35 5.0444642761179805e-05
35 65 -1.2233071370522557e-05
36 7 -8.3934363978153206e-06
36 19 -9.2037860471553083e-06
36 36 4.7734091697773595e-05
36 66 -1.1561061772883612e-05
37 37 6.1557082850466824e-05
37 41 -1.3263815570444707e-05
37 54 -7.7742443328036796e-06
38 38 4.4479224887065810e-05
38 42 -9.3617377317941826e-06
38 53 -5.9737369654040654e-06
39 39 4.3011313510844901e-05
39 40 -9.3571213966662421e-06
39 55 -6.2420508948730588e-06
40 39 -9.3571213966662421e-06
40 40 4.4461064876140518e-05
40 58 -5.9714780196466482e-06
41 37 -1.3263815570444707e-05
41 41 6.2189235820178201e-05
41 57 -8.2977534580040996e-06
42 38 -9.3617377317941826e-06
42 42 4.3077853916473658e-05
42 56 -6.2751411831010818e-06
43 43 5.5535616711797430e-05
43 44 -1.1199636144771236e-05
43 59 -6.9986917381405261e-06
44 43 -1.1199636144771236e-05
44 44 5.5202132122041407e-05
44 52 -6.6717745647104987e-06
45 1 -9.3683398271312676e-06
45 45 4.8746276266915347e-05
45 51 -1.1061826215059051e-05
45 64 -8.7694802569271682e-06
46 9 -1.1000773537547638e-05
46 21 -1.0266099137284356e-05
46 46 4.5026157682114638e-05
46 66 -7.4115222261250518e-06
47 8 -8.2774414167118685e-06
47 15 -1.1805708099156118e-05
47 47 4.9566513345399710e-05
47 50 -1.1669143840860897e-05
48 9 -7.5097325113737687e-06
48 15 -1.1956718237459771e-05
48 48 4.9409168666883033e-05
48 51 -1.1411332699061902e-05
49 8 -1.1674751058154022e-05
49 31 -1.2237534089510006e-05
49 49 5.0335479553348344e-05
49 65 -9.0795401426605292e-06
50 47 -1.1669143840860897e-05
50 50 5.0992892713509115e-05
50 64 -1.3066089216089040e-05
50 65 -8.6169371687089663e-06
51 45 -1.1061826215059051e-05
51 48 -1.1411332699061902e-05
51 51 4.7958293587501319e-05
51 66 -7.9373002842082557e-06
52 29 -1.1137956118399936e-05
52 44 -6.6717745647104987e-06
52 52 4.2518118476545017e-05
52 60 -8.9479025153177418e-06
53 27 -9.4841476716273450e-06
53 38 -5.9737369654040654e-06
53 53 3.7602838255581373e-05
53 61 -8.6897474891122765e-06
54 26 -1.2857730109052694e-05
54 37 -7.7742443328036796e-06
54 54 4.9983495276967522e-05
54 62 -1.1485899427101051e-05
55 28 -1.1498293316726558e-05
55 39 -6.2420508948730588e-06
55 55 4.2187529342272761e-05
55 63 -9.4393736015271637e-06
56 16 -1.1427335479731147e-05
56 42 -6.2751411831010818e-06
56 56 4.1329279971486746e-05
56 61 -9.0932819879754328e-06
57 17 -1.1287023118986979e-05
57 41 -8.2977534580040996e-06
57 57 4.5364392769358210e-05
57 62 -9.9673496879632084e-06
58 18 -9.8010964428854278e-06
58 40 -5.9714780196466482e-06
58 58 3.7463275500597538e-05
58 63 -8.3404726173444486e-06
59 22 -1.0386478572467927e-05
59 43 -6.9986917381405261e-06
59 59 3.9102479300772383e-05
59 60 -7.6316270447403739e-06
60 7 -1.0285080814549650e-05
60 52 -8.9479025153177418e-06
60 59 -7.6316270447403739e-06
60 60 4.1970688395739385e-05
61 5 -1.0812669243778941e-05
61 53 -8.6897474891122765e-06
61 56 -9.0932819879754328e-06
61 61 4.3395994930893146e-05
62 3 -1.1786471393996507e-05
62 54 -1.1485899427101051e-05
62 57 -9.9673496879632084e-06
62 62 4.9514493261349017e-05
63 6 -1.0726785946291232e-05
63 55 -9.4393736015271637e-06
63 58 -8.3404726173444486e-06
63 63 4.2846437588325265e-05
64 4 -8.1431827591672323e-06
64 45 -8.7694802569271682e-06
64 50 -1.3066089216089040e-05
64 64 4.7268858203758338e-05
65 35 -1.2233071370522557e-05
65 49 -9.0795401426605292e-06
65 50 -8.6169371687089663e-06
65 65 4.4782328472735657e-05
66 36 -1.1561061772883612e-05
66 46 -7.4115222261250518e-06
66 51 -7.9373002842082557e-06
66 66 4.1276429524148836e-05
