%%MatrixMarket matrix coordinate real general
66 66 244
1 1 5.6813243048811301e-05
1 2 -1.3100479084828119e-05
1 7 -9.5682093094107211e-06
1 45 -9.2139610513063952e-06
2 1 -1.3100479084828119e-05
2 2 5.2214138739449574e-05
2 25 -8.2738761658196572e-06
2 34 -9.1148388527625409e-06
3 3 5.6777924851893706e-05
3 8 -1.3878233928982010e-05
3 20 -1.0275543513744716e-05
3 62 -1.1817048266586354e-05
4 4 5.1389917814696767e-05
4 6 -1.1723343090238265e-05
4 25 -1.1649510795714936e-05
4 64 -8.1301759822864776e-06
5 5 5.5357110883605810e-05
5 9 -1.2777565931980369e-05
5 30 -1.0065442923411870e-05
5 61 -1.1100773705954148e-05
6 4 -1.1723343090238265e-05
6 6 5.1483504399451495e-05
6 35 -9.5497856787257238e-06
6 63 -1.1077084567671597e-05
7 1 -9.5682093094107211e-06
7 7 4.7714348719125473e-05
7 36 -8.3156133471662716e-06
7 60 -1.0121369331625845e-05
8 3 -1.3878233928982010e-05
8 8 5.2218284295499781e-05
8 47 -8.1884619684239897e-06
8 49 -1.1765128698370876e-05
9 5 -1.2777565931980369e-05
9 9 4.9954209327475035e-05
9 46 -1.1013943639954285e-05
9 48 -7.4919472139911550e-06
10 10 5.6363392138288430e-05
10 19 -8.4969102524506912e-06
10 21 -9.2049229251720813e-06
11 11 6.7055344625406311e-05
11 23 -1.0952437818289228e-05
11 32 -1.1281717211575310e-05
12 12 6.6641453538679866e-05
12 24 -1.0589052718247487e-05
12 31 -1.1340420379213021e-05
13 13 5.2043327197920020e-05
13 15 -1.0710920724106299e-05
13 20 -1.0715530667938708e-05
13 30 -1.0296257479180523e-05
14 14 5.4827621450768438e-05
14 33 -7.6383567515043098e-06
14 34 -7.9545403551482560e-06
15 13 -1.0710920724106299e-05
15 15 5.7454932969576021e-05
15 47 -1.1740404122496927e-05
15 48 -1.1807501173977563e-05
16 16 6.1189363288960139e-05
16 21 -9.3523992572167174e-06
16 56 -1.2359446753182854e-05
17 17 6.9662840846889591e-05
17 23 -1.1238365806920575e-05
17 57 -1.3169847951648075e-05
18 18 6.8767740030637925e-05
18 24 -1.1454474447620892e-05
18 58 -1.3006325608399767e-05
19 10 -8.4969102524506912e-06
19 19 4.5800045682479638e-05
19 22 -9.1862683279217002e-06
19 36 -9.1200343078039350e-06
20 3 -1.0275543513744716e-05
20 13 -1.0715530667938708e-05
20 20 5.3176761679505370e-05
20 23 -1.1893611637727619e-05
21 10 -9.2049229251720813e-06
21 16 -9.3523992572167174e-06
21 21 5.0237736105439170e-05
21 46 -1.0438722430582894e-05
22 19 -9.1862683279217002e-06
22 22 5.7930529997714542e-05
22 59 -1.0351414733206207e-05
23 11 -1.0952437818289228e-05
23 17 -1.1238365806920575e-05
23 20 -1.1893611637727619e-05
23 23 5.5194093786730972e-05
24 12 -1.0589052718247487e-05
24 18 -1.1454474447620892e-05
24 24 5.3553572078763275e-05
24 35 -1.1316464742902385e-05
25 2 -8.2738761658196572e-06
25 4 -1.1649510795714936e-05
25 25 4.8788413405688101e-05
25 33 -9.3061382725537940e-06
26 26 7.1757108188928313e-05
26 31 -1.1624659749849993e-05
26 54 -1.4902396955376209e-05
27 27 6.7568654597104387e-05
27 32 -1.0437343900026107e-05
27 53 -1.2631764740636452e-05
28 28 6.1710666284791178e-05
28 33 -9.9633399185043236e-06
28 55 -1.2394318692894637e-05
29 29 5.8602007861027698e-05
29 34 -9.0807552935163300e-06
29 52 -1.1089379161838553e-05
30 5 -1.0065442923411870e-05
30 13 -1.0296257479180523e-05
30 30 5.2314353108221740e-05
30 32 -1.1759041087013732e-05
31 12 -1.1340420379213021e-05
31 26 -1.1624659749849993e-05
31 31 5.7738753210314888e-05
31 49 -1.2200178671170993e-05
32 11 -1.1281717211575310e-05
32 27 -1.0437343900026107e-05
32 30 -1.1759041087013732e-05
32 32 5.3836091994542298e-05
33 14 -7.6383567515043098e-06
33 25 -9.3061382725537940e-06
33 28 -9.9633399185043236e-06
33 33 4.4095619342743775e-05
34 2 -9.1148388527625409e-06
34 14 -7.9545403551482560e-06
34 29 -9.0807552935163300e-06
34 34 4.3887308994510041e-05
35 6 -9.5497856787257238e-06
35 24 -1.1316464742902385e-05
35 35 5.1848278826965953e-05
35 65 -1.2313491682686509e-05
36 7 -8.3156133471662716e-06
36 19 -9.1200343078039350e-06
36 36 4.7778575773699073e-05
36 66 -1.1478530330557670e-05
37 37 6.8098275314160437e-05
37 41 -1.4600945353872965e-05
37 54 -8.4787347841410816e-06
38 38 6.3979336615008957e-05
38 42 -1.3614924160091956e-05
38 53 -8.3338259632711208e-06
39 39 6.0225030151442249e-05
39 40 -1.3612351089716428e-05
39 55 -7.0975422613312069e-06
40 39 -1.3612351089716428e-05
40 40 6.3962391790546954e-05
40 58 -8.3281386827866601e-06
41 37 -1.4600945353872965e-05
41 41 6.8672080314707896e-05
41 57 -9.0383132667353796e-06
42 38 -1.3614924160091956e-05
42 42 6.0294070328042200e-05
42 56 -7.1568602767024329e-06
43 43 5.5484171418121321e-05
43 44 -1.1198020374850297e-05
43 59 -6.9678468849322434e-06
44 43 -1.1198020374850297e-05
44 44 5.5154486164222982e-05
44 52 -6.6361773524305741e-06
45 1 -9.2139610513063952e-06
45 45 4.8501272073298897e-05
45 51 -1.0893970396495574e-05
45 64 -8.7526332973708791e-06
46 9 -1.1013943639954285e-05
46 21 -1.0438722430582894e-05
46 46 4.6082640564798521e-05
46 66 -7.5412049088179733e-06
47 8 -8.1884619684239897e-06
47 15 -1.1740404122496927e-05
47 47 4.9857523154845339e-05
47 50 -1.1613518185235191e-05
48 9 -7.4919472139911550e-06
48 15 -1.1807501173977563e-05
48 48 4.9620992898675499e-05
48 51 -1.1386278961743031e-05
49 8 -1.1765128698370876e-05
49 31 -1.2200178671170993e-05
49 49 5.0854382351667286e-05
49 65 -9.1622241617092800e-06
50 47 -1.1613518185235191e-05
50 50 5.1088096651277249e-05
50 64 -1.2980945970190705e-05
50 65 -8.6160907337644503e-06
51 45 -1.0893970396495574e-05
51 48 -1.1386278961743031e-05
51 51 4.7961700657107607e-05
51 66 -7.8185194350203077e-06
52 29 -1.1089379161838553e-05
52 44 -6.6361773524305741e-06
52 52 4.2530847149299672e-05
52 60 -8.9175542186944202e-06
53 27 -1.2631764740636452e-05
53 38 -8.3338259632711208e-06
53 53 4.6018566438649341e-05
53 61 -9.7175639797202811e-06
54 26 -1.4902396955376209e-05
54 37 -8.4787347841410816e-06
54 54 5.2441508335814626e-05
54 62 -1.1400868292998605e-05
55 28 -1.2394318692894637e-05
55 39 -7.0975422613312069e-06
55 55 4.6105809811599444e-05
55 63 -1.0181199027988105e-05
56 16 -1.2359446753182854e-05
56 42 -7.1568602767024329e-06
56 56 4.5373236858103031e-05
56 61 -9.7616648551737249e-06
57 17 -1.3169847951648075e-05
57 41 -9.0383132667353796e-06
57 57 4.7722980292106673e-05
57 62 -9.8934175737609965e-06
58 18 -1.3006325608399767e-05
58 40 -8.3281386827866601e-06
58 58 4.5830699958720102e-05
58 63 -9.3187562605306795e-06
59 22 -1.0351414733206207e-05
59 43 -6.9678468849322434e-06
59 59 3.9142060903354909e-05
59 60 -7.6069019277451720e-06
60 7 -1.0121369331625845e-05
60 52 -8.9175542186944202e-06
60 59 -7.6069019277451720e-06
60 60 4.1915547633905652e-05
61 5 -1.1100773705954148e-05
61 53 -9.7175639797202811e-06
61 56 -9.7616648551737249e-06
61 61 4.6723052937128774e-05
62 3 -1.1817048266586354e-05
62 54 -1.1400868292998605e-05
62 57 -9.8934175737609965e-06
62 62 4.9588243605364119e-05
63 6 -1.1077084567671597e-05
63 55 -1.0181199027988105e-05
63 58 -9.3187562605306795e-06
63 63 4.6321802458290781e-05
64 4 -8.1301759822864776e-06
64 45 -8.7526332973708791e-06
64 50 -1.2980945970190705e-05
64 64 4.7538971278814780e-05
65 35 -1.2313491682686509e-05
65 49 -9.1622241617092800e-06
65 50 -8.6160907337644503e-06
65 65 4.5086086446334366e-05
66 36 -1.1478530330557670e-05
66 46 -7.5412049088179733e-06
66 51 -7.8185194350203077e-06
66 66 4.1458878786077092e-05
