%%MatrixMarket matrix coordinate real general
66 66 244
1 1 5.7035469420474319e-05
1 2 -1.3281732616943507e-05
1 7 -9.6993280906403218e-06
1 45 -9.3866909226838675e-06
2 1 -1.3281732616943507e-05
2 2 5.2335595650859379e-05
2 25 -8.1810159006687433e-06
2 34 -9.2658068903815592e-06
3 3 5.6870596856285704e-05
3 8 -1.3970938319273280e-05
3 20 -1.0339500055004224e-05
3 62 -1.1804581346145838e-05
4 4 5.0737294494629555e-05
4 6 -1.1482579245736381e-05
4 25 -1.1635106378271985e-05
4 64 -8.1686700412356288e-06
5 5 5.3853393259552690e-05
5 9 -1.2574540810433181e-05
5 30 -9.8796561572247167e-06
5 61 -1.0857272819191112e-05
6 4 -1.1482579245736381e-05
6 6 5.0042119173741587e-05
6 35 -9.3316703196190349e-06
6 63 -1.0775136003808112e-05
7 1 -9.6993280906403218e-06
7 7 4.8247696525578805e-05
7 36 -8.4068233797222361e-06
7 60 -1.0295804162868098e-05
8 3 -1.3970938319273280e-05
8 8 5.2281942090045579e-05
8 47 -8.2874558000036825e-06
8 49 -1.1707476201453346e-05
9 5 -1.2574540810433181e-05
9 9 4.9474710641582019e-05
9 46 -1.1029950652759891e-05
9 48 -7.5338045835479380e-06
10 10 5.5575685444430255e-05
10 19 -8.4964207230825505e-06
10 21 -9.1043983626518065e-06
11 11 5.3526801322852063e-05
11 23 -8.9742947950878132e-06
11 32 -9.2195682056043542e-06
12 12 5.2935751575644236e-05
12 24 -8.6137747712962918e-06
12 31 -9.2591813877096659e-06
13 13 5.1717523207597493e-05
13 15 -1.0752838849966424e-05
13 20 -1.0711647493746082e-05
13 30 -1.0271446776967201e-05
14 14 5.3870353993108106e-05
14 33 -7.5494847055381855e-06
14 34 -7.9121585386900392e-06
15 13 -1.0752838849966424e-05
15 15 5.7438247086595353e-05
15 47 -1.1837481040066443e-05
15 48 -1.1980375920904447e-05
16 16 5.8617056597632042e-05
16 21 -9.2148468521999917e-06
16 56 -1.1504398135793136e-05
17 17 5.9146946066869735e-05
17 23 -9.7603022485076210e-06
17 57 -1.1408411305906283e-05
18 18 5.1579028572227770e-05
18 24 -8.8472716037850932e-06
18 58 -9.9217533804903138e-06
19 10 -8.4964207230825505e-06
19 19 4.5687480329857416e-05
19 22 -9.2039300605921602e-06
19 36 -9.2193342948441878e-06
20 3 -1.0339500055004224e-05
20 13 -1.0711647493746082e-05
20 20 5.2907685895568627e-05
20 23 -1.1964959531593074e-05
21 10 -9.1043983626518065e-06
21 16 -9.2148468521999917e-06
21 21 4.9340802939826178e-05
21 46 -1.0305865419341613e-05
22 19 -9.2039300605921602e-06
22 22 5.8005483440896769e-05
22 59 -1.0392380693444184e-05
23 11 -8.9742947950878132e-06
23 17 -9.7603022485076210e-06
23 20 -1.1964959531593074e-05
23 23 5.2035841317857109e-05
24 12 -8.6137747712962918e-06
24 18 -8.8472716037850932e-06
24 24 4.8299860816542491e-05
24 35 -1.1083057016784059e-05
25 2 -8.1810159006687433e-06
25 4 -1.1635106378271985e-05
25 25 4.8010620704696073e-05
25 33 -9.1830052479049650e-06
26 26 6.1313519462734059e-05
26 31 -1.0153269275484559e-05
26 54 -1.2993255314570164e-05
27 27 5.0435537331940756e-05
27 32 -8.0366320192871853e-06
27 53 -9.5987367276276616e-06
28 28 5.9148218830169809e-05
28 33 -9.8110088677348983e-06
28 55 -1.1574097697107762e-05
29 29 5.8655237407255625e-05
29 34 -9.0544457544870040e-06
29 52 -1.1143895878464188e-05
30 5 -9.8796561572247167e-06
30 13 -1.0271446776967201e-05
30 30 5.1042690250082532e-05
30 32 -1.1536089853398445e-05
31 12 -9.2591813877096659e-06
31 26 -1.0153269275484559e-05
31 31 5.4452436160646865e-05
31 49 -1.2255065997992394e-05
32 11 -9.2195682056043542e-06
32 27 -8.0366320192871853e-06
32 30 -1.1536089853398445e-05
32 32 4.8742627889251540e-05
33 14 -7.5494847055381855e-06
33 25 -9.1830052479049650e-06
33 28 -9.8110088677348983e-06
33 33 4.3303931782312375e-05
34 2 -9.2658068903815592e-06
34 14 -7.9121585386900392e-06
34 29 -9.0544457544870040e-06
34 34 4.3653531146559505e-05
35 6 -9.3316703196190349e-06
35 24 -1.1083057016784059e-05
35 35 5.0662727192093472e-05
35 65 -1.2261763660144608e-05
36 7 -8.4068233797222361e-06
36 19 -9.2193342948441878e-06
36 36 4.7821327875144822e-05
36 66 -1.1587260968268670e-05
37 37 6.2079223089149069e-05
37 41 -1.3372685844405143e-05
37 54 -7.8305639964208613e-06
38 38 4.4676339886790164e-05
38 42 -9.4211511394404542e-06
38 53 -6.0055577968599429e-06
39 39 4.3560457847850083e-05
39 40 -9.4164552420936111e-06
39 55 -6.2999561025892300e-06
40 39 -9.4164552420936111e-06
40 40 4.4657184791043933e-05
40 58 -6.0030436064978114e-06
41 37 -1.3372685844405143e-05
41 41 6.2703201845127065e-05
41 57 -8.3574755555192646e-06
42 38 -9.4211511394404542e-06
42 42 4.3626980914828075e-05
42 56 -6.3342476442132125e-06
43 43 5.5549230252821420e-05
43 44 -1.1202213453264780e-05
43 59 -7.0021446845417633e-06
44 43 -1.1202213453264780e-05
44 44 5.5216311377786424e-05
44 52 -6.6748528128951221e-06
45 1 -9.3866909226838675e-06
45 45 4.8854396031944384e-05
45 51 -1.1084292114431281e-05
45 64 -8.7960909237485211e-06
46 9 -1.1029950652759891e-05
46 21 -1.0305865419341613e-05
46 46 4.5192412037550425e-05
46 66 -7.4397483206800311e-06
47 8 -8.2874558000036825e-06
47 15 -1.1837481040066443e-05
47 47 4.9699757737278034e-05
47 50 -1.1701588852717985e-05
48 9 -7.5338045835479380e-06
48 15 -1.1980375920904447e-05
48 48 4.9560765472252858e-05
48 51 -1.1447470939034228e-05
49 8 -1.1707476201453346e-05
49 31 -1.2255065997992394e-05
49 49 5.0475744492830524e-05
49 65 -9.1063475169488458e-06
50 47 -1.1701588852717985e-05
50 50 5.1029747632018877e-05
50 64 -1.3098452177440933e-05
50 65 -8.6354169707612309e-06
51 45 -1.1084292114431281e-05
51 48 -1.1447470939034228e-05
51 51 4.8077304389691113e-05
51 66 -7.9540062112733309e-06
52 29 -1.1143895878464188e-05
52 44 -6.6748528128951221e-06
52 52 4.2547214513198435e-05
52 60 -8.9594804678590294e-06
53 27 -9.5987367276276616e-06
53 38 -6.0055577968599429e-06
53 53 3.8140185598890177e-05
53 61 -8.8274094709646750e-06
54 26 -1.2993255314570164e-05
54 37 -7.8305639964208613e-06
54 54 5.0162666650922974e-05
54 62 -1.1483117862992629e-05
55 28 -1.1574097697107762e-05
55 39 -6.2999561025892300e-06
55 55 4.2533015706157980e-05
55 63 -9.5064621371874896e-06
56 16 -1.1504398135793136e-05
56 42 -6.3342476442132125e-06
56 56 4.1630073696896953e-05
56 61 -9.1556120496267528e-06
57 17 -1.1408411305906283e-05
57 41 -8.3574755555192646e-06
57 57 4.5531630271684969e-05
57 62 -9.9641991802646040e-06
58 18 -9.9217533804903138e-06
58 40 -6.0030436064978114e-06
58 58 3.7995599740016050e-05
58 63 -8.4720338435813928e-06
59 22 -1.0392380693444184e-05
59 43 -7.0021446845417633e-06
59 59 3.9130116980246073e-05
59 60 -7.6416159300643319e-06
60 7 -1.0295804162868098e-05
60 52 -8.9594804678590294e-06
60 59 -7.6416159300643319e-06
60 60 4.2026087601593928e-05
61 5 -1.0857272819191112e-05
61 53 -8.8274094709646750e-06
61 56 -9.1556120496267528e-06
61 61 4.3749473343725738e-05
62 3 -1.1804581346145838e-05
62 54 -1.1483117862992629e-05
62 57 -9.9641991802646040e-06
62 62 4.9558697064226533e-05
63 6 -1.0775136003808112e-05
63 55 -9.5064621371874896e-06
63 58 -8.4720338435813928e-06
63 63 4.3198338215694975e-05
64 4 -8.1686700412356288e-06
64 45 -8.7960909237485211e-06
64 50 -1.3098452177440933e-05
64 64 4.7414102608139477e-05
65 35 -1.2261763660144608e-05
65 49 -9.1063475169488458e-06
65 50 -8.6354169707612309e-06
65 65 4.4889129809590442e-05
66 36 -1.1587260968268670e-05
66 46 -7.4397483206800311e-06
66 51 -7.9540062112733309e-06
66 66 4.1383945799261832e-05
