%%MatrixMarket matrix coordinate real general
26 26 92
1 1 2.0444466649546712e-05
1 2 -1.1792496788912722e-07
1 19 -3.0368814048603456e-07
1 22 -8.0524913430779785e-08
2 1 -1.1792496788912722e-07
2 2 1.3772430783865200e-05
2 20 -3.9490741154000533e-07
2 21 -9.4901983784484437e-08
3 3 3.8846167284657305e-05
3 16 -4.3443050679372958e-07
3 17 -1.6279318777103166e-07
4 4 5.1763460787934519e-03
4 15 -4.5856352353096342e-05
4 18 -3.9150897779843081e-03
5 5 8.9400084873209949e-06
5 23 -3.6988504950935259e-07
5 25 -2.7486258986677631e-07
6 6 4.9110649038292887e-05
6 24 -2.8991767432881794e-05
6 26 -3.1496604360847632e-06
7 7 7.4594601181867212e-05
7 10 -5.0229629307388294e-05
7 24 -2.4529635991044792e-06
8 8 5.0667376842443435e-05
8 9 -1.3469143433639573e-05
8 23 -4.4793376986025431e-07
9 8 -1.3469143433639573e-05
9 9 1.0248741745317310e-04
9 17 -1.2238761520256894e-07
10 7 -5.0229629307388294e-05
10 10 4.3198626474918334e-03
10 18 -2.4883735386563286e-03
11 11 1.0124271001754791e-04
11 13 -2.0368588312621284e-05
11 15 -1.2572234876949749e-05
12 12 8.9568386695472742e-05
12 14 -9.7155574194702968e-06
12 16 -7.0694980956111209e-06
13 11 -2.0368588312621284e-05
13 13 6.7255104739935467e-05
13 25 -1.2917790901006633e-05
14 12 -9.7155574194702968e-06
14 14 4.5692145760533128e-05
14 26 -2.1801965908925577e-05
15 4 -4.5856352353096342e-05
15 11 -1.2572234876949749e-05
15 15 8.6896858022146405e-05
15 19 -2.6282904954279070e-07
16 3 -4.3443050679372958e-07
16 12 -7.0694980956111209e-06
16 16 2.7498685915779971e-05
16 20 -3.9072542620761009e-07
17 3 -1.6279318777103166e-07
17 9 -1.2238761520256894e-07
17 17 1.2603407096795718e-05
17 22 -2.8532524253157985e-07
18 4 -3.9150897779843081e-03
18 10 -2.4883735386563286e-03
18 18 6.4373502433871035e-03
18 21 -3.6818462058482250e-07
19 1 -3.0368814048603456e-07
19 15 -2.6282904954279070e-07
19 19 8.0653357427364214e-06
19 25 -2.4966860114336620e-07
20 2 -3.9490741154000533e-07
20 16 -3.9072542620761009e-07
20 20 1.1110639440164701e-05
20 26 -4.3808322517230109e-08
21 2 -9.4901983784484437e-08
21 18 -3.6818462058482250e-07
21 21 9.5175980932529163e-06
21 24 -3.8727528006632701e-08
22 1 -8.0524913430779785e-08
22 17 -2.8532524253157985e-07
22 22 8.9508556771132349e-06
22 23 -2.9322641538065391e-07
23 5 -3.6988504950935259e-07
23 8 -4.4793376986025431e-07
23 22 -2.9322641538065391e-07
23 23 2.5226171957271649e-05
24 6 -2.8991767432881794e-05
24 7 -2.4529635991044792e-06
24 21 -3.8727528006632701e-08
24 24 3.7990842700456231e-05
25 5 -2.7486258986677631e-07
25 13 -1.2917790901006633e-05
25 19 -2.4966860114336620e-07
25 25 3.9449868225761530e-05
26 6 -3.1496604360847632e-06
26 14 -2.1801965908925577e-05
26 20 -4.3808322517230109e-08
26 26 3.1042424646844298e-05
