%%MatrixMarket matrix coordinate real general
2128 2128 8392
1 1 3.5622927849007809e-05
1 5 -1.3080503771140162e-05
1 84 -1.0604696931807682e-05
1 587 -8.6263649281086023e-06
2 2 3.3117247580147384e-05
2 18 -1.1168449181508783e-05
2 21 -1.0522530232343816e-05
2 471 -7.8464172211442748e-06
3 3 3.9020709868384373e-05
3 28 -1.2608646238918661e-05
3 29 -1.3004020021073549e-05
3 1480 -9.6127706124820535e-06
4 4 3.1607846972463624e-05
4 14 -1.0896072227828658e-05
4 95 -9.5425605944340289e-06
4 1216 -7.9545454588757264e-06
5 1 -1.3080503771140162e-05
5 5 3.3194220313304392e-05
5 1919 -7.6222898164732129e-06
5 1924 -9.9429938675892954e-06
6 6 3.2339358282736449e-05
6 17 -1.0084095649963182e-05
6 48 -1.0857857195376412e-05
6 1434 -7.9524678256318537e-06
7 7 3.2252871363585977e-05
7 11 -1.0707528353730666e-05
7 85 -1.0661174220561672e-05
7 241 -7.7105036549196322e-06
8 8 3.5706386700219602e-05
8 26 -1.1903598787003702e-05
8 79 -1.1005575569597876e-05
8 1261 -9.4815225102219416e-06
9 9 3.5646511545270950e-05
9 40 -1.1699439545529991e-05
9 61 -1.1000919565809402e-05
9 1584 -9.5839307516916847e-06
10 10 3.2063323123597175e-05
10 41 -1.0719812422779502e-05
10 62 -9.9724873314285992e-06
10 344 -8.1515343703725909e-06
11 7 -1.0707528353730666e-05
11 11 2.9204324749059411e-05
11 86 -7.4312287549549822e-06
11 1860 -8.4757244301274318e-06
12 12 3.5684364464284137e-05
12 45 -1.1814674205870781e-05
12 55 -1.0576936226317746e-05
12 288 -9.8395623764185203e-06
13 13 3.1547839164308206e-05
13 25 -1.1561611677286238e-05
13 144 -7.1915771095724992e-06
13 1877 -1.0018198974733445e-05
14 4 -1.0896072227828658e-05
14 14 2.9528776930002090e-05
14 1861 -7.1157775528865009e-06
14 1926 -8.8908686553383738e-06
15 15 3.5703353946853509e-05
15 42 -1.2515304085062453e-05
15 78 -1.0757047890717241e-05
15 1672 -9.0051091632641276e-06
16 16 3.3706202766968220e-05
16 51 -8.6011733052201226e-06
16 82 -1.0717733734219090e-05
16 109 -1.0609409566379644e-05
17 6 -1.0084095649963182e-05
17 17 3.1231674264042738e-05
17 1151 -8.1580210610046118e-06
17 2000 -9.7682705715727969e-06
18 2 -1.1168449181508783e-05
18 18 3.0060898485434328e-05
18 62 -7.5750759772651629e-06
18 1898 -8.4347776185890979e-06
19 19 3.2767129945636689e-05
19 27 -1.1391517237057062e-05
19 1669 -8.3966086312002520e-06
19 2042 -1.0014159901131802e-05
20 20 3.4922982016179612e-05
20 63 -1.1921059975543556e-05
20 100 -1.0646637362852125e-05
20 565 -9.0878133028593037e-06
21 2 -1.0522530232343816e-05
21 21 3.8302064802301614e-05
21 2020 -9.1149322895511138e-06
22 22 3.3069606163568678e-05
22 43 -1.0928207305798553e-05
22 156 -1.0282409875249342e-05
22 1887 -8.6853234840241410e-06
23 23 3.4656159896854812e-05
23 71 -1.1735917699791271e-05
23 97 -1.0816820045996099e-05
23 469 -8.8986240904567021e-06
24 24 3.1816990292501873e-05
24 72 -1.0576773742745527e-05
24 98 -9.8768716402777437e-06
24 1449 -8.2940513755522488e-06
25 13 -1.1561611677286238e-05
25 25 2.9783986212039292e-05
25 1894 -6.7234034568169299e-06
25 1939 -9.0407880502121898e-06
26 8 -1.1903598787003702e-05
26 26 3.1884194132989152e-05
26 1904 -7.7940131622339898e-06
26 1920 -9.4647379417205638e-06
27 19 -1.1391517237057062e-05
27 27 3.0530314333898016e-05
27 1876 -6.7444729959479636e-06
27 2001 -9.9418217871859049e-06
28 3 -1.2608646238918661e-05
28 28 4.5743536847315638e-05
28 2041 -1.1004820768609106e-05
29 3 -1.3004020021073549e-05
29 29 3.3254777744892032e-05
29 61 -8.2063354538008462e-06
29 1911 -9.1557480615412304e-06
30 30 4.1246967661945904e-05
30 53 -1.2260162168806000e-05
30 2018 -9.1621157955859373e-06
31 31 4.0306035462662175e-05
31 54 -1.1640632231992311e-05
31 2019 -9.2059405860615173e-06
32 32 2.9117615837811704e-05
32 33 -1.1003497554958088e-05
32 114 -7.3707366771358467e-06
32 2085 -8.3544973028878599e-06
33 32 -1.1003497554958088e-05
33 33 3.1457874844333648e-05
33 119 -6.8557452111727778e-06
33 511 -1.0670945223607475e-05
34 34 3.1013219251776398e-05
34 35 -1.2030384608603517e-05
34 109 -7.0352420322135260e-06
34 2077 -9.2418695350189495e-06
35 34 -1.2030384608603517e-05
35 35 3.2506355401038016e-05
35 128 -6.9374770446511026e-06
35 659 -1.0273700234913505e-05
36 36 2.9309880488976912e-05
36 37 -1.1091552032414476e-05
36 103 -7.3613273808483746e-06
36 2068 -8.4659566440255548e-06
37 36 -1.1091552032414476e-05
37 37 3.1781248326322111e-05
37 121 -6.6336779939784177e-06
37 1035 -1.0966942801899494e-05
38 38 3.4579153747609054e-05
38 89 -1.1523568327465963e-05
38 92 -1.0783743818710723e-05
38 227 -9.0619578786248754e-06
39 39 3.1951540819765232e-05
39 90 -1.0296591354608874e-05
39 99 -1.0061553253982331e-05
39 1560 -8.4757680789634338e-06
40 9 -1.1699439545529991e-05
40 40 3.1830490463479290e-05
40 1915 -9.4931540169470558e-06
40 1943 -7.8818256945010258e-06
41 10 -1.0719812422779502e-05
41 41 2.9476891735092025e-05
41 1916 -9.0192373288593199e-06
41 1944 -7.0750759642071697e-06
42 15 -1.2515304085062453e-05
42 42 3.4164480423465380e-05
42 145 -7.6374410665776701e-06
42 1928 -1.1263887449171492e-05
43 22 -1.0928207305798553e-05
43 43 2.9733583216572230e-05
43 1906 -6.9075486730756453e-06
43 2014 -9.4215553346112551e-06
44 44 3.3976270231269885e-05
44 77 -9.8510128936269749e-06
44 96 -1.1766306042768343e-05
44 1493 -9.0532549939268962e-06
45 12 -1.1814674205870781e-05
45 45 3.2083443529448213e-05
45 1913 -9.5781283701468832e-06
45 1985 -7.9037505903758829e-06
46 46 3.8449844115900697e-05
46 73 -1.0115883069433790e-05
46 74 -1.0744091938034252e-05
47 47 3.0351590554741069e-05
47 56 -9.1973126948918034e-06
47 81 -8.7742796300299918e-06
47 1868 -9.3669033036821096e-06
48 6 -1.0857857195376412e-05
48 48 2.9808678516826983e-05
48 1903 -8.5440360876839461e-06
48 1999 -7.5807805360981017e-06
49 49 3.1966181549005733e-05
49 70 -9.3057275393504113e-06
49 93 -1.0448635045997636e-05
49 476 -8.8615422752686008e-06
50 50 3.4328281987222093e-05
50 68 -9.9573553206782535e-06
50 145 -1.1702898518299685e-05
50 727 -9.2775729194028400e-06
51 16 -8.6011733052201226e-06
51 51 3.0880040116324185e-05
51 147 -1.0590244520504032e-05
51 476 -8.3914199192536929e-06
52 52 3.0272547032354420e-05
52 59 -8.8738965930887789e-06
52 146 -1.0373592979463143e-05
52 482 -7.9137386468274308e-06
53 30 -1.2260162168806000e-05
53 53 3.1381267722882116e-05
53 1977 -6.8203514834588549e-06
53 1980 -9.9246655067959747e-06
54 31 -1.1640632231992311e-05
54 54 2.9403688094354363e-05
54 1979 -6.3741893418422092e-06
54 1981 -9.0601907449986463e-06
55 12 -1.0576936226317746e-05
55 55 3.2651781268969003e-05
55 1888 -9.8384171587679187e-06
55 2006 -9.1006735586585173e-06
56 47 -9.1973126948918034e-06
56 56 2.9888363767481489e-05
56 87 -8.8677147198710467e-06
56 159 -8.8276416048432820e-06
57 57 3.0776591368038053e-05
57 58 -1.2097104354700475e-05
57 86 -8.9700591158633484e-06
57 2064 -7.2896879750110478e-06
58 57 -1.2097104354700475e-05
58 58 2.9813706302071236e-05
58 139 -8.7875020532666043e-06
58 2039 -6.7652340428807403e-06
59 52 -8.8738965930887789e-06
59 59 3.1366164503279723e-05
59 130 -9.0121133001621916e-06
59 1894 -1.0234932277746799e-05
60 60 3.1503796928156048e-05
60 67 -9.0282936568852353e-06
60 131 -8.8625618117302560e-06
60 1906 -1.0354684301932489e-05
61 9 -1.1000919565809402e-05
61 29 -8.2063354538008462e-06
61 61 3.1351257841184288e-05
61 1896 -9.3063236002832446e-06
62 10 -9.9724873314285992e-06
62 18 -7.5750759772651629e-06
62 62 2.9077386704528201e-05
62 1897 -8.7338485284102206e-06
63 20 -1.1921059975543556e-05
63 63 3.3298014344290335e-05
63 96 -7.5704593778795684e-06
63 1931 -1.1114841502754427e-05
64 64 3.2610665135855296e-05
64 76 -9.8402522982010492e-06
64 156 -9.1509388038230028e-06
64 1890 -1.0786889871295532e-05
65 65 2.9572289131441646e-05
65 87 -9.2438782103049429e-06
65 88 -8.7173422122018807e-06
65 433 -8.6751670894383674e-06
66 66 3.2069775922313930e-05
66 69 -9.8650463163303499e-06
66 1882 -9.7129599825512168e-06
66 1907 -9.5490602508044333e-06
67 60 -9.0282936568852353e-06
67 67 3.1034106796701936e-05
67 1287 -8.5105817663531717e-06
67 1992 -1.0326448954145389e-05
68 50 -9.9573553206782535e-06
68 68 3.3854219710278235e-05
68 101 -9.2324250617506873e-06
68 1947 -1.1359037990925893e-05
69 66 -9.8650463163303499e-06
69 69 3.0793949499205255e-05
69 160 -9.0224221006052410e-06
69 1868 -8.9937815728103622e-06
70 49 -9.3057275393504113e-06
70 70 3.1409564235963267e-05
70 141 -8.7162936418315085e-06
70 2016 -1.0273982840777944e-05
71 23 -1.1735917699791271e-05
71 71 3.3271442512154172e-05
71 89 -7.8379172726836224e-06
71 1934 -1.0965995832424691e-05
72 24 -1.0576773742745527e-05
72 72 2.9407766673012441e-05
72 90 -7.0109525200875011e-06
72 1936 -9.2252600948955848e-06
73 46 -1.0115883069433790e-05
73 73 3.1828495831949176e-05
73 86 -9.1390404956836125e-06
73 273 -9.0655068286061483e-06
74 46 -1.0744091938034252e-05
74 74 3.1017118640200811e-05
74 139 -8.9445496911970364e-06
74 945 -8.1362741430532168e-06
75 75 3.1649977397869096e-05
75 138 -1.1103762373074443e-05
75 860 -8.2188851463899285e-06
75 1914 -9.4028173246445020e-06
76 64 -9.8402522982010492e-06
76 76 3.1902008827360250e-05
76 1882 -9.4695977790899257e-06
76 1884 -9.7183431950130670e-06
77 44 -9.8510128936269749e-06
77 77 3.3420537765629365e-05
77 514 -9.4551783010451999e-06
77 1919 -1.0835901576921706e-05
78 15 -1.0757047890717241e-05
78 78 3.4741717562380423e-05
78 1881 -9.6306152265247231e-06
78 2113 -1.1253838530212341e-05
79 8 -1.1005575569597876e-05
79 79 3.1421701360945940e-05
79 1986 -9.3086970193285241e-06
79 2010 -8.3279612846594358e-06
80 80 3.0208176609979506e-05
80 81 -9.1958130050561038e-06
80 94 -9.1942100712786609e-06
80 473 -8.8509165693531353e-06
81 47 -8.7742796300299918e-06
81 80 -9.1958130050561038e-06
81 81 2.9859501439508202e-05
81 782 -8.8919140982907522e-06
82 16 -1.0717733734219090e-05
82 82 2.9647880009322217e-05
82 93 -6.9290575151222104e-06
82 1942 -9.2430425426181162e-06
83 83 2.9880399508801243e-05
83 136 -1.0715397438509207e-05
83 1861 -9.1718341775950218e-06
83 2046 -7.4418909281325572e-06
84 1 -1.0604696931807682e-05
84 84 3.1051010381119681e-05
84 1998 -8.6965595735350602e-06
84 2010 -9.0341093154029688e-06
85 7 -1.0661174220561672e-05
85 85 2.9713361841502387e-05
85 1999 -8.6338827387736218e-06
85 2011 -7.7113373022009977e-06
86 11 -7.4312287549549822e-06
86 57 -8.9700591158633484e-06
86 73 -9.1390404956836125e-06
86 86 2.8075570012952547e-05
87 56 -8.8677147198710467e-06
87 65 -9.2438782103049429e-06
87 87 2.9799731592687327e-05
87 1529 -8.7055137579290915e-06
88 65 -8.7173422122018807e-06
88 88 2.9871780630893913e-05
88 143 -8.8694098044741120e-06
88 1287 -9.2966218822335605e-06
89 38 -1.1523568327465963e-05
89 71 -7.8379172726836224e-06
89 89 3.3253416880834257e-05
89 1933 -1.1145885287213555e-05
90 39 -1.0296591354608874e-05
90 72 -7.0109525200875011e-06
90 90 2.9328228928046321e-05
90 1935 -9.4075942374698184e-06
91 91 3.1945496351564931e-05
91 140 -1.2556837838625169e-05
91 1937 -8.7154221263026851e-06
91 2004 -8.2516864092687554e-06
92 38 -1.0783743818710723e-05
92 92 3.1416707061649836e-05
92 1904 -1.0118784705757498e-05
92 2033 -7.8476455431879216e-06
93 49 -1.0448635045997636e-05
93 82 -6.9290575151222104e-06
93 93 2.9718298667949621e-05
93 1941 -9.6226731432832460e-06
94 80 -9.1942100712786609e-06
94 94 3.0404700113594674e-05
94 142 -9.0053642729895710e-06
94 1853 -9.2527512402458842e-06
95 4 -9.5425605944340289e-06
95 95 3.0826138540580110e-05
95 2005 -8.2164238940318352e-06
95 2013 -9.8577647881968687e-06
96 44 -1.1766306042768343e-05
96 63 -7.5704593778795684e-06
96 96 3.3526915990204765e-05
96 1932 -1.1472773612248202e-05
97 23 -1.0816820045996099e-05
97 97 3.1423917883823914e-05
97 1943 -9.9208916048318471e-06
97 2023 -8.0078785491100499e-06
98 24 -9.8768716402777437e-06
98 98 2.9057855052961804e-05
98 1944 -9.1438310695184709e-06
98 2024 -7.4917058892813838e-06
99 39 -1.0061553253982331e-05
99 99 2.9232194424546111e-05
99 1925 -9.0962930092573066e-06
99 2028 -7.5082372111501747e-06
100 20 -1.0646637362852125e-05
100 100 3.1288382650692398e-05
100 1985 -9.8907811482088360e-06
100 2022 -8.1007872461912644e-06
101 68 -9.2324250617506873e-06
101 101 3.0646684438062017e-05
101 102 -9.2035829044049369e-06
101 252 -9.2504078689925250e-06
102 101 -9.2035829044049369e-06
102 102 2.9874632567419146e-05
102 137 -8.7046847389382222e-06
102 1272 -9.1565282154180725e-06
103 36 -7.3613273808483746e-06
103 103 3.2003247226638546e-05
103 148 -1.2993077831067255e-05
103 1954 -9.1912060707624173e-06
104 104 3.1363729065780205e-05
104 106 -1.2028184544120656e-05
104 122 -7.1699581807725935e-06
104 1961 -9.5045619487847930e-06
105 105 3.1558859644574165e-05
105 125 -6.5827862009819405e-06
105 1855 -1.3134804400503037e-05
105 1955 -9.4793542463430649e-06
106 104 -1.2028184544120656e-05
106 106 3.1214978229857411e-05
106 126 -6.8880603465703049e-06
106 1973 -9.5920296540871106e-06
107 107 3.1709330831594152e-05
107 129 -6.9404675210420053e-06
107 149 -1.3088182605946884e-05
107 1957 -9.2625946719795486e-06
108 108 3.1619907558174964e-05
108 120 -6.8877886217133030e-06
108 1856 -1.3034475892191608e-05
108 1950 -9.3657979472715152e-06
109 16 -1.0609409566379644e-05
109 34 -7.0352420322135260e-06
109 109 3.0524529814390386e-05
109 1963 -9.9602452539660628e-06
110 110 3.2202703894451516e-05
110 111 -1.1842368156628729e-05
110 1960 -9.8640722572917628e-06
110 2034 -7.8565985225251958e-06
111 110 -1.1842368156628729e-05
111 111 3.0576237486860750e-05
111 123 -6.7043710246719195e-06
111 1974 -9.5037920497446426e-06
112 112 3.1010896438949272e-05
112 117 -6.7460762408452032e-06
112 150 -1.2399769444637294e-05
112 1964 -9.3527671315474433e-06
113 113 3.1331774060953188e-05
113 114 -1.1965303506893723e-05
113 116 -6.9566328155965041e-06
113 1968 -9.6768026515139252e-06
114 32 -7.3707366771358467e-06
114 113 -1.1965303506893723e-05
114 114 3.1350764425509738e-05
114 1971 -9.3578120970731910e-06
115 115 3.2125444968419155e-05
115 1858 -1.2473364683453018e-05
115 1951 -9.2483503815993128e-06
115 2036 -8.0141361170325164e-06
116 113 -6.9566328155965041e-06
116 116 3.0912114923806933e-05
116 151 -1.2341303633287420e-05
116 1965 -9.0275792595225389e-06
117 112 -6.7460762408452032e-06
117 117 3.1111217573129212e-05
117 118 -1.1713204810627785e-05
117 1966 -1.0016940929086643e-05
118 117 -1.1713204810627785e-05
118 118 3.2247999069142131e-05
118 1969 -9.9292810526897011e-06
118 2035 -7.9926484672193232e-06
119 33 -6.8557452111727778e-06
119 119 3.0797208498270335e-05
119 152 -1.0890706787773150e-05
119 1970 -1.0233194059351391e-05
120 108 -6.8877886217133030e-06
120 120 3.1933711185172562e-05
120 153 -1.3262234379492745e-05
120 1949 -9.4322169560032155e-06
121 37 -6.6336779939784177e-06
121 121 3.1342995426977492e-05
121 122 -1.0842299769416261e-05
121 1952 -1.0805056695505860e-05
122 104 -7.1699581807725935e-06
122 121 -1.0842299769416261e-05
122 122 2.9110933782647320e-05
122 1958 -8.6518108291246021e-06
123 111 -6.7043710246719195e-06
123 123 3.1620944841484205e-05
123 1857 -1.2979069288830875e-05
123 1972 -9.4871733881426675e-06
124 124 3.2152499110945647e-05
124 125 -1.1800403133953481e-05
124 1956 -9.8786125690522856e-06
124 2037 -7.8492819027176158e-06
125 105 -6.5827862009819405e-06
125 124 -1.1800403133953481e-05
125 125 3.1009175530748073e-05
125 1959 -1.0088573171394433e-05
126 106 -6.8880603465703049e-06
126 126 3.0900803516261556e-05
126 155 -1.2318723740090961e-05
126 1948 -9.1238013783134728e-06
127 127 2.9642245122084768e-05
127 128 -1.1188812818659630e-05
127 1953 -8.0322194270281937e-06
127 2038 -8.3059820526975218e-06
128 35 -6.9374770446511026e-06
128 127 -1.1188812818659630e-05
128 128 3.1227275899544826e-05
128 1967 -1.0205027912238066e-05
129 107 -6.9404675210420053e-06
129 129 3.0781238020517103e-05
129 154 -1.2191431654420060e-05
129 1962 -9.1720913203150400e-06
130 59 -9.0121133001621916e-06
130 130 3.0585057751122670e-05
130 144 -9.1560565338738162e-06
130 1893 -9.4111010260831360e-06
131 60 -8.8625618117302560e-06
131 131 2.9783491597629218e-05
131 143 -9.0155275837057852e-06
131 1887 -8.8909417544315399e-06
132 132 3.1624824761126847e-05
132 157 -9.6340539966749169e-06
132 1863 -9.7580181916745110e-06
132 1873 -9.4166104588428598e-06
133 133 3.3064585016153678e-05
133 158 -9.8109842394238450e-06
133 1866 -9.6629796022155173e-06
133 1870 -1.0624070558445243e-05
134 134 3.2277251897936256e-05
134 135 -1.1994877860017987e-05
134 1940 -1.0109081599568056e-05
134 2032 -7.7613968569566267e-06
135 134 -1.1994877860017987e-05
135 135 3.2034513795691673e-05
135 1945 -9.9861909209237566e-06
135 2029 -7.6386212012088607e-06
136 83 -1.0715397438509207e-05
136 136 3.1483555908799601e-05
136 1993 -1.0232132077143450e-05
136 2027 -7.6373757493789532e-06
137 102 -8.7046847389382222e-06
137 137 3.4600264829803338e-05
137 1911 -1.0587622127710502e-05
137 2060 -1.2148894768806912e-05
138 75 -1.1103762373074443e-05
138 138 2.9652121121630941e-05
138 1874 -6.5996093765772288e-06
138 2057 -9.6052053334940791e-06
139 58 -8.7875020532666043e-06
139 74 -8.9445496911970364e-06
139 139 3.0717997812660884e-05
139 2110 -1.0397183689524460e-05
140 91 -1.2556837838625169e-05
140 140 3.0528548801068829e-05
140 2089 -7.9046942919035771e-06
140 2099 -7.9284160132740928e-06
141 70 -8.7162936418315085e-06
141 141 2.9861724136518866e-05
141 157 -8.9309089988250069e-06
141 1864 -9.3524540300691307e-06
142 94 -9.0053642729895710e-06
142 142 3.0850840481439415e-05
142 1851 -9.8061589160179730e-06
142 1868 -9.1061653440831285e-06
143 88 -8.8694098044741120e-06
143 131 -9.0155275837057852e-06
143 143 3.0039897823718520e-05
143 159 -9.1322951320893674e-06
144 13 -7.1915771095724992e-06
144 130 -9.1560565338738162e-06
144 144 3.0630409337948286e-05
144 2099 -1.1550048846241123e-05
145 42 -7.6374410665776701e-06
145 50 -1.1702898518299685e-05
145 145 3.3750123164867120e-05
145 1927 -1.1680355773619278e-05
146 52 -1.0373592979463143e-05
146 146 2.9812709838745765e-05
146 1929 -9.8964874900329243e-06
146 2051 -6.8909009858742465e-06
147 51 -1.0590244520504032e-05
147 147 3.0187730485081536e-05
147 1930 -1.0004043525364010e-05
147 2050 -6.8938404010900839e-06
148 103 -1.2993077831067255e-05
148 148 3.0195735074329162e-05
148 2096 -7.1820923867814391e-06
148 2100 -8.2051429583105458e-06
149 107 -1.3088182605946884e-05
149 149 3.0089278240984682e-05
149 2095 -7.1782751536168800e-06
149 2101 -8.0759737762324225e-06
150 112 -1.2399769444637294e-05
150 150 3.1941467608653761e-05
150 2102 -9.1474468134711190e-06
150 2124 -7.9649636148684802e-06
151 116 -1.2341303633287420e-05
151 151 3.1995157779776326e-05
151 2107 -8.9701101247305343e-06
151 2125 -8.2450980652469712e-06
152 119 -1.0890706787773150e-05
152 152 3.0166548446282749e-05
152 2106 -8.2118652642701183e-06
152 2126 -8.8883325124636255e-06
153 120 -1.3262234379492745e-05
153 153 3.0237226173148917e-05
153 2097 -7.0700950927216863e-06
153 2105 -8.1440918080740099e-06
154 129 -1.2191431654420060e-05
154 154 3.2028214296517264e-05
154 2103 -9.2521532190985963e-06
154 2127 -8.1041970441462082e-06
155 126 -1.2318723740090961e-05
155 155 3.1763509026279088e-05
155 2104 -8.8727348130314475e-06
155 2128 -8.1846939596803288e-06
156 22 -1.0282409875249342e-05
156 64 -9.1509388038230028e-06
156 156 3.2886792079262453e-05
156 2116 -1.0527477746379909e-05
157 132 -9.6340539966749169e-06
157 141 -8.9309089988250069e-06
157 157 3.0848935090633892e-05
157 1899 -9.5340782730054839e-06
158 133 -9.8109842394238450e-06
158 158 3.1967081326068974e-05
158 1853 -9.5988513755192515e-06
158 1869 -9.6055598016858012e-06
159 56 -8.8276416048432820e-06
159 143 -9.1322951320893674e-06
159 159 3.0036735986631748e-05
159 160 -9.1260645769978683e-06
160 69 -9.0224221006052410e-06
160 159 -9.1260645769978683e-06
160 160 3.0213340050017750e-05
160 1884 -9.1427973384609132e-06
161 161 3.1982767601182791e-05
161 334 -9.7795518732573817e-06
161 1748 -9.5246039964910368e-06
161 1819 -9.7253500917811562e-06
162 162 2.9969196564040473e-05
162 163 -8.9892516092269377e-06
162 187 -8.9880958383309213e-06
162 407 -9.1132399816050758e-06
163 162 -8.9892516092269377e-06
163 163 2.9822790559659030e-05
163 164 -8.9452888016612338e-06
163 617 -8.9888327208505002e-06
164 163 -8.9452888016612338e-06
164 164 2.9622929022916259e-05
164 167 -8.8978759902252628e-06
164 1125 -8.8970559433461483e-06
165 165 2.9479551293979807e-05
165 181 -8.8706140351715432e-06
165 271 -8.8666507202275657e-06
165 723 -8.8706502206607203e-06
166 166 2.9432191194791131e-05
166 172 -8.8552556368751148e-06
166 173 -8.8544538433168556e-06
166 537 -8.8551546883524617e-06
167 164 -8.8978759902252628e-06
167 167 2.9568177152857608e-05
167 204 -8.9035975059961484e-06
167 1755 -8.8876132269522782e-06
168 168 2.9580404659254742e-05
168 171 -8.9051296382740726e-06
168 181 -8.8901991452611756e-06
168 509 -8.9051667688064233e-06
169 169 2.9423796251693743e-05
169 170 -8.8523980495712748e-06
169 199 -8.8523983623937762e-06
169 959 -8.8523990827166153e-06
170 169 -8.8523980495712748e-06
170 170 2.9423796190189244e-05
170 201 -8.8523994192688684e-06
170 1353 -8.8523980712330328e-06
171 168 -8.9051296382740726e-06
171 171 2.9648243826239199e-05
171 1404 -8.9047615727310697e-06
171 1826 -8.9531517847495476e-06
172 166 -8.8552556368751148e-06
172 172 2.9435930951266744e-05
172 1538 -8.8578498677439794e-06
172 1639 -8.8552168528887909e-06
173 166 -8.8544538433168556e-06
173 173 2.9428094079656375e-05
173 177 -8.8533448537010167e-06
173 1715 -8.8533555815810946e-06
174 174 2.9423840656588306e-05
174 251 -8.8524172780672675e-06
174 913 -8.8524095380340607e-06
174 1042 -8.8524091520170519e-06
175 175 2.9428613726362648e-05
175 177 -8.8535362626145517e-06
175 190 -8.8535407017987370e-06
175 529 -8.8545295521963271e-06
176 176 2.9428551705469765e-05
176 215 -8.8535955388846979e-06
176 219 -8.8537026411165799e-06
176 1242 -8.8542304627229109e-06
177 173 -8.8533448537010167e-06
177 175 -8.8535362626145517e-06
177 177 2.9426862596636615e-05
177 1554 -8.8531257658106022e-06
178 178 2.9424199574857005e-05
178 282 -8.8525098901032868e-06
178 1483 -8.8524990915869902e-06
178 1573 -8.8525543642400388e-06
179 179 2.9432144869878448e-05
179 180 -8.8552125736871065e-06
179 265 -8.8544135500965182e-06
179 649 -8.8552087150413071e-06
180 179 -8.8552125736871065e-06
180 180 2.9435758394300463e-05
180 316 -8.8577795489119657e-06
180 1121 -8.8551731723792861e-06
181 165 -8.8706140351715432e-06
181 168 -8.8901991452611756e-06
181 181 2.9504332153633984e-05
181 1796 -8.8705018675028523e-06
182 182 2.9571864655806717e-05
182 191 -8.8892407641313702e-06
182 204 -8.9058257366438921e-06
182 1162 -8.8967491882866266e-06
183 183 2.9425834446106292e-05
183 207 -8.8529297612366502e-06
183 215 -8.8532295848617755e-06
183 292 -8.8528854852909899e-06
184 184 2.9423789627537062e-05
184 189 -8.8523963219006542e-06
184 256 -8.8523967030161103e-06
184 755 -8.8523964769735370e-06
185 185 3.3030234108143367e-05
185 188 -1.0528531923625374e-05
185 196 -9.7697677168054422e-06
185 286 -9.7625804077667911e-06
186 186 2.9969724864121821e-05
186 187 -8.9883188726797929e-06
186 195 -9.1135152171827487e-06
186 599 -8.9892533871199950e-06
187 162 -8.9880958383309213e-06
187 186 -8.9883188726797929e-06
187 187 2.9813490469630026e-05
187 895 -8.9396659197216093e-06
188 185 -1.0528531923625374e-05
188 188 3.5204071250678443e-05
188 212 -1.0735885559937541e-05
188 267 -1.0862948798164107e-05
189 184 -8.8523963219006542e-06
189 189 2.9423789358562170e-05
189 249 -8.8523966821132599e-06
189 1563 -8.8523963253927305e-06
190 175 -8.8535407017987370e-06
190 190 2.9427427937448716e-05
190 219 -8.8537116809127827e-06
190 292 -8.8532673764888505e-06
191 182 -8.8892407641313702e-06
191 191 2.9502164374350960e-05
191 239 -8.8709509069187782e-06
191 1765 -8.8688675177998419e-06
192 192 2.9423786897777671e-05
192 203 -8.8523954372671826e-06
192 272 -8.8523968999601983e-06
192 803 -8.8523950118580342e-06
193 193 2.9424240410762212e-05
193 255 -8.8525486376362552e-06
193 450 -8.8525051432126994e-06
193 670 -8.8525481573313504e-06
194 194 3.3027039959030667e-05
194 218 -9.7687244716781800e-06
194 248 -1.0527879198092591e-05
194 277 -9.7614579593923814e-06
195 186 -9.1135152171827487e-06
195 195 3.0457416525487546e-05
195 208 -9.2118242062651327e-06
195 1495 -9.2112119040286907e-06
196 185 -9.7697677168054422e-06
196 196 3.1902190854511957e-05
196 229 -9.4795360137183692e-06
196 270 -9.7167020725479757e-06
197 197 2.9423805692521180e-05
197 200 -8.8524035210561427e-06
197 201 -8.8524004181724362e-06
197 814 -8.8524002801309957e-06
198 198 2.9423816735651396e-05
198 202 -8.8524589880187442e-06
198 228 -8.8523846800498662e-06
198 1130 -8.8523823209709560e-06
199 169 -8.8523983623937762e-06
199 199 2.9423793830277282e-05
199 220 -8.8523975340623881e-06
199 642 -8.8523974785789145e-06
200 197 -8.8524035210561427e-06
200 200 2.9423816619286870e-05
200 1291 -8.8524047433854941e-06
200 1775 -8.8524058085510466e-06
201 170 -8.8523994192688684e-06
201 197 -8.8524004181724362e-06
201 201 2.9423800730718309e-05
201 1025 -8.8523997827880807e-06
202 198 -8.8524589880187442e-06
202 202 2.9423708956465111e-05
202 240 -8.8523443946599774e-06
202 974 -8.8523342294037403e-06
203 192 -8.8523954372671826e-06
203 203 2.9423788747787416e-05
203 205 -8.8523955481138358e-06
203 558 -8.8523981973249170e-06
204 167 -8.9035975059961484e-06
204 182 -8.9058257366438921e-06
204 204 2.9642505477153324e-05
204 750 -8.9477693590253361e-06
205 203 -8.8523955481138358e-06
205 205 2.9423792019544607e-05
205 238 -8.8523998256755493e-06
205 930 -8.8523970184150658e-06
206 206 2.9423791844632452e-05
206 220 -8.8523974836641022e-06
206 226 -8.8523970679277346e-06
206 796 -8.8523970002348351e-06
207 183 -8.8529297612366502e-06
207 207 2.9425376954115244e-05
207 209 -8.8527759647504380e-06
207 591 -8.8529367701703736e-06
208 195 -9.2118242062651327e-06
208 208 3.0861410652731161e-05
208 217 -9.5244582160268900e-06
208 563 -9.2065365279991269e-06
209 207 -8.8527759647504380e-06
209 209 2.9424704513113099e-05
209 214 -8.8526240103665258e-06
209 1324 -8.8526235053602497e-06
210 210 3.7700745541889348e-05
210 269 -1.2003862907375730e-05
210 321 -1.0145970114448934e-05
210 1985 -1.2063551899505695e-05
211 211 3.2910639225318492e-05
211 217 -9.7689668815047550e-06
211 222 -9.7616557680942033e-06
211 1300 -1.0413394166693527e-05
212 188 -1.0735885559937541e-05
212 212 4.5738502203292286e-05
212 243 -1.0716372619272216e-05
213 213 4.6425423856641974e-05
213 1923 -1.1727565310636779e-05
213 1932 -1.1511490512474150e-05
214 209 -8.8526240103665258e-06
214 214 2.9424551635756945e-05
214 282 -8.8525879349108080e-06
214 1653 -8.8526720065495967e-06
215 176 -8.8535955388846979e-06
215 183 -8.8532295848617755e-06
215 215 2.9427110659479330e-05
215 1345 -8.8533928550197382e-06
216 216 2.9549981558631579e-05
216 289 -8.9266072774550704e-06
216 468 -8.8579386833151981e-06
216 1057 -8.8982997296131114e-06
217 208 -9.5244582160268900e-06
217 211 -9.7689668815047550e-06
217 217 3.1915136140943308e-05
217 1381 -9.6713834257826734e-06
218 194 -9.7687244716781800e-06
218 218 3.1947466615824793e-05
218 263 -9.7640010242547455e-06
218 304 -9.4795018643034669e-06
219 176 -8.8537026411165799e-06
219 190 -8.8537116809127827e-06
219 219 2.9429170004094483e-05
219 576 -8.8546903364555739e-06
220 199 -8.8523975340623881e-06
220 206 -8.8523974836641022e-06
220 220 2.9423792556601741e-05
220 1297 -8.8523971043945579e-06
221 221 2.9423790695002057e-05
221 226 -8.8523970631545498e-06
221 237 -8.8523967367125548e-06
221 988 -8.8523967185746249e-06
222 211 -9.7616557680942033e-06
222 222 3.1938368345902714e-05
222 263 -9.7643004418218609e-06
222 320 -9.4777310598451771e-06
223 223 3.0413167615434663e-05
223 1758 -9.1812249588836667e-06
223 1815 -9.1130810960558373e-06
223 1842 -9.1970618165033849e-06
224 224 2.9423827599946160e-05
224 280 -8.8523591880259471e-06
224 464 -8.8524402534062619e-06
224 1259 -8.8524319785647786e-06
225 225 2.9423853376918138e-05
225 231 -8.8524180827704395e-06
225 312 -8.8524120242534582e-06
225 378 -8.8524177328406612e-06
226 206 -8.8523970679277346e-06
226 221 -8.8523970631545498e-06
226 226 2.9423791112703026e-05
226 1501 -8.8523966959444880e-06
227 38 -9.0619578786248754e-06
227 227 3.0121173627783536e-05
227 235 -9.0756761592590259e-06
227 469 -9.1542357868409923e-06
228 198 -8.8523846800498662e-06
228 228 2.9423774273488416e-05
228 245 -8.8523831545500825e-06
228 1036 -8.8524142036793586e-06
229 196 -9.4795360137183692e-06
229 229 3.0700739150592167e-05
229 1515 -9.1605631802849968e-06
229 1788 -9.1605428049012334e-06
230 230 3.5316241001434560e-05
230 258 -1.0508459128679953e-05
230 340 -1.0864561748478369e-05
230 370 -1.0865228177338054e-05
231 225 -8.8524180827704395e-06
231 231 2.9423881614220910e-05
231 1158 -8.8524177091458514e-06
231 1651 -8.8524381348820321e-06
232 232 2.9423790056440943e-05
232 237 -8.8523968582794789e-06
232 242 -8.8523965614747940e-06
232 919 -8.8523965216723482e-06
233 233 3.5195002757330874e-05
233 266 -1.0735886744502519e-05
233 267 -1.0862850997877893e-05
233 270 -1.0519574755544150e-05
234 234 2.9921812227559269e-05
234 235 -9.1696916269380597e-06
234 289 -9.0137000599675048e-06
234 534 -8.8958810917208462e-06
235 227 -9.0756761592590259e-06
235 234 -9.1696916269380597e-06
235 235 2.9939900529803070e-05
235 621 -8.8875103683226581e-06
236 236 2.9423789722260018e-05
236 242 -8.8523967469066607e-06
236 249 -8.8523964524733546e-06
236 1131 -8.8523964464140417e-06
237 221 -8.8523967367125548e-06
237 232 -8.8523968582794789e-06
237 237 2.9423790336034196e-05
237 920 -8.8523965280931798e-06
238 205 -8.8523998256755493e-06
238 238 2.9423776621703829e-05
238 276 -8.8523806042574909e-06
238 346 -8.8523993532804855e-06
239 191 -8.8709509069187782e-06
239 239 2.9476141854577100e-05
239 247 -8.8685183680207748e-06
239 826 -8.8648382327932608e-06
240 202 -8.8523443946599774e-06
240 240 2.9423876775120130e-05
240 280 -8.8524004875253069e-06
240 1252 -8.8525507816324869e-06
241 7 -7.7105036549196322e-06
241 241 2.8699385240803339e-05
241 273 -9.3229912256440637e-06
241 330 -8.7893555169103326e-06
242 232 -8.8523965614747940e-06
242 236 -8.8523967469066607e-06
242 242 2.9423789920926175e-05
242 1531 -8.8523964393951473e-06
243 212 -1.0716372619272216e-05
243 243 3.4966142727677127e-05
243 262 -1.0377681683883431e-05
243 264 -1.0844559113149877e-05
244 244 3.1878951816986869e-05
244 270 -9.7239620502965130e-06
244 295 -9.6799415460072997e-06
244 298 -9.5224853493913326e-06
245 228 -8.8523831545500825e-06
245 245 2.9423802160433668e-05
245 276 -8.8523976855133919e-06
245 349 -8.8524264223858520e-06
246 246 4.5351378272598330e-05
246 1859 -1.0568402101537093e-05
246 1889 -1.0259042135929458e-05
247 239 -8.8685183680207748e-06
247 247 2.9513758615451646e-05
247 254 -8.8811893734836779e-06
247 1338 -8.8875083356274840e-06
248 194 -1.0527879198092591e-05
248 248 3.5200785742462016e-05
248 264 -1.0864389161895654e-05
248 1218 -1.0732040266285713e-05
249 189 -8.8523966821132599e-06
249 236 -8.8523964524733546e-06
249 249 2.9423789656048828e-05
249 823 -8.8523963777063628e-06
250 250 4.7085536532373733e-05
250 1927 -1.1602461975527355e-05
250 1997 -1.1985426747152696e-05
251 174 -8.8524172780672675e-06
251 251 2.9423869962277834e-05
251 1767 -8.8524255058418794e-06
251 1797 -8.8524197937645907e-06
252 101 -9.2504078689925250e-06
252 252 3.0452050552066228e-05
252 368 -9.2184798246828030e-06
252 401 -9.0166851961724496e-06
253 253 3.0391632467665616e-05
253 304 -9.1800183178365497e-06
253 320 -9.1788337297101354e-06
253 454 -9.1115266168107477e-06
254 247 -8.8811893734836779e-06
254 254 2.9477936317938590e-05
254 317 -8.8628210642469866e-06
254 507 -8.8594530913021729e-06
255 193 -8.8525486376362552e-06
255 255 2.9424437832316302e-05
255 1733 -8.8526877191847506e-06
255 1769 -8.8525477427627906e-06
256 184 -8.8523967030161103e-06
256 256 2.9423788527744611e-05
256 272 -8.8523959671888786e-06
256 930 -8.8523959704097604e-06
257 257 2.9455607246065675e-05
257 316 -8.8598249305463488e-06
257 371 -8.8666500401771029e-06
257 1705 -8.8598920730076733e-06
258 230 -1.0508459128679953e-05
258 258 3.2672424732958617e-05
258 894 -9.6250690648263306e-06
258 1837 -9.6249906732392755e-06
259 259 2.9426847638566005e-05
259 265 -8.8533680095075821e-06
259 452 -8.8534552837054011e-06
259 1702 -8.8531567137976274e-06
260 260 2.9262414509178120e-05
260 299 -8.6903454675833782e-06
260 834 -9.0686508194015263e-06
260 1220 -8.7555934204325441e-06
261 261 2.9423811646577489e-05
261 312 -8.8524038834834482e-06
261 314 -8.8524037334435387e-06
261 1613 -8.8524020352589414e-06
262 243 -1.0377681683883431e-05
262 262 3.2536295280631104e-05
262 277 -9.6227079123498611e-06
262 286 -9.6226669452309732e-06
263 218 -9.7640010242547455e-06
263 222 -9.7643004418218609e-06
263 263 3.2911652804527418e-05
263 1403 -1.0415868806064808e-05
264 243 -1.0844559113149877e-05
264 248 -1.0864389161895654e-05
264 264 4.6332472794004335e-05
265 179 -8.8544135500965182e-06
265 259 -8.8533680095075821e-06
265 265 2.9428091540091049e-05
265 1751 -8.8533677843048656e-06
266 233 -1.0735886744502519e-05
266 266 4.5738841965940952e-05
266 268 -1.0716514208340948e-05
267 188 -1.0862948798164107e-05
267 233 -1.0862850997877893e-05
267 267 4.6346355896645237e-05
268 266 -1.0716514208340948e-05
268 268 3.4975723649333771e-05
268 295 -1.0385501864297073e-05
268 370 -1.0846053628705441e-05
269 210 -1.2003862907375730e-05
269 269 4.6095315791877225e-05
269 1931 -1.1564813837025521e-05
270 196 -9.7167020725479757e-06
270 233 -1.0519574755544150e-05
270 244 -9.7239620502965130e-06
270 270 3.2907442401995634e-05
271 165 -8.8666507202275657e-06
271 271 2.9453521968927652e-05
271 484 -8.8589466310316903e-06
271 1538 -8.8590001962363981e-06
272 192 -8.8523968999601983e-06
272 256 -8.8523959671888786e-06
272 272 2.9423789140478667e-05
272 1330 -8.8523962509845774e-06
273 73 -9.0655068286061483e-06
273 241 -9.3229912256440637e-06
273 273 3.7567687518224048e-05
274 274 3.8938267037159494e-05
274 301 -9.8119234561822345e-06
274 1950 -9.0766903776975562e-06
275 275 3.2199597705887850e-05
275 302 -8.4095595748274250e-06
275 435 -1.0054949824381218e-05
275 1915 -1.0463692493280802e-05
276 238 -8.8523806042574909e-06
276 245 -8.8523976855133919e-06
276 276 2.9423779930856226e-05
276 1051 -8.8524059942835067e-06
277 194 -9.7614579593923814e-06
277 262 -9.6227079123498611e-06
277 277 3.1741472012131109e-05
277 831 -9.4388432687100143e-06
278 278 2.9703027767786975e-05
278 442 -8.9501616947997300e-06
278 1127 -8.9337081768572767e-06
278 1646 -8.9237938314595791e-06
279 279 2.9451531040679732e-05
279 293 -8.8667826415815131e-06
279 427 -8.8572623554883914e-06
279 465 -8.8593058330016775e-06
280 224 -8.8523591880259471e-06
280 240 -8.8524004875253069e-06
280 280 2.9423790537424862e-05
280 1738 -8.8524430451316022e-06
281 281 3.1527325826212255e-05
281 394 -9.7346183606244662e-06
281 444 -8.3832840252511781e-06
281 1925 -1.0173573758183431e-05
282 178 -8.8525098901032868e-06
282 214 -8.8525879349108080e-06
282 282 2.9424247134807947e-05
282 1802 -8.8525089973057881e-06
283 283 2.9476918990544311e-05
283 319 -8.8740815225708477e-06
283 423 -8.8660578423313541e-06
283 891 -8.8651281475388813e-06
284 284 3.5189631874097490e-05
284 382 -1.0735949071826973e-05
284 438 -1.0864005829195496e-05
284 1818 -1.0512748861680369e-05
285 285 2.9423954871411303e-05
285 346 -8.8524206170649029e-06
285 349 -8.8523511014517613e-06
285 925 -8.8525900128077987e-06
286 185 -9.7625804077667911e-06
286 262 -9.6226669452309732e-06
286 286 3.1740489929189724e-05
286 448 -9.4366232162271674e-06
287 287 2.9301158087055507e-05
287 300 -8.8401113461741345e-06
287 834 -8.7275286820827411e-06
287 1180 -8.9231844356649699e-06
288 12 -9.8395623764185203e-06
288 288 3.4670644087080577e-05
288 321 -1.0820186501295147e-05
288 348 -1.0914195074361108e-05
289 216 -8.9266072774550704e-06
289 234 -9.0137000599675048e-06
289 289 2.9716407597509399e-05
289 1736 -8.8962288801520706e-06
290 290 3.0035301170870957e-05
290 324 -8.6719492657680118e-06
290 330 -8.8845948233435227e-06
290 2011 -9.6543455284936762e-06
291 291 3.1926954263605017e-05
291 416 -9.2768722391841719e-06
291 466 -8.1869988102026597e-06
291 2079 -1.1426668185237487e-05
292 183 -8.8528854852909899e-06
292 190 -8.8532673764888505e-06
292 292 2.9425821014144349e-05
292 1399 -8.8528931798925698e-06
293 279 -8.8667826415815131e-06
293 293 2.9479067984836175e-05
293 1476 -8.8631036687546734e-06
293 1678 -8.8787566984011538e-06
294 294 3.3359326192123764e-05
294 296 -1.0927168046988814e-05
294 1895 -9.6925581899944446e-06
294 2062 -1.0167427307730752e-05
295 244 -9.6799415460072997e-06
295 268 -1.0385501864297073e-05
295 295 3.2661155146685000e-05
295 894 -9.6655585453051929e-06
296 294 -1.0927168046988814e-05
296 296 3.5037329631710982e-05
296 400 -1.0434521382923049e-05
296 462 -1.0809072810592388e-05
297 297 2.9433692953373706e-05
297 318 -8.8543500717530344e-06
297 465 -8.8571116700448153e-06
297 1306 -8.8548344468962296e-06
298 244 -9.5224853493913326e-06
298 298 3.0744036932801078e-05
298 1788 -9.1606997805834167e-06
298 1821 -9.1607044539473887e-06
299 260 -8.6903454675833782e-06
299 299 3.0314738884456076e-05
299 1680 -8.7380279525568697e-06
299 2072 -1.0152730717676538e-05
300 287 -8.8401113461741345e-06
300 300 2.9459106844061678e-05
300 415 -8.7972663768970236e-06
300 418 -8.9799084971398274e-06
301 274 -9.8119234561822345e-06
301 301 3.0335349060138158e-05
301 323 -7.8696096046595851e-06
301 477 -9.6199673974213798e-06
302 275 -8.4095595748274250e-06
302 302 2.9150046830386672e-05
302 315 -9.1075357689304087e-06
302 516 -8.8070170514504604e-06
303 303 2.9067577844143535e-05
303 326 -8.9333041524699850e-06
303 337 -8.6405152518760219e-06
303 389 -8.6663467915372895e-06
304 218 -9.4795018643034669e-06
304 253 -9.1800183178365497e-06
304 304 3.0740092377014377e-05
304 1100 -9.1747242974595899e-06
305 305 2.9512753533032986e-05
305 631 -8.8663442229384369e-06
305 1636 -8.8599759944616404e-06
305 1654 -8.9054800619768519e-06
306 306 2.9441820195566878e-05
306 307 -8.8556813797913152e-06
306 318 -8.8567996661970562e-06
306 427 -8.8615224601028539e-06
307 306 -8.8556813797913152e-06
307 307 2.9439825897240873e-05
307 395 -8.8571455217054460e-06
307 492 -8.8592620616629663e-06
308 308 3.0757280145918498e-05
308 510 -9.4322744683783082e-06
308 557 -9.7589320763095200e-06
308 1625 -8.3955420865607442e-06
309 309 2.9423805755943862e-05
309 314 -8.8524068066118031e-06
309 404 -8.8524006252022488e-06
309 405 -8.8523981950060441e-06
310 310 3.1582658920334342e-05
310 323 -8.5392872744945054e-06
310 943 -8.9597789697819736e-06
310 1987 -1.1071721588491124e-05
311 311 2.9448852704940288e-05
311 317 -8.8623766525831420e-06
311 437 -8.8617806763881014e-06
311 485 -8.8552769510662071e-06
312 225 -8.8524120242534582e-06
312 261 -8.8524038834834482e-06
312 312 2.9423821980387726e-05
312 1558 -8.8524034937470280e-06
313 313 2.9423789161456248e-05
313 327 -8.8523965500439522e-06
313 495 -8.8523968467577624e-06
313 508 -8.8523959438900719e-06
314 261 -8.8524037334435387e-06
314 309 -8.8524068066118031e-06
314 314 2.9423825090235514e-05
314 411 -8.8524118647238625e-06
315 302 -9.1075357689304087e-06
315 315 2.9898523090021006e-05
315 387 -8.8462392126573997e-06
315 541 -9.0180837425795253e-06
316 180 -8.8577795489119657e-06
316 257 -8.8598249305463488e-06
316 316 2.9445936106302771e-05
316 329 -8.8598515236853505e-06
317 254 -8.8628210642469866e-06
317 311 -8.8623766525831420e-06
317 317 2.9452044311039648e-05
317 1389 -8.8568631740802990e-06
318 297 -8.8543500717530344e-06
318 306 -8.8567996661970562e-06
318 318 2.9433062194744944e-05
318 1055 -8.8546178454468761e-06
319 283 -8.8740815225708477e-06
319 319 2.9511643638151798e-05
319 1632 -8.8736564417469273e-06
319 1665 -8.8889383070193630e-06
320 222 -9.4777310598451771e-06
320 253 -9.1788337297101354e-06
320 320 3.0735662653738674e-05
320 563 -9.1736414054851126e-06
321 210 -1.0145970114448934e-05
321 288 -1.0820186501295147e-05
321 321 4.5573033153744397e-05
322 322 2.8600710919381307e-05
322 324 -8.7539942480781302e-06
322 338 -8.2946987535570728e-06
