%%MatrixMarket matrix coordinate real general
66 66 244
1 1 2.4603223150638479e-04
1 2 -1.2470396655644086e-07
1 7 -9.1021894082833753e-08
1 45 -8.4724995924226892e-08
2 1 -1.2470396655644086e-07
2 2 2.1311174461042734e-04
2 25 -7.7358074012435516e-08
2 34 -8.7180692469800960e-08
3 3 1.9367215646862203e-04
3 8 -1.1135465040175475e-07
3 20 -8.2568295246168950e-08
3 62 -9.2173253389258152e-08
4 4 1.9100441299694723e-04
4 6 -1.0138745292155338e-07
4 25 -1.0450196483968034e-07
4 64 -7.2445845381584034e-08
5 5 2.0351023237754763e-04
5 9 -1.1021557489028055e-07
5 30 -8.3054673788985134e-08
5 61 -9.5859691028422710e-08
6 4 -1.0138745292155338e-07
6 6 1.8249612390481044e-04
6 35 -7.8983363507247844e-08
6 63 -9.5955167369448003e-08
7 1 -9.1021894082833753e-08
7 7 1.9574690844817167e-04
7 36 -8.0071032825125432e-08
7 60 -9.7926952309187644e-08
8 3 -1.1135465040175475e-07
8 8 1.7119176452286465e-04
8 47 -6.6768743651951718e-08
8 49 -9.5321268689525321e-08
9 5 -1.1021557489028055e-07
9 9 1.8034143968718284e-04
9 46 -9.8280013183883545e-08
9 48 -6.6736843951441441e-08
10 10 1.9618907814258473e-04
10 19 -8.3476439069435384e-08
10 21 -8.8190568685690118e-08
11 11 2.0184558538689302e-04
11 23 -8.4827169369188455e-08
11 32 -8.7236186058037468e-08
12 12 2.0182699402584314e-04
12 24 -8.1966790695670967e-08
12 31 -8.7925686927731935e-08
13 13 1.9082578316780460e-04
13 15 -8.8855965839723480e-08
13 20 -8.6059552989359437e-08
13 30 -8.5266444787642941e-08
14 14 1.5772554344495540e-04
14 33 -7.3397374928552919e-08
14 34 -7.8012795218376287e-08
15 13 -8.8855965839723480e-08
15 15 2.1911668266609105e-04
15 47 -9.9960200016808364e-08
15 48 -1.0135426951815888e-07
16 16 2.2085993777426285e-04
16 21 -8.9745317363457681e-08
16 56 -1.1287438971498394e-07
17 17 2.0726640129169289e-04
17 23 -8.6173082278244943e-08
17 57 -1.0103870824007199e-07
18 18 2.1001820973414167e-04
18 24 -8.9881306053158697e-08
18 58 -1.0180371533834701e-07
19 10 -8.3476439069435384e-08
19 19 1.8925156433779102e-04
19 22 -9.0196549036127413e-08
19 36 -8.7733635741568527e-08
20 3 -8.2568295246168950e-08
20 13 -8.6059552989359437e-08
20 20 1.8794000768639801e-04
20 23 -9.2584721250806732e-08
21 10 -8.8190568685690118e-08
21 16 -8.9745317363457681e-08
21 21 2.0876686640565269e-04
21 46 -9.6928349160504659e-08
22 19 -9.0196549036127413e-08
22 22 2.0189952729279665e-04
22 59 -1.0290116861409211e-07
23 11 -8.4827169369188455e-08
23 17 -8.6173082278244943e-08
23 20 -9.2584721250806732e-08
23 23 1.9721694163560643e-04
24 12 -8.1966790695670967e-08
24 18 -8.9881306053158697e-08
24 24 1.9044890155238842e-04
24 35 -8.9396736228979963e-08
25 2 -7.7358074012435516e-08
25 4 -1.0450196483968034e-07
25 25 1.9185290360318845e-04
25 33 -8.7002642744800650e-08
26 26 2.3310832143521353e-04
26 31 -8.9376293856127642e-08
26 54 -1.1469527211918073e-07
27 27 1.9688374867086734e-04
27 32 -8.1747425684900681e-08
27 53 -9.8665017624779416e-08
28 28 2.1858304035459622e-04
28 33 -9.5900527686541443e-08
28 55 -1.1327491628571282e-07
29 29 2.0884933488828639e-04
29 34 -8.9019111178092426e-08
29 52 -1.1015491259615335e-07
30 5 -8.3054673788985134e-08
30 13 -8.5266444787642941e-08
30 30 1.8919743153126282e-04
30 32 -9.2786645215311982e-08
31 12 -8.7925686927731935e-08
31 26 -8.9376293856127642e-08
31 31 2.1093940305079591e-04
31 49 -9.5281267146834492e-08
32 11 -8.7236186058037468e-08
32 27 -8.1747425684900681e-08
32 30 -9.2786645215311982e-08
32 32 1.9193245110804769e-04
33 14 -7.3397374928552919e-08
33 25 -8.7002642744800650e-08
33 28 -9.5900527686541443e-08
33 33 1.6948569661933251e-04
34 2 -8.7180692469800960e-08
34 14 -7.8012795218376287e-08
34 29 -8.9019111178092426e-08
34 34 1.7641066055657602e-04
35 6 -7.8983363507247844e-08
35 24 -8.9396736228979963e-08
35 35 1.7539608852721095e-04
35 65 -1.0221006942478811e-07
36 7 -8.0071032825125432e-08
36 19 -8.7733635741568527e-08
36 36 1.8625310655033677e-04
36 66 -1.0787285531405282e-07
37 37 1.8397658070535769e-04
37 41 -1.0988201834204011e-07
37 54 -6.4173895266260379e-08
38 38 1.8254883758306631e-04
38 42 -1.1097878651185917e-07
38 53 -6.8513569776197884e-08
39 39 1.7597677549363805e-04
39 40 -1.1097927692314009e-07
39 55 -6.5340023378882409e-08
40 39 -1.1097927692314009e-07
40 40 1.8253474989565852e-04
40 58 -6.8481703876510659e-08
41 37 -1.0988201834204011e-07
41 41 1.8393954151167417e-04
41 57 -6.8355544052889260e-08
42 38 -1.1097878651185917e-07
42 42 1.7597736622466554e-04
42 56 -6.5877527718163589e-08
43 43 1.7442766029241013e-04
43 44 -1.1207848917529709e-07
43 59 -6.9244318171826652e-08
44 43 -1.1207848917529709e-07
44 44 1.7442368367643927e-04
44 52 -6.5897695309785205e-08
45 1 -8.4724995924226892e-08
45 45 1.9159368156536428e-04
45 51 -9.9826346801948541e-08
45 64 -7.7835359962699691e-08
46 9 -9.8280013183883545e-08
46 21 -9.6928349160504659e-08
46 46 1.6648789985375715e-04
46 66 -7.0136359576296050e-08
47 8 -6.6768743651951718e-08
47 15 -9.9960200016808364e-08
47 47 1.7300798974257447e-04
47 50 -9.8860018527088181e-08
48 9 -6.6736843951441441e-08
48 15 -1.0135426951815888e-07
48 48 1.8199154790536623e-04
48 51 -1.0123784002718966e-07
49 8 -9.5321268689525321e-08
49 31 -9.5281267146834492e-08
49 49 1.6547140647805517e-04
49 65 -7.4113861491601574e-08
50 47 -9.8860018527088181e-08
50 50 1.6966422730656694e-04
50 64 -1.1185327554077721e-07
50 65 -7.1638848146241908e-08
51 45 -9.9826346801948541e-08
51 48 -1.0123784002718966e-07
51 51 1.7317154639285356e-04
51 66 -7.1545924853783376e-08
52 29 -1.1015491259615335e-07
52 44 -6.5897695309785205e-08
52 52 1.5817902045797805e-04
52 60 -8.7757244389983268e-08
53 27 -9.8665017624779416e-08
53 38 -6.8513569776197884e-08
53 53 1.4514744254320915e-04
53 61 -7.8342923725816194e-08
54 26 -1.1469527211918073e-07
54 37 -6.4173895266260379e-08
54 54 1.6262030774372028e-04
54 62 -8.7623460865069009e-08
55 28 -1.1327491628571282e-07
55 39 -6.5340023378882409e-08
55 55 1.5974090059580652e-04
55 63 -8.7771046207084515e-08
56 16 -1.1287438971498394e-07
56 42 -6.5877527718163589e-08
56 56 1.5635130978700789e-04
56 61 -8.3884295506825522e-08
57 17 -1.0103870824007199e-07
57 41 -6.8355544052889260e-08
57 57 1.4451254488163088e-04
57 62 -7.5852005657699896e-08
58 18 -1.0180371533834701e-07
58 40 -6.8481703876510659e-08
58 58 1.4353702245557779e-04
58 63 -7.5155225613223077e-08
59 22 -1.0290116861409211e-07
59 43 -6.9244318171826652e-08
59 59 1.4165225081248735e-04
59 60 -7.4858412881503674e-08
60 7 -9.7926952309187644e-08
60 52 -8.7757244389983268e-08
60 59 -7.4858412881503674e-08
60 60 1.5256516984039697e-04
61 5 -9.5859691028422710e-08
61 53 -7.8342923725816194e-08
61 56 -8.3884295506825522e-08
61 61 1.5381692789980179e-04
62 3 -9.2173253389258152e-08
62 54 -8.7623460865069009e-08
62 57 -7.5852005657699896e-08
62 62 1.5265331083959930e-04
63 6 -9.5955167369448003e-08
63 55 -8.7771046207084515e-08
63 58 -7.5155225613223077e-08
63 63 1.5052867941376820e-04
64 4 -7.2445845381584034e-08
64 45 -7.7835359962699691e-08
64 50 -1.1185327554077721e-07
64 64 1.7003467755967276e-04
65 35 -1.0221006942478811e-07
65 49 -7.4113861491601574e-08
65 50 -7.1638848146241908e-08
65 65 1.4126770017825155e-04
66 36 -1.0787285531405282e-07
66 46 -7.0136359576296050e-08
66 51 -7.1545924853783376e-08
66 66 1.4253553744671759e-04
