%%MatrixMarket matrix coordinate real general
66 66 244
1 1 5.7999637527602566e-05
1 2 -1.3487582835077975e-05
1 7 -9.8507769555982968e-06
1 45 -9.5391042902230449e-06
2 1 -1.3487582835077975e-05
2 2 5.3051409864315980e-05
2 25 -8.4210518399741006e-06
2 34 -9.3500782082234009e-06
3 3 5.7561636811049002e-05
3 8 -1.4128431658171744e-05
3 20 -1.0464267761332851e-05
3 62 -1.1927374965069173e-05
4 4 5.2091133112924044e-05
4 6 -1.1868551167013350e-05
4 25 -1.1912627929351830e-05
4 64 -8.3801889642190275e-06
5 5 5.5679847067191570e-05
5 9 -1.2960782286259340e-05
5 30 -1.0193566655481771e-05
5 61 -1.1240069264300452e-05
6 4 -1.1868551167013350e-05
6 6 5.1914848628344806e-05
6 35 -9.6590087827610160e-06
6 63 -1.1193537636718463e-05
7 1 -9.8507769555982968e-06
7 7 4.8763838243321659e-05
7 36 -8.5151988408772748e-06
7 60 -1.0382740916704993e-05
8 3 -1.4128431658171744e-05
8 8 5.2968351039842944e-05
8 47 -8.3741421808384662e-06
8 49 -1.1957964496255162e-05
9 5 -1.2960782286259340e-05
9 9 5.0724311191700390e-05
9 46 -1.1276810390268393e-05
9 48 -7.7316314800488489e-06
10 10 5.6493876186643560e-05
10 19 -8.6048597492074426e-06
10 21 -9.3071551586826880e-06
11 11 6.2957490906248473e-05
11 23 -1.0370077565253969e-05
11 32 -1.0680995616213972e-05
12 12 6.2421887926045221e-05
12 24 -1.0004074152123441e-05
12 31 -1.0716547193537891e-05
13 13 5.2735259966318880e-05
13 15 -1.0948473196431296e-05
13 20 -1.0889340958697958e-05
13 30 -1.0476551353574373e-05
14 14 5.4861263031588110e-05
14 33 -7.7096337337560228e-06
14 34 -8.0458367600350202e-06
15 13 -1.0948473196431296e-05
15 15 5.8492694648977183e-05
15 47 -1.2090429445872209e-05
15 48 -1.2180472069905781e-05
16 16 6.1060228627267307e-05
16 21 -9.4504628042942954e-06
16 56 -1.2232681243392900e-05
17 17 6.6947446591130932e-05
17 23 -1.0884818499672576e-05
17 57 -1.2752631368497119e-05
18 18 6.2170198537709801e-05
18 24 -1.0481538116007825e-05
18 58 -1.1879462488496055e-05
19 10 -8.6048597492074426e-06
19 19 4.6275063238032771e-05
19 22 -9.3074356438846554e-06
19 36 -9.3453561494639187e-06
20 3 -1.0464267761332851e-05
20 13 -1.0889340958697958e-05
20 20 5.3633159964402110e-05
20 23 -1.1996844265114393e-05
21 10 -9.3071551586826880e-06
21 16 -9.4504628042942954e-06
21 21 5.0626485259441217e-05
21 46 -1.0645154917942219e-05
22 19 -9.3074356438846554e-06
22 22 5.8362407354204806e-05
22 59 -1.0438309723251014e-05
23 11 -1.0370077565253969e-05
23 17 -1.0884818499672576e-05
23 20 -1.1996844265114393e-05
23 23 5.4403344476808651e-05
24 12 -1.0004074152123441e-05
24 18 -1.0481538116007825e-05
24 24 5.2227504421069523e-05
24 35 -1.1379867941891571e-05
25 2 -8.4210518399741006e-06
25 4 -1.1912627929351830e-05
25 25 4.9500273877406428e-05
25 33 -9.4750200862184466e-06
26 26 6.9129395972107393e-05
26 31 -1.1288126232062842e-05
26 54 -1.4469873788258550e-05
27 27 6.0847307992159990e-05
27 32 -9.5195278478904324e-06
27 53 -1.1498549588394663e-05
28 28 6.1550202331852260e-05
28 33 -1.0049924984282382e-05
28 55 -1.2273649103905133e-05
29 29 5.9047511388709556e-05
29 34 -9.1895541350010887e-06
29 52 -1.1189994564542180e-05
30 5 -1.0193566655481771e-05
30 13 -1.0476551353574373e-05
30 30 5.2562232058395912e-05
30 32 -1.1830388161750443e-05
31 12 -1.0716547193537891e-05
31 26 -1.1288126232062842e-05
31 31 5.7162026957546647e-05
31 49 -1.2310678458365088e-05
32 11 -1.0680995616213972e-05
32 27 -9.5195278478904324e-06
32 30 -1.1830388161750443e-05
32 32 5.2570065004860923e-05
33 14 -7.7096337337560228e-06
33 25 -9.4750200862184466e-06
33 28 -1.0049924984282382e-05
33 33 4.4376721357787302e-05
34 2 -9.3500782082234009e-06
34 14 -8.0458367600350202e-06
34 29 -9.1895541350010887e-06
34 34 4.4315866107558047e-05
35 6 -9.6590087827610160e-06
35 24 -1.1379867941891571e-05
35 35 5.2064495989749971e-05
35 65 -1.2508491209451047e-05
36 7 -8.5151988408772748e-06
36 19 -9.3453561494639187e-06
36 36 4.8555068914191321e-05
36 66 -1.1802479036584619e-05
37 37 6.6868514043425336e-05
37 41 -1.4356262614540467e-05
37 54 -8.3452032513230789e-06
38 38 5.2515443859935454e-05
38 42 -1.1314809843741018e-05
38 53 -6.9797473101178894e-06
39 39 5.4498984577992736e-05
39 40 -1.1308651812780597e-05
39 55 -6.9787648030611409e-06
40 39 -1.1308651812780597e-05
40 40 5.2482794360713685e-05
40 58 -6.9735247369574972e-06
41 37 -1.4356262614540467e-05
41 41 6.7459708155592738e-05
41 57 -8.8995113435692860e-06
42 38 -1.1314809843741018e-05
42 42 5.4577662205558010e-05
42 56 -7.0370453139154962e-06
43 43 5.5655565323876248e-05
43 44 -1.1222356433054987e-05
43 59 -7.0291035352681715e-06
44 43 -1.1222356433054987e-05
44 44 5.5327257595168267e-05
44 52 -6.6989307343267652e-06
45 1 -9.5391042902230449e-06
45 45 4.9768168869306412e-05
45 51 -1.1270958420271940e-05
45 64 -9.0170241641270797e-06
46 9 -1.1276810390268393e-05
46 21 -1.0645154917942219e-05
46 46 4.6633004566397254e-05
46 66 -7.6810523221809301e-06
47 8 -8.3741421808384662e-06
47 15 -1.2090429445872209e-05
47 47 5.0772008460796301e-05
47 50 -1.1959422989430048e-05
48 9 -7.7316314800488489e-06
48 15 -1.2180472069905781e-05
48 48 5.0623123580546593e-05
48 51 -1.1744278654297868e-05
49 8 -1.1957964496255162e-05
49 31 -1.2310678458365088e-05
49 49 5.1291463579392891e-05
49 65 -9.3115721699329484e-06
50 47 -1.1959422989430048e-05
50 50 5.2019173588678945e-05
50 64 -1.3368222496538378e-05
50 65 -8.7936426415657443e-06
51 45 -1.1270958420271940e-05
51 48 -1.1744278654297868e-05
51 51 4.9030320322764336e-05
51 66 -8.0926213284641085e-06
52 29 -1.1189994564542180e-05
52 44 -6.6989307343267652e-06
52 52 4.2781393922137310e-05
52 60 -9.0534775643170285e-06
53 27 -1.1498549588394663e-05
53 38 -6.9797473101178894e-06
53 53 4.3368085191727440e-05
53 61 -9.6495645979151989e-06
54 26 -1.4469873788258550e-05
54 37 -8.3452032513230789e-06
54 54 5.2085903525955388e-05
54 62 -1.1470802502301081e-05
55 28 -1.2273649103905133e-05
55 39 -6.9787648030611409e-06
55 55 4.5556894947388023e-05
55 63 -1.0125194173273635e-05
56 16 -1.2232681243392900e-05
56 42 -7.0370453139154962e-06
56 56 4.4696482380793344e-05
56 61 -9.7229928887751304e-06
57 17 -1.2752631368497119e-05
57 41 -8.8995113435692860e-06
57 57 4.7186534325952121e-05
57 62 -9.9469270774892118e-06
58 18 -1.1879462488496055e-05
58 40 -6.9735247369574972e-06
58 58 4.3185191353698743e-05
58 63 -9.2515945576766871e-06
59 22 -1.0438309723251014e-05
59 43 -7.0291035352681715e-06
59 59 3.9351991625521771e-05
59 60 -7.7227050473356995e-06
60 7 -1.0382740916704993e-05
60 52 -9.0534775643170285e-06
60 59 -7.7227050473356995e-06
60 60 4.2479777242308225e-05
61 5 -1.1240069264300452e-05
61 53 -9.6495645979151989e-06
61 56 -9.7229928887751304e-06
61 61 4.6505165660860859e-05
62 3 -1.1927374965069173e-05
62 54 -1.1470802502301081e-05
62 57 -9.9469270774892118e-06
62 62 4.9857074713829911e-05
63 6 -1.1193537636718463e-05
63 55 -1.0125194173273635e-05
63 58 -9.2515945576766871e-06
63 63 4.6038934025091939e-05
64 4 -8.3801889642190275e-06
64 45 -9.0170241641270797e-06
64 50 -1.3368222496538378e-05
64 64 4.8636200379788134e-05
65 35 -1.2508491209451047e-05
65 49 -9.3115721699329484e-06
65 50 -8.7936426415657443e-06
65 65 4.5657870815870775e-05
66 36 -1.1802479036584619e-05
66 46 -7.6810523221809301e-06
66 51 -8.0926213284641085e-06
66 66 4.2288814940971644e-05
