%%MatrixMarket matrix coordinate real general
66 66 244
1 1 5.7190875508388660e-05
1 2 -1.3313843752687337e-05
1 7 -9.7229133682871813e-06
1 45 -9.4101614988090308e-06
2 1 -1.3313843752687337e-05
2 2 5.2443034093296788e-05
2 25 -8.2175153711963156e-06
2 34 -9.2791272275005791e-06
3 3 5.6981287936034501e-05
3 8 -1.3995595449226312e-05
3 20 -1.0359381376342164e-05
3 62 -1.1826666048340641e-05
4 4 5.0941452557966442e-05
4 6 -1.1540574907303975e-05
4 25 -1.1677483080005724e-05
4 64 -8.2014052683149700e-06
5 5 5.4123680371373292e-05
5 9 -1.2632824939795982e-05
5 30 -9.9263695393797241e-06
5 61 -1.0914693558507552e-05
6 4 -1.1540574907303975e-05
6 6 5.0318337422532056e-05
6 35 -9.3802809512963428e-06
6 63 -1.0837473901543172e-05
7 1 -9.7229133682871813e-06
7 7 4.8328586814332792e-05
7 36 -8.4238699355085974e-06
7 60 -1.0309428171092368e-05
8 3 -1.3995595449226312e-05
8 8 5.2390218013343806e-05
8 47 -8.3003975390719112e-06
8 49 -1.1748964419042946e-05
9 5 -1.2632824939795982e-05
9 9 4.9661910977266533e-05
9 46 -1.1067500452707774e-05
9 48 -7.5646639574004647e-06
10 10 5.5723960297253807e-05
10 19 -8.5136214266241884e-06
10 21 -9.1361812752062752e-06
11 11 5.4501514801559833e-05
11 23 -9.1213004541063081e-06
11 32 -9.3772403042364334e-06
12 12 5.3895658774840619e-05
12 24 -8.7617726832502938e-06
12 31 -9.4106159916436589e-06
13 13 5.1876326180111637e-05
13 15 -1.0783057133889000e-05
13 20 -1.0741025859769744e-05
13 30 -1.0303156966712094e-05
14 14 5.4022744766844867e-05
14 33 -7.5746654488272841e-06
14 34 -7.9330577552889853e-06
15 13 -1.0783057133889000e-05
15 15 5.7600906941629786e-05
15 47 -1.1877844178975133e-05
15 48 -1.2010824127036723e-05
16 16 5.8995593674273682e-05
16 21 -9.2523026503173481e-06
16 56 -1.1606133162698979e-05
17 17 6.0107127834886298e-05
17 23 -9.9010569443174887e-06
17 57 -1.1575627764444162e-05
18 18 5.2463933883502372e-05
18 24 -8.9887751872245723e-06
18 58 -1.0098951984135699e-05
19 10 -8.5136214266241884e-06
19 19 4.5780721821448051e-05
19 22 -9.2203097588311490e-06
19 36 -9.2391558762298644e-06
20 3 -1.0359381376342164e-05
20 13 -1.0741025859769744e-05
20 20 5.3033162461591331e-05
20 23 -1.1977175045423808e-05
21 10 -9.1361812752062752e-06
21 16 -9.2523026503173481e-06
21 21 4.9538759610529526e-05
21 46 -1.0357456781919246e-05
22 19 -9.2203097588311490e-06
22 22 5.8063696907903324e-05
22 59 -1.0399831313814301e-05
23 11 -9.1213004541063081e-06
23 17 -9.9010569443174887e-06
23 20 -1.1977175045423808e-05
23 23 5.2356400431451369e-05
24 12 -8.7617726832502938e-06
24 18 -8.9887751872245723e-06
24 24 4.8845228945541742e-05
24 35 -1.1161576476491101e-05
25 2 -8.2175153711963156e-06
25 4 -1.1677483080005724e-05
25 25 4.8234680852349590e-05
25 33 -9.2274837546673733e-06
26 26 6.2279306865173549e-05
26 31 -1.0297342348827413e-05
26 54 -1.3179367440283870e-05
27 27 5.1281758983632933e-05
27 32 -8.1619140994502812e-06
27 53 -9.7675294201762858e-06
28 28 5.9519934521151609e-05
28 33 -9.8490967984942860e-06
28 55 -1.1673519981948287e-05
29 29 5.8719364803695239e-05
29 34 -9.0755489322004510e-06
29 52 -1.1151382090712193e-05
30 5 -9.9263695393797241e-06
30 13 -1.0303156966712094e-05
30 30 5.1295866365651768e-05
30 32 -1.1614382581511377e-05
31 12 -9.4106159916436589e-06
31 26 -1.0297342348827413e-05
31 31 5.4796481204469861e-05
31 49 -1.2272437437427312e-05
32 11 -9.3772403042364334e-06
32 27 -8.1619140994502812e-06
32 30 -1.1614382581511377e-05
32 32 4.9276804073689752e-05
33 14 -7.5746654488272841e-06
33 25 -9.2274837546673733e-06
33 28 -9.8490967984942860e-06
33 33 4.3466324172019523e-05
34 2 -9.2791272275005791e-06
34 14 -7.9330577552889853e-06
34 29 -9.0755489322004510e-06
34 34 4.3757883542864951e-05
35 6 -9.3802809512963428e-06
35 24 -1.1161576476491101e-05
35 35 5.0927539940596223e-05
35 65 -1.2299070087302205e-05
36 7 -8.4238699355085974e-06
36 19 -9.2391558762298644e-06
36 36 4.7941387758424267e-05
36 66 -1.1620788793847553e-05
37 37 6.2758911558450655e-05
37 41 -1.3516295559941808e-05
37 54 -7.9050197356941425e-06
38 38 4.5017863559070158e-05
38 42 -9.5214918345556986e-06
38 53 -6.0557178837959332e-06
39 39 4.4432924576950622e-05
39 40 -9.5166595475477023e-06
39 55 -6.3816533969559641e-06
40 39 -9.5166595475477023e-06
40 40 4.4997193643842711e-05
40 58 -6.0528034629351972e-06
41 37 -1.3516295559941808e-05
41 41 6.3385460360274495e-05
41 57 -8.4363092140712064e-06
42 38 -9.5214918345556986e-06
42 42 4.4499822596917458e-05
42 56 -6.4179818527528632e-06
43 43 5.5566444933814662e-05
43 44 -1.1205476870958168e-05
43 59 -7.0065009056982448e-06
44 43 -1.1205476870958168e-05
44 44 5.5234251406924914e-05
44 52 -6.6787342780163911e-06
45 1 -9.4101614988090308e-06
45 45 4.8993240096818678e-05
45 51 -1.1113043579872519e-05
45 64 -8.8302807634871648e-06
46 9 -1.1067500452707774e-05
46 21 -1.0357456781919246e-05
46 46 4.5413740542775180e-05
46 66 -7.4764044431054448e-06
47 8 -8.3003975390719112e-06
47 15 -1.1877844178975133e-05
47 47 4.9873579062772818e-05
47 50 -1.1742793813059404e-05
48 9 -7.5646639574004647e-06
48 15 -1.2010824127036723e-05
48 48 4.9754753019356341e-05
48 51 -1.1493806825539171e-05
49 8 -1.1748964419042946e-05
49 31 -1.2272437437427312e-05
49 49 5.0646620828218941e-05
49 65 -9.1403435184101834e-06
50 47 -1.1742793813059404e-05
50 50 5.1100097819166723e-05
50 64 -1.3139972514077013e-05
50 65 -8.6593106929714888e-06
51 45 -1.1113043579872519e-05
51 48 -1.1493806825539171e-05
51 51 4.8224390591996427e-05
51 66 -7.9753852795423946e-06
52 29 -1.1151382090712193e-05
52 44 -6.6787342780163911e-06
52 52 4.2584084662061579e-05
52 60 -8.9742736153731590e-06
53 27 -9.7675294201762858e-06
53 38 -6.0557178837959332e-06
53 53 3.8847858575343724e-05
53 61 -8.9989389213303627e-06
54 26 -1.3179367440283870e-05
54 37 -7.9050197356941425e-06
54 54 5.0406986148275240e-05
54 62 -1.1479461944447914e-05
55 28 -1.1673519981948287e-05
55 39 -6.3816533969559641e-06
55 55 4.2986742668690405e-05
55 63 -9.5926972876058637e-06
56 16 -1.1606133162698979e-05
56 42 -6.4179818527528632e-06
56 56 4.2047267451510265e-05
56 61 -9.2353900484240967e-06
57 17 -1.1575627764444162e-05
57 41 -8.4363092140712064e-06
57 57 4.5681046181104187e-05
57 62 -9.9600337704290999e-06
58 18 -1.0098951984135699e-05
58 40 -6.0528034629351972e-06
58 58 3.8691259854776510e-05
58 63 -8.6355293065696330e-06
59 22 -1.0399831313814301e-05
59 43 -7.0065009056982448e-06
59 59 3.9165144324323219e-05
59 60 -7.6543793315474505e-06
60 7 -1.0309428171092368e-05
60 52 -8.9742736153731590e-06
60 59 -7.6543793315474505e-06
60 60 4.2097693981460880e-05
61 5 -1.0914693558507552e-05
61 53 -8.9989389213303627e-06
61 56 -9.2353900484240967e-06
61 61 4.4188698878418724e-05
62 3 -1.1826666048340641e-05
62 54 -1.1479461944447914e-05
62 57 -9.9600337704290999e-06
62 62 4.9611682649132829e-05
63 6 -1.0837473901543172e-05
63 55 -9.5926972876058637e-06
63 58 -8.6355293065696330e-06
63 63 4.3654180396276231e-05
64 4 -8.2014052683149700e-06
64 45 -8.8302807634871648e-06
64 50 -1.3139972514077013e-05
64 64 4.7600196958368375e-05
65 35 -1.2299070087302205e-05
65 49 -9.1403435184101834e-06
65 50 -8.6593106929714888e-06
65 65 4.5030145630929632e-05
66 36 -1.1620788793847553e-05
66 46 -7.4764044431054448e-06
66 51 -7.9753852795423946e-06
66 66 4.1523254346639123e-05
