%%MatrixMarket matrix coordinate real general
66 66 244
1 1 5.7287834609246110e-05
1 2 -1.3333547988181803e-05
1 7 -9.7373959133261526e-06
1 45 -9.4246078279167320e-06
2 1 -1.3333547988181803e-05
2 2 5.2508898000286605e-05
2 25 -8.2401649312831312e-06
2 34 -9.2872082657843241e-06
3 3 5.7048357167764196e-05
3 8 -1.4010748221048573e-05
3 20 -1.0371548835004704e-05
3 62 -1.1839673501215696e-05
4 4 5.1069994008473935e-05
4 6 -1.1576634694199254e-05
4 25 -1.1703629290133074e-05
4 64 -8.2216122932077888e-06
5 5 5.4297270083277742e-05
5 9 -1.2668925996363792e-05
5 30 -9.9558424020415223e-06
5 61 -1.0950250023698927e-05
6 4 -1.1576634694199254e-05
6 6 5.0492739945019764e-05
6 35 -9.4109700057114955e-06
6 63 -1.0876257461038294e-05
7 1 -9.7373959133261526e-06
7 7 4.8378077787769380e-05
7 36 -8.4343034764415449e-06
7 60 -1.0317748726154873e-05
8 3 -1.4010748221048573e-05
8 8 5.2456874352125729e-05
8 47 -8.3084314012928140e-06
8 49 -1.1774155127585942e-05
9 5 -1.2668925996363792e-05
9 9 4.9777376640002370e-05
9 46 -1.1090698773839019e-05
9 48 -7.5836833884618153e-06
10 10 5.5814658760453161e-05
10 19 -8.5241524427645494e-06
10 21 -9.1556731307793991e-06
11 11 5.5161555098777839e-05
11 23 -9.2216675592609284e-06
11 32 -9.4840298699473708e-06
12 12 5.4569775088298230e-05
12 24 -8.8622893869075637e-06
12 31 -9.5142885293689920e-06
13 13 5.1973849410185647e-05
13 15 -1.0801709458546678e-05
13 20 -1.0758870137200150e-05
13 30 -1.0322791878018706e-05
14 14 5.4120439627407195e-05
14 33 -7.5900939302857798e-06
14 34 -7.9459514106746367e-06
15 13 -1.0801709458546678e-05
15 15 5.7701130084002938e-05
15 47 -1.1902520013616435e-05
15 48 -1.2029660620370830e-05
16 16 5.9226397670601464e-05
16 21 -9.2752041248964614e-06
16 56 -1.1670740513211694e-05
17 17 6.0731037219704320e-05
17 23 -9.9934126780195651e-06
17 57 -1.1685644925305921e-05
18 18 5.3093850395425954e-05
18 24 -9.0890293365705015e-06
18 58 -1.0223007443061352e-05
19 10 -8.5241524427645494e-06
19 19 4.5837803900193513e-05
19 22 -9.2303382440185074e-06
19 36 -9.2512938855815893e-06
20 3 -1.0371548835004704e-05
20 13 -1.0758870137200150e-05
20 20 5.3110391358477131e-05
20 23 -1.1982468800791640e-05
21 10 -9.1556731307793991e-06
21 16 -9.2752041248964614e-06
21 21 4.9657639101084557e-05
21 46 -1.0389539968318564e-05
22 19 -9.2303382440185074e-06
22 22 5.8098981145433309e-05
22 59 -1.0404353825466162e-05
23 11 -9.2216675592609284e-06
23 17 -9.9934126780195651e-06
23 20 -1.1982468800791640e-05
23 23 5.2561591868597888e-05
24 12 -8.8622893869075637e-06
24 18 -9.0890293365705015e-06
24 24 4.9181691380135335e-05
24 35 -1.1203327916856240e-05
25 2 -8.2401649312831312e-06
25 4 -1.1703629290133074e-05
25 25 4.8378063464845673e-05
25 33 -9.2550769762487956e-06
26 26 6.2923253380643338e-05
26 31 -1.0391557453211868e-05
26 54 -1.3301447537265261e-05
27 27 5.1892534390078891e-05
27 32 -8.2511475319955325e-06
27 53 -9.8861274420792047e-06
28 28 5.9746935416506603e-05
28 33 -9.8723675435575072e-06
28 55 -1.1736214834683257e-05
29 29 5.8758165920032253e-05
29 34 -9.0885672378794126e-06
29 52 -1.1155920918229447e-05
30 5 -9.9558424020415223e-06
30 13 -1.0322791878018706e-05
30 30 5.1454166681306038e-05
30 32 -1.1655925388131057e-05
31 12 -9.5142885293689920e-06
31 26 -1.0391557453211868e-05
31 31 5.5015177961119495e-05
31 49 -1.2280557017609193e-05
32 11 -9.4840298699473708e-06
32 27 -8.2511475319955325e-06
32 30 -1.1655925388131057e-05
32 32 4.9606792670608696e-05
33 14 -7.5900939302857798e-06
33 25 -9.2550769762487956e-06
33 28 -9.8723675435575072e-06
33 33 4.3565926550941271e-05
34 2 -9.2872082657843241e-06
34 14 -7.9459514106746367e-06
34 29 -9.0885672378794126e-06
34 34 4.3818513707510564e-05
35 6 -9.4109700057114955e-06
35 24 -1.1203327916856240e-05
35 35 5.1093860710583393e-05
35 65 -1.2322270701605253e-05
36 7 -8.4343034764415449e-06
36 19 -9.2512938855815893e-06
36 36 4.8013804121050463e-05
36 66 -1.1641389637827439e-05
37 37 6.3203790623996134e-05
37 41 -1.3607081706641541e-05
37 54 -7.9521754542313467e-06
38 38 4.5295306693168819e-05
38 42 -9.6006655963143038e-06
38 53 -6.0938433628577881e-06
39 39 4.5084150543289922e-05
39 40 -9.5957289467026791e-06
39 55 -6.4366057501563532e-06
40 39 -9.5957289467026791e-06
40 40 4.5273492122830549e-05
40 58 -6.0906413622632465e-06
41 37 -1.3607081706641541e-05
41 41 6.3827974595785189e-05
41 57 -8.4861795764728525e-06
42 38 -9.6006655963143038e-06
42 42 4.5151574859786308e-05
42 56 -6.4745359348284437e-06
43 43 5.5576913377036715e-05
43 44 -1.1207463576462802e-05
43 59 -7.0091449344149310e-06
44 43 -1.1207463576462802e-05
44 44 5.5245166349656696e-05
44 52 -6.6810892422922238e-06
45 1 -9.4246078279167320e-06
45 45 4.9082328285946030e-05
45 51 -1.1130711391638868e-05
45 64 -8.8513828382180909e-06
46 9 -1.1090698773839019e-05
46 21 -1.0389539968318564e-05
46 46 4.5544329055099530e-05
46 66 -7.4992121751613326e-06
47 8 -8.3084314012928140e-06
47 15 -1.1902520013616435e-05
47 47 4.9972583007632414e-05
47 50 -1.1767979747535352e-05
48 9 -7.5836833884618153e-06
48 15 -1.2029660620370830e-05
48 48 4.9878601208415367e-05
48 51 -1.1522357264532585e-05
49 8 -1.1774155127585942e-05
49 31 -1.2280557017609193e-05
49 49 5.0743084502338719e-05
49 65 -9.1609926424765223e-06
50 47 -1.1767979747535352e-05
50 50 5.1204203798312515e-05
50 64 -1.3165576803151447e-05
50 65 -8.6741298444183410e-06
51 45 -1.1130711391638868e-05
51 48 -1.1522357264532585e-05
51 51 4.8314327666360115e-05
51 66 -7.9885232018479236e-06
52 29 -1.1155920918229447e-05
52 44 -6.6810892422922238e-06
52 52 4.2606566751025964e-05
52 60 -8.9833694592851601e-06
53 27 -9.8861274420792047e-06
53 38 -6.0938433628577881e-06
53 53 3.9294352957518905e-05
53 61 -9.0998079417522318e-06
54 26 -1.3301447537265261e-05
54 37 -7.9521754542313467e-06
54 54 5.0566557016437962e-05
54 62 -1.1477271002154510e-05
55 28 -1.1736214834683257e-05
55 39 -6.4366057501563532e-06
55 55 4.3250880843557783e-05
55 63 -9.6468500536756501e-06
56 16 -1.1670740513211694e-05
56 42 -6.4745359348284437e-06
56 56 4.2301139411498405e-05
56 61 -9.2851797383123515e-06
57 17 -1.1685644925305921e-05
57 41 -8.4861795764728525e-06
57 57 4.5756705421613044e-05
57 62 -9.9574798647437879e-06
58 18 -1.0223007443061352e-05
58 40 -6.0906413622632465e-06
58 58 3.9135586126221713e-05
58 63 -8.7314058286275340e-06
59 22 -1.0404353825466162e-05
59 43 -7.0091449344149310e-06
59 59 3.9186501790886268e-05
59 60 -7.6622270342225584e-06
60 7 -1.0317748726154873e-05
60 52 -8.9833694592851601e-06
60 59 -7.6622270342225584e-06
60 60 4.2141600797529939e-05
61 5 -1.0950250023698927e-05
61 53 -9.0998079417522318e-06
61 56 -9.2851797383123515e-06
61 61 4.4464499953977198e-05
62 3 -1.1839673501215696e-05
62 54 -1.1477271002154510e-05
62 57 -9.9574798647437879e-06
62 62 4.9642524902373557e-05
63 6 -1.0876257461038294e-05
63 55 -9.6468500536756501e-06
63 58 -8.7314058286275340e-06
63 63 4.3924298140083722e-05
64 4 -8.2216122932077888e-06
64 45 -8.8513828382180909e-06
64 50 -1.3165576803151447e-05
64 64 4.7721055456325153e-05
65 35 -1.2322270701605253e-05
65 49 -9.1609926424765223e-06
65 50 -8.6741298444183410e-06
65 65 4.5118275967689995e-05
66 36 -1.1641389637827439e-05
66 46 -7.4992121751613326e-06
66 51 -7.9885232018479236e-06
66 66 4.1609058086816811e-05
