%%MatrixMarket matrix coordinate real general
66 66 244
1 1 2.4603305685884239e-04
1 2 -1.2470372302850250e-07
1 7 -9.1021840956713584e-08
1 45 -8.4724980233804684e-08
2 1 -1.2470372302850250e-07
2 2 2.1312030074890776e-04
2 25 -7.7357770945667548e-08
2 34 -8.7178829199175474e-08
3 3 1.9354630375292552e-04
3 8 -1.1135956975621382e-07
3 20 -8.2581155584942739e-08
3 62 -9.2203347647325802e-08
4 4 1.9100003221771773e-04
4 6 -1.0138957949354334e-07
4 25 -1.0450187242916948e-07
4 64 -7.2445936499267681e-08
5 5 2.0342599941379076e-04
5 9 -1.1021800292657478e-07
5 30 -8.3066915218317191e-08
5 61 -9.5876351297348766e-08
6 4 -1.0138957949354334e-07
6 6 1.8241760666272557e-04
6 35 -7.8995105376667740e-08
6 63 -9.5971730347818867e-08
7 1 -9.1021840956713584e-08
7 7 1.9574880402550236e-04
7 36 -8.0070859116184049e-08
7 60 -9.7926483880614976e-08
8 3 -1.1135956975621382e-07
8 8 1.7114869670091550e-04
8 47 -6.6769587474506619e-08
8 49 -9.5334049851135092e-08
9 5 -1.1021800292657478e-07
9 9 1.8033676083155926e-04
9 46 -9.8279979788221908e-08
9 48 -6.6736932458987516e-08
10 10 1.9643506031283655e-04
10 19 -8.3469822506293293e-08
10 21 -8.8183986911127222e-08
11 11 1.9860497667997847e-04
11 23 -8.5390745425098428e-08
11 32 -8.7825905134104408e-08
12 12 1.9862564384013362e-04
12 24 -8.2517573842752054e-08
12 31 -8.8482716292431615e-08
13 13 1.9075941921157022e-04
13 15 -8.8857418186708039e-08
13 20 -8.6071801475414325e-08
13 30 -8.5279078530883138e-08
14 14 1.5797727392276835e-04
14 33 -7.3390323918162040e-08
14 34 -7.8005303030596382e-08
15 13 -8.8857418186708039e-08
15 15 2.1911300474972633e-04
15 47 -9.9960343632581692e-08
15 48 -1.0135436563978700e-07
16 16 2.2106505044105129e-04
16 21 -8.9739818491973541e-08
16 56 -1.1287498134737858e-07
17 17 2.0196651410706707e-04
17 23 -8.6734830117036641e-08
17 57 -1.0180110882207876e-07
18 18 2.0498173256560168e-04
18 24 -9.0466325518156218e-08
18 58 -1.0255041177285704e-07
19 10 -8.3469822506293293e-08
19 19 1.8932607395175617e-04
19 22 -9.0189574304606209e-08
19 36 -8.7731824048807750e-08
20 3 -8.2581155584942739e-08
20 13 -8.6071801475414325e-08
20 20 1.8744257795535112e-04
20 23 -9.2719045696566110e-08
21 10 -8.8183986911127222e-08
21 16 -8.9739818491973541e-08
21 21 2.0883770089444596e-04
21 46 -9.6926469912872935e-08
22 19 -9.0189574304606209e-08
22 22 2.0214224311892326e-04
22 59 -1.0289204575646084e-07
23 11 -8.5390745425098428e-08
23 17 -8.6734830117036641e-08
23 20 -9.2719045696566110e-08
23 23 1.9444704187772670e-04
24 12 -8.2517573842752054e-08
24 18 -9.0466325518156218e-08
24 24 1.8768488516074819e-04
24 35 -8.9530705304954385e-08
25 2 -7.7357770945667548e-08
25 4 -1.0450187242916948e-07
25 25 1.9186095936584438e-04
25 33 -8.7000683938013326e-08
26 26 2.2689411891640030e-04
26 31 -8.9875842600707745e-08
26 54 -1.1541491510648047e-07
27 27 1.9335436107430784e-04
27 32 -8.2310549572641078e-08
27 53 -9.9435047318998287e-08
28 28 2.1878943808629990e-04
28 33 -9.5893865247556905e-08
28 55 -1.1327541036884606e-07
29 29 2.0908910827977344e-04
29 34 -8.9012035550721855e-08
29 52 -1.1014586330703819e-07
30 5 -8.3066915218317191e-08
30 13 -8.5279078530883138e-08
30 30 1.8867465506279974e-04
30 32 -9.2925786208054889e-08
31 12 -8.8482716292431615e-08
31 26 -8.9875842600707745e-08
31 31 2.0860742313806802e-04
31 49 -9.5413909406921719e-08
32 11 -8.7825905134104408e-08
32 27 -8.2310549572641078e-08
32 30 -9.2925786208054889e-08
32 32 1.8899588638610852e-04
33 14 -7.3390323918162040e-08
33 25 -8.7000683938013326e-08
33 28 -9.5893865247556905e-08
33 33 1.6956226015053358e-04
34 2 -8.7178829199175474e-08
34 14 -7.8005303030596382e-08
34 29 -8.9012035550721855e-08
34 34 1.7649253605864186e-04
35 6 -7.8995105376667740e-08
35 24 -8.9530705304954385e-08
35 35 1.7491709296653163e-04
35 65 -1.0222688867108235e-07
36 7 -8.0070859116184049e-08
36 19 -8.7731824048807750e-08
36 36 1.8625989213154280e-04
36 66 -1.0787261451301954e-07
37 37 1.7705242064097396e-04
37 41 -1.1136897956182384e-07
37 54 -6.4711367863875983e-08
38 38 1.7889812630450544e-04
38 42 -1.1171451166992973e-07
38 53 -6.9054901369472413e-08
39 39 1.7510234746453759e-04
39 40 -1.1171452290054174e-07
39 55 -6.5401025046941417e-08
40 39 -1.1171452290054174e-07
40 40 1.7889772268903526e-04
40 58 -6.9017663932668268e-08
41 37 -1.1136897956182384e-07
41 41 1.7704503883382764e-04
41 57 -6.8972117311542058e-08
42 38 -1.1171451166992973e-07
42 42 1.7510287045653810e-04
42 56 -6.5939534974386572e-08
43 43 1.7471145146149972e-04
43 44 -1.1206109426818430e-07
43 59 -6.9236859268495671e-08
44 43 -1.1206109426818430e-07
44 44 1.7470797014368408e-04
44 52 -6.5890934640415277e-08
45 1 -8.4724980233804684e-08
45 45 1.9159369862042905e-04
45 51 -9.9826345348309587e-08
45 64 -7.7835367762934066e-08
46 9 -9.8279979788221908e-08
46 21 -9.6926469912872935e-08
46 46 1.6649393166918926e-04
46 66 -7.0136211220249369e-08
47 8 -6.6769587474506619e-08
47 15 -9.9960343632581692e-08
47 47 1.7300577990429327e-04
47 50 -9.8860185506175186e-08
48 9 -6.6736932458987516e-08
48 15 -1.0135436563978700e-07
48 48 1.8199122661224744e-04
48 51 -1.0123784781953745e-07
49 8 -9.5334049851135092e-08
49 31 -9.5413909406921719e-08
49 49 1.6503689951731604e-04
49 65 -7.4125330380076365e-08
50 47 -9.8860185506175186e-08
50 50 1.6966039303487496e-04
50 64 -1.1185341007427490e-07
50 65 -7.1640380080447285e-08
51 45 -9.9826345348309587e-08
51 48 -1.0123784781953745e-07
51 51 1.7317158464009674e-04
51 66 -7.1545904303757655e-08
52 29 -1.1014586330703819e-07
52 44 -6.5890934640415277e-08
52 52 1.5825573721958184e-04
52 60 -8.7754720258403531e-08
53 27 -9.9435047318998287e-08
53 38 -6.9054901369472413e-08
53 53 1.4363014440653602e-04
53 61 -7.8492133016724565e-08
54 26 -1.1541491510648047e-07
54 37 -6.4711367863875983e-08
54 54 1.6170406347825454e-04
54 62 -8.7793733599999199e-08
55 28 -1.1327541036884606e-07
55 39 -6.5401025046941417e-08
55 55 1.5951861976004863e-04
55 63 -8.7790982435255804e-08
56 16 -1.1287498134737858e-07
56 42 -6.5939534974386572e-08
56 56 1.5612631372012939e-04
56 61 -8.3904558148886350e-08
57 17 -1.0180110882207876e-07
57 41 -6.8972117311542058e-08
57 57 1.4284735931355507e-04
57 62 -7.6014299758856706e-08
58 18 -1.0255041177285704e-07
58 40 -6.9017663932668268e-08
58 58 1.4219765351409423e-04
58 63 -7.5295436333560258e-08
59 22 -1.0289204575646084e-07
59 43 -6.9236859268495671e-08
59 59 1.4172895306330016e-04
59 60 -7.4856144547094344e-08
60 7 -9.7926483880614976e-08
60 52 -8.7754720258403531e-08
60 59 -7.4856144547094344e-08
60 60 1.5258079911020328e-04
61 5 -9.5876351297348766e-08
61 53 -7.8492133016724565e-08
61 56 -8.3904558148886350e-08
61 61 1.5324781039244062e-04
62 3 -9.2203347647325802e-08
62 54 -8.7793733599999199e-08
62 57 -7.6014299758856706e-08
62 62 1.5159172780293605e-04
63 6 -9.5971730347818867e-08
63 55 -8.7790982435255804e-08
63 58 -7.5295436333560258e-08
63 63 1.5000295410769605e-04
64 4 -7.2445936499267681e-08
64 45 -7.7835367762934066e-08
64 50 -1.1185341007427490e-07
64 64 1.7003428766874078e-04
65 35 -1.0222688867108235e-07
65 49 -7.4125330380076365e-08
65 50 -7.1640380080447285e-08
65 65 1.4120263704798939e-04
66 36 -1.0787261451301954e-07
66 46 -7.0136211220249369e-08
66 51 -7.1545904303757655e-08
66 66 1.4253642663045193e-04
