%%MatrixMarket matrix coordinate real general
66 66 244
1 1 2.4603176275228464e-04
1 2 -1.2470406057737840e-07
1 7 -9.1021922999045504e-08
1 45 -8.4725004787540384e-08
2 1 -1.2470406057737840e-07
2 2 2.1310858779847438e-04
2 25 -7.7358181987706305e-08
2 34 -8.7181127520692185e-08
3 3 1.9373903128419034e-04
3 8 -1.1135199327557475e-07
3 20 -8.2563133824182912e-08
3 62 -9.2162049181715640e-08
4 4 1.9100771679943536e-04
4 6 -1.0138631094738449e-07
4 25 -1.0450194898521106e-07
4 64 -7.2445775086865178e-08
5 5 2.0355465475311948e-04
5 9 -1.1021426776998531e-07
5 30 -8.3049932972457362e-08
5 61 -9.5853460267090352e-08
6 4 -1.0138631094738449e-07
6 6 1.8253737753479840e-04
6 35 -7.8978823456788697e-08
6 63 -9.5948956596366457e-08
7 1 -9.1021922999045504e-08
7 7 1.9574589518193928e-04
7 36 -8.0071103543080289e-08
7 60 -9.7927128585183381e-08
8 3 -1.1135199327557475e-07
8 8 1.7121626269137589e-04
8 47 -6.6768254915935995e-08
8 49 -9.5316352291994860e-08
9 5 -1.1021426776998531e-07
9 9 1.8034493967026860e-04
9 46 -9.8279971702111213e-08
9 48 -6.6736776529317048e-08
10 10 1.9615910604469983e-04
10 19 -8.3477407839984370e-08
10 21 -8.8191516943248298e-08
11 11 2.0364355324778148e-04
11 23 -8.4743109750415186e-08
11 32 -8.7148133747263742e-08
12 12 2.0361241979157405e-04
12 24 -8.1884932437491326e-08
12 31 -8.7842917129477620e-08
13 13 1.9086146362765793e-04
13 15 -8.8855169922301170e-08
13 20 -8.6054798380443677e-08
13 30 -8.5261592436198200e-08
14 14 1.5769938456666307e-04
14 33 -7.3398277637151622e-08
14 34 -7.8013779774611702e-08
15 13 -8.8855169922301170e-08
15 15 2.1911944177292316e-04
15 47 -9.9960089758677308e-08
15 48 -1.0135419570418782e-07
16 16 2.2084468631348222e-04
16 21 -8.9745932432564817e-08
16 56 -1.1287222924222570e-07
17 17 2.0666764110252421e-04
17 23 -8.6088057227590703e-08
17 57 -1.0092388020558006e-07
18 18 2.0938005591131231e-04
18 24 -8.9792819501510864e-08
18 58 -1.0169274401107893e-07
19 10 -8.3477407839984370e-08
19 19 1.8923463855601079e-04
19 22 -9.0197595037620821e-08
19 36 -8.7734069012488040e-08
20 3 -8.2563133824182912e-08
20 13 -8.6054798380443677e-08
20 20 1.8812374292075305e-04
20 23 -9.2552467326451097e-08
21 10 -8.8191516943248298e-08
21 16 -8.9745932432564817e-08
21 21 2.0875120419696453e-04
21 46 -9.6928781795810582e-08
22 19 -9.0197595037620821e-08
22 22 2.0186890234679653e-04
22 59 -1.0290253074567608e-07
23 11 -8.4743109750415186e-08
23 17 -8.6088057227590703e-08
23 20 -9.2552467326451097e-08
23 23 1.9586893171977577e-04
24 12 -8.1884932437491326e-08
24 18 -8.9792819501510864e-08
24 24 1.8916299833509939e-04
24 35 -8.9364670571534807e-08
25 2 -7.7358181987706305e-08
25 4 -1.0450194898521106e-07
25 25 1.9185014170229646e-04
25 33 -8.7003074944534293e-08
26 26 2.3221728063670959e-04
26 31 -8.9297790424621034e-08
26 54 -1.1458171770345238e-07
27 27 1.9865822625319933e-04
27 32 -8.1664321312959360e-08
27 53 -9.8553577192631066e-08
28 28 2.1856716474545415e-04
28 33 -9.5901276706794799e-08
28 55 -1.1327279190475814e-07
29 29 2.0881836567336360e-04
29 34 -8.9020186964488993e-08
29 52 -1.1015629523323899e-07
30 5 -8.3049932972457362e-08
30 13 -8.5261592436198200e-08
30 30 1.8938861447009495e-04
30 32 -9.2753320367755361e-08
31 12 -8.7842917129477620e-08
31 26 -8.9297790424621034e-08
31 31 2.1207932520077129e-04
31 49 -9.5249266348696406e-08
32 11 -8.7148133747263742e-08
32 27 -8.1664321312959360e-08
32 30 -9.2753320367755361e-08
32 32 1.9066227024721696e-04
33 14 -7.3398277637151622e-08
33 25 -8.7003074944534293e-08
33 28 -9.5901276706794799e-08
33 33 1.6946976119212764e-04
34 2 -8.7181127520692185e-08
34 14 -7.8013779774611702e-08
34 29 -8.9020186964488993e-08
34 34 1.7639278881151100e-04
35 6 -7.8978823456788697e-08
35 24 -8.9364670571534807e-08
35 35 1.7557089523357274e-04
35 65 -1.0220362287332550e-07
36 7 -8.0071103543080289e-08
36 19 -8.7734069012488040e-08
36 36 1.8625058335847633e-04
36 66 -1.0787294899643149e-07
37 37 1.8408461720970784e-04
37 41 -1.0968628189640578e-07
37 54 -6.4093434830681959e-08
38 38 1.8196616988258644e-04
38 42 -1.1088196918018509e-07
38 53 -6.8437999537370583e-08
39 39 1.7660169662612259e-04
39 40 -1.1088262589389276e-07
39 55 -6.5326618873390367e-08
40 39 -1.1088262589389276e-07
40 40 1.8194801745030008e-04
40 58 -6.8406958344019194e-08
41 37 -1.0968628189640578e-07
41 41 1.8405158925806635e-04
41 57 -6.8263735857372109e-08
42 38 -1.1088196918018509e-07
42 42 1.7660257299878401e-04
42 56 -6.5863886389578507e-08
43 43 1.7439197902163178e-04
43 44 -1.1208067637815389e-07
43 59 -6.9245414770169447e-08
44 43 -1.1208067637815389e-07
44 44 1.7438801194806809e-04
44 52 -6.5898692512819893e-08
45 1 -8.4725004787540384e-08
45 45 1.9159367389507678e-04
45 51 -9.9826347512051969e-08
45 64 -7.7835352182385611e-08
46 9 -9.8279971702111213e-08
46 21 -9.6928781795810582e-08
46 46 1.6648587029451464e-04
46 66 -7.0136413114989384e-08
47 8 -6.6768254915935995e-08
47 15 -9.9960089758677308e-08
47 47 1.7300975563727707e-04
47 50 -9.8859892262641615e-08
48 9 -6.6736776529317048e-08
48 15 -1.0135419570418782e-07
48 48 1.8199186254501146e-04
48 51 -1.0123783191752188e-07
49 8 -9.5316352291994860e-08
49 31 -9.5249266348696406e-08
49 49 1.6563086478485817e-04
49 65 -7.4109420188089814e-08
50 47 -9.8859892262641615e-08
50 50 1.6966703744681559e-04
50 64 -1.1185317412536680e-07
50 65 -7.1638024278756892e-08
51 45 -9.9826347512051969e-08
51 48 -1.0123783191752188e-07
51 51 1.7317152698625640e-04
51 66 -7.1545935589706680e-08
52 29 -1.1015629523323899e-07
52 44 -6.5898692512819893e-08
52 52 1.5816168430066784e-04
52 60 -8.7757868679109785e-08
53 27 -9.8553577192631066e-08
53 38 -6.8437999537370583e-08
53 53 1.4623471134076740e-04
53 61 -7.8308926505307854e-08
54 26 -1.1458171770345238e-07
54 37 -6.4093434830681959e-08
54 54 1.6374868679614572e-04
54 62 -8.7580718060386982e-08
55 28 -1.1327279190475814e-07
55 39 -6.5326618873390367e-08
55 55 1.5983091155915088e-04
55 63 -8.7763700966849848e-08
56 16 -1.1287222924222570e-07
56 42 -6.5863886389578507e-08
56 56 1.5644216608440512e-04
56 61 -8.3876871312007854e-08
57 17 -1.0092388020558006e-07
57 41 -6.8263735857372109e-08
57 57 1.4567211554324444e-04
57 62 -7.5812468574242646e-08
58 18 -1.0169274401107893e-07
58 40 -6.8406958344019194e-08
58 58 1.4458498010691640e-04
58 63 -7.5123141541706791e-08
59 22 -1.0290253074567608e-07
59 43 -6.9245414770169447e-08
59 59 1.4163520839919908e-04
59 60 -7.4858967172304046e-08
60 7 -9.7927128585183381e-08
60 52 -8.7757868679109785e-08
60 59 -7.4858967172304046e-08
60 60 1.5255958546163059e-04
61 5 -9.5853460267090352e-08
61 53 -7.8308926505307854e-08
61 56 -8.3876871312007854e-08
61 61 1.5401743337569297e-04
62 3 -9.2162049181715640e-08
62 54 -8.7580718060386982e-08
62 57 -7.5812468574242646e-08
62 62 1.5303056599846648e-04
63 6 -9.5948956596366457e-08
63 55 -8.7763700966849848e-08
63 58 -7.5123141541706791e-08
63 63 1.5071453517768988e-04
64 4 -7.2445775086865178e-08
64 45 -7.7835352182385611e-08
64 50 -1.1185317412536680e-07
64 64 1.7003505784307540e-04
65 35 -1.0220362287332550e-07
65 49 -7.4109420188089814e-08
65 50 -7.1638024278756892e-08
65 65 1.4130201232354070e-04
66 36 -1.0787294899643149e-07
66 46 -7.0136413114989384e-08
66 51 -7.1545935589706680e-08
66 66 1.4253507173291822e-04
