%%MatrixMarket matrix coordinate real general
66 66 244
1 1 2.4603241579085864e-04
1 2 -1.2470392551584608e-07
1 7 -9.1021882552625194e-08
1 45 -8.4724992423624705e-08
2 1 -1.2470392551584608e-07
2 2 2.1311314263372015e-04
2 25 -7.7358025513450523e-08
2 34 -8.7180480624486354e-08
3 3 1.9364525865944558e-04
3 8 -1.1135571285303497e-07
3 20 -8.2570524282994369e-08
3 62 -9.2178198010023269e-08
4 4 1.9100322419560815e-04
4 6 -1.0138791041193326e-07
4 25 -1.0450196365423204e-07
4 64 -7.2445870428742486e-08
5 5 2.0349231842326982e-04
5 9 -1.1021609810706095e-07
5 30 -8.3056742477552918e-08
5 61 -9.5862437094535506e-08
6 4 -1.0138791041193326e-07
6 6 1.8247946623014559e-04
6 35 -7.8985345601005170e-08
6 63 -9.5957902307534495e-08
7 1 -9.1021882552625194e-08
7 7 1.9574731504872059e-04
7 36 -8.0071002427335941e-08
7 60 -9.7926874751540405e-08
8 3 -1.1135571285303497e-07
8 8 1.7118214242103233e-04
8 47 -6.6768934291596180e-08
8 49 -9.5323415984938589e-08
9 5 -1.1021609810706095e-07
9 9 1.8034017717317801e-04
9 46 -9.8280022732821014e-08
9 48 -6.6736868080896247e-08
10 10 1.9620534005336220e-04
10 19 -8.3475931643378751e-08
10 21 -8.8190069073604764e-08
11 11 2.0324047774103649e-04
11 23 -8.4870818237119774e-08
11 32 -8.7281822977538069e-08
12 12 2.0322736145982997e-04
12 24 -8.2009269183287183e-08
12 31 -8.7968763166218661e-08
13 13 1.9081149259928717e-04
13 15 -8.8856282364828210e-08
13 20 -8.6061625324187748e-08
13 30 -8.5268566400700670e-08
14 14 1.5774017777159716e-04
14 33 -7.3396888623521648e-08
14 34 -7.8012269600086123e-08
15 13 -8.8856282364828210e-08
15 15 2.1911569240228333e-04
15 47 -9.9960239220957792e-08
15 48 -1.0135429575518120e-07
16 16 2.2087009243420568e-04
16 21 -8.9744960283331172e-08
16 56 -1.1287523625213298e-07
17 17 2.0627231074436123e-04
17 23 -8.6216991594962948e-08
17 57 -1.0109834002403781e-07
18 18 2.0902833787876784e-04
18 24 -8.9927211218790364e-08
18 58 -1.0186182159539017e-07
19 10 -8.3475931643378751e-08
19 19 1.8925986919376045e-04
19 22 -9.0196004374189534e-08
19 36 -8.7733425928191332e-08
20 3 -8.2570524282994369e-08
20 13 -8.6061625324187748e-08
20 20 1.8785873858470392e-04
20 23 -9.2600244856056582e-08
21 10 -8.8190069073604764e-08
21 16 -8.9744960283331172e-08
21 21 2.0877464880723066e-04
21 46 -9.6928136014194244e-08
22 19 -9.0196004374189534e-08
22 22 2.0191598467715369e-04
22 59 -1.0290045818212183e-07
23 11 -8.4870818237119774e-08
23 17 -8.6216991594962948e-08
23 20 -9.2600244856056582e-08
23 23 1.9663862056821331e-04
24 12 -8.2009269183287183e-08
24 18 -8.9927211218790364e-08
24 24 1.8988199467837247e-04
24 35 -8.9412153295244907e-08
25 2 -7.7358025513450523e-08
25 4 -1.0450196365423204e-07
25 25 1.9185416471501478e-04
25 33 -8.7002427772363870e-08
26 26 2.3209636756581318e-04
26 31 -8.9416731011415373e-08
26 54 -1.1475345312188281e-07
27 27 1.9591775211004402e-04
27 32 -8.1791003018329150e-08
27 53 -9.8724105299281888e-08
28 28 2.1859344407274412e-04
28 33 -9.5900093456788019e-08
28 55 -1.1327574711269109e-07
29 29 2.0886589844783013e-04
29 34 -8.9018551468259835e-08
29 52 -1.1015419494119046e-07
30 5 -8.3056742477552918e-08
30 13 -8.5268566400700670e-08
30 30 1.8911260729351874e-04
30 32 -9.2802608267217383e-08
31 12 -8.7968763166218661e-08
31 26 -8.9416731011415373e-08
31 31 2.1038249373337177e-04
31 49 -9.5296784985360277e-08
32 11 -8.7281822977538069e-08
32 27 -8.1791003018329150e-08
32 30 -9.2802608267217383e-08
32 32 1.9134744932565548e-04
33 14 -7.3396888623521648e-08
33 25 -8.7002427772363870e-08
33 28 -9.5900093456788019e-08
33 33 1.6949373300752802e-04
34 2 -8.7180480624486354e-08
34 14 -7.8012269600086123e-08
34 29 -8.9018551468259835e-08
34 34 1.7641951351968338e-04
35 6 -7.8985345601005170e-08
35 24 -8.9412153295244907e-08
35 35 1.7531848445074684e-04
35 65 -1.0221289070028292e-07
36 7 -8.0071002427335941e-08
36 19 -8.7733425928191332e-08
36 36 1.8625421995048272e-04
36 66 -1.0787281449533324e-07
37 37 1.8282607475476230e-04
37 41 -1.0998639113049120e-07
37 54 -6.4215661622827957e-08
38 38 1.8169199603482389e-04
38 42 -1.1103049854264024e-07
38 53 -6.8553522216088514e-08
39 39 1.7566047270244789e-04
39 40 -1.1103092001749954e-07
39 55 -6.5346707054308105e-08
40 39 -1.1103092001749954e-07
40 40 1.8167991084159398e-04
40 58 -6.8521226417203082e-08
41 37 -1.0998639113049120e-07
41 41 1.8278827097248525e-04
41 57 -6.8403562092242994e-08
42 38 -1.1103049854264024e-07
42 42 1.7566096885967641e-04
42 56 -6.5884327228248027e-08
43 43 1.7444695782826237e-04
43 44 -1.1207730609526254e-07
43 59 -6.9243742495575524e-08
44 43 -1.1207730609526254e-07
44 44 1.7444298877670577e-04
44 52 -6.5897172398850636e-08
45 1 -8.4724992423624705e-08
45 45 1.9159368540121822e-04
45 51 -9.9826346480328503e-08
45 64 -7.7835362464598430e-08
46 9 -9.8280022732821014e-08
46 21 -9.6928136014194244e-08
46 46 1.6648883454520351e-04
46 66 -7.0136335484392147e-08
47 8 -6.6768934291596180e-08
47 15 -9.9960239220957792e-08
47 47 1.7300737154225446e-04
47 50 -9.8860063701462318e-08
48 9 -6.6736868080896247e-08
48 15 -1.0135429575518120e-07
48 48 1.8199144584898138e-04
48 51 -1.0123784260129731e-07
49 8 -9.5323415984938589e-08
49 31 -9.5296784985360277e-08
49 49 1.6540071594869248e-04
49 65 -7.4115799885627817e-08
50 47 -9.8860063701462318e-08
50 50 1.6966320890524105e-04
50 64 -1.1185331186417104e-07
50 65 -7.1639178015539224e-08
51 45 -9.9826346480328503e-08
51 48 -1.0123784260129731e-07
51 51 1.7317155481390390e-04
51 66 -7.1545920491249184e-08
52 29 -1.1015419494119046e-07
52 44 -6.5897172398850636e-08
52 52 1.5818753437496635e-04
52 60 -8.7756944288155756e-08
53 27 -9.8724105299281888e-08
53 38 -6.8553522216088514e-08
53 53 1.4460541401642831e-04
53 61 -7.8359710203983164e-08
54 26 -1.1475345312188281e-07
54 37 -6.4215661622827957e-08
54 54 1.6415669215165483e-04
54 62 -8.7643746260216269e-08
55 28 -1.1327574711269109e-07
55 39 -6.5346707054308105e-08
55 55 1.5970154363897964e-04
55 63 -8.7774313343548860e-08
56 16 -1.1287523625213298e-07
56 42 -6.5884327228248027e-08
56 56 1.5631156074673769e-04
56 61 -8.3887602585715582e-08
57 17 -1.0109834002403781e-07
57 41 -6.8403562092242994e-08
57 57 1.4394017124803507e-04
57 62 -7.5871208424076606e-08
58 18 -1.0186182159539017e-07
58 40 -6.8521226417203082e-08
58 58 1.4301522177670827e-04
58 63 -7.5171059458673378e-08
59 22 -1.0290045818212183e-07
59 43 -6.9243742495575524e-08
59 59 1.4166065719453937e-04
59 60 -7.4858145644828015e-08
60 7 -9.7926874751540405e-08
60 52 -8.7756944288155756e-08
60 59 -7.4858145644828015e-08
60 60 1.5256766607998852e-04
61 5 -9.5862437094535506e-08
61 53 -7.8359710203983164e-08
61 56 -8.3887602585715582e-08
61 61 1.5372697636870363e-04
62 3 -9.2178198010023269e-08
62 54 -8.7643746260216269e-08
62 57 -7.5871208424076606e-08
62 62 1.5248451151641742e-04
63 6 -9.5957902307534495e-08
63 55 -8.7774313343548860e-08
63 58 -7.5171059458673378e-08
63 63 1.5044540221459830e-04
64 4 -7.2445870428742486e-08
64 45 -7.7835362464598430e-08
64 50 -1.1185331186417104e-07
64 64 1.7003455399546585e-04
65 35 -1.0221289070028292e-07
65 49 -7.4115799885627817e-08
65 50 -7.1639178015539224e-08
65 65 1.4125386339643644e-04
66 36 -1.0787281449533324e-07
66 46 -7.0136335484392147e-08
66 51 -7.1545920491249184e-08
66 66 1.4253572611476746e-04
