%%MatrixMarket matrix coordinate real general
66 66 244
1 1 5.6818789383953986e-05
1 2 -1.3235028427346156e-05
1 7 -9.6650658556224535e-06
1 45 -9.3525953317351773e-06
2 1 -1.3235028427346156e-05
2 2 5.2176670936819798e-05
2 25 -8.1290106498485377e-06
2 34 -9.2460615073524670e-06
3 3 5.6701071419198150e-05
3 8 -1.3935194580173681e-05
3 20 -1.0310534651577694e-05
3 62 -1.1770309210916941e-05
4 4 5.0442043840545278e-05
4 6 -1.1399543092176838e-05
4 25 -1.1573894029802571e-05
4 64 -8.1213532127456346e-06
5 5 5.3619239596108717e-05
5 9 -1.2491076145808093e-05
5 30 -9.8148614587261795e-06
5 61 -1.0774417298321383e-05
6 4 -1.1399543092176838e-05
6 6 4.9647698101805896e-05
6 35 -9.2643445793429471e-06
6 63 -1.0685425716068190e-05
7 1 -9.6650658556224535e-06
7 7 4.8129383007818609e-05
7 36 -8.3818954822886643e-06
7 60 -1.0275839396389075e-05
8 3 -1.3935194580173681e-05
8 8 5.2125485910801877e-05
8 47 -8.2689143527164739e-06
8 49 -1.1646628351953570e-05
9 5 -1.2491076145808093e-05
9 9 4.9195353255795620e-05
9 46 -1.0975814010854462e-05
9 48 -7.4891318335185737e-06
10 10 5.5368345862657987e-05
10 19 -8.4713304643048608e-06
10 21 -9.0579237359816404e-06
11 11 5.2317622695266004e-05
11 23 -8.7911065662500338e-06
11 32 -9.0202556012959627e-06
12 12 5.1751373475943910e-05
12 24 -8.4274672510494643e-06
12 31 -9.0712103187183314e-06
13 13 5.1486484366471189e-05
13 15 -1.0709031386437554e-05
13 20 -1.0668451150419925e-05
13 30 -1.0225745935126989e-05
14 14 5.3639717225519013e-05
14 33 -7.5127079233393478e-06
14 34 -7.8819493493799392e-06
15 13 -1.0709031386437554e-05
15 15 5.7202282517429277e-05
15 47 -1.1778300333405740e-05
15 48 -1.1936487359182315e-05
16 16 5.8062932344072539e-05
16 21 -9.1597971233013885e-06
16 56 -1.1362809971167032e-05
17 17 5.7901504215944306e-05
17 23 -9.5745896142871785e-06
17 57 -1.1188911733153441e-05
18 18 5.0548286584917220e-05
18 24 -8.6792969326422682e-06
18 58 -9.7080816245135642e-06
19 10 -8.4713304643048608e-06
19 19 4.5558033817435743e-05
19 22 -9.1800481673182702e-06
19 36 -9.1903924996769133e-06
20 3 -1.0310534651577694e-05
20 13 -1.0668451150419925e-05
20 20 5.2709318605678339e-05
20 23 -1.1938071044218355e-05
21 10 -9.0579237359816404e-06
21 16 -9.1597971233013885e-06
21 21 4.9041559647132693e-05
21 46 -1.0232381913220161e-05
22 19 -9.1800481673182702e-06
22 22 5.7918576933057097e-05
22 59 -1.0381354344906086e-05
23 11 -8.7911065662500338e-06
23 17 -9.5745896142871785e-06
23 20 -1.1938071044218355e-05
23 23 5.1587318010519454e-05
24 12 -8.4274672510494643e-06
24 18 -8.6792969326422682e-06
24 24 4.7505915299628503e-05
24 35 -1.0946788017789840e-05
25 2 -8.1290106498485377e-06
25 4 -1.1573894029802571e-05
25 25 4.7689568926032563e-05
25 33 -9.1195962576509044e-06
26 26 6.0040243353534502e-05
26 31 -9.9622280229617834e-06
26 54 -1.2747872196589580e-05
27 27 4.9452103983039756e-05
27 32 -7.8888588977762772e-06
27 53 -9.3960149651683303e-06
28 28 5.8602481522304661e-05
28 33 -9.7550406993514942e-06
28 55 -1.1434492630717275e-05
29 29 5.8559690869698120e-05
29 34 -9.0239222280256455e-06
29 52 -1.1132792006894407e-05
30 5 -9.8148614587261795e-06
30 13 -1.0225745935126989e-05
30 30 5.0642800987606368e-05
30 32 -1.1399639770830079e-05
31 12 -9.0712103187183314e-06
31 26 -9.9622280229617834e-06
31 31 5.3965745441133492e-05
31 49 -1.2219491521504370e-05
32 11 -9.0202556012959627e-06
32 27 -7.8888588977762772e-06
32 30 -1.1399639770830079e-05
32 32 4.7962974187182582e-05
33 14 -7.5127079233393478e-06
33 25 -9.1195962576509044e-06
33 28 -9.7550406993514942e-06
33 33 4.3057001687810439e-05
34 2 -9.2460615073524670e-06
34 14 -7.8819493493799392e-06
34 29 -9.0239222280256455e-06
34 34 4.3500158205089268e-05
35 6 -9.2643445793429471e-06
35 24 -1.0946788017789840e-05
35 35 5.0257460092035525e-05
35 65 -1.2208727819088532e-05
36 7 -8.3818954822886643e-06
36 19 -9.1903924996769133e-06
36 36 4.7660808403178546e-05
36 66 -1.1538619807673810e-05
37 37 6.1120319389050551e-05
37 41 -1.3172786464265120e-05
37 54 -7.7271953870864954e-06
38 38 4.4346742181330999e-05
38 42 -9.3209854019716231e-06
38 53 -5.9501503762980326e-06
39 39 4.2617799395580115e-05
39 40 -9.3164143984730105e-06
39 55 -6.1960179105743930e-06
40 39 -9.3164143984730105e-06
40 40 4.4329331553188050e-05
40 58 -5.9480644222925065e-06
41 37 -1.3172786464265120e-05
41 41 6.1747522291759243e-05
41 57 -8.2478224995820612e-06
42 38 -9.3209854019716231e-06
42 42 4.2684485323629361e-05
42 56 -6.2283296458389446e-06
43 43 5.5523824439292284e-05
43 44 -1.1197406345533813e-05
43 59 -6.9956940263248811e-06
44 43 -1.1197406345533813e-05
44 44 5.5189855672550030e-05
44 52 -6.6691010040337764e-06
45 1 -9.3525953317351773e-06
45 45 4.8653373224546371e-05
45 51 -1.1042507129105288e-05
45 64 -8.7466933179315582e-06
46 9 -1.0975814010854462e-05
46 21 -1.0232381913220161e-05
46 46 4.4882150165087188e-05
46 66 -7.3876200689314370e-06
47 8 -8.2689143527164739e-06
47 15 -1.1778300333405740e-05
47 47 4.9462090481647465e-05
47 50 -1.1641140311656465e-05
48 9 -7.4891318335185737e-06
48 15 -1.1936487359182315e-05
48 48 4.9279157721972188e-05
48 51 -1.1380405075332999e-05
49 8 -1.1646628351953570e-05
49 31 -1.2219491521504370e-05
49 49 5.0211552809095535e-05
49 65 -9.0564974200450791e-06
50 47 -1.1641140311656465e-05
50 50 5.0883433625515588e-05
50 64 -1.3038426838515241e-05
50 65 -8.6011563815895773e-06
51 45 -1.1042507129105288e-05
51 48 -1.1380405075332999e-05
51 51 4.7858099735840004e-05
51 66 -7.9229457375395153e-06
52 29 -1.1132792006894407e-05
52 44 -6.6691010040337764e-06
52 52 4.2492968924484251e-05
52 60 -8.9379785192479438e-06
53 27 -9.3960149651683303e-06
53 38 -5.9501503762980326e-06
53 53 3.7164058761528587e-05
53 61 -8.5709240320092516e-06
54 26 -1.2747872196589580e-05
54 37 -7.7271953870864954e-06
54 54 4.9837134260258758e-05
54 62 -1.1488129718172446e-05
55 28 -1.1434492630717275e-05
55 39 -6.1960179105743930e-06
55 55 4.1915333203532339e-05
55 63 -9.3813184329408980e-06
56 16 -1.1362809971167032e-05
56 42 -6.2283296458389446e-06
56 56 4.1078705486556457e-05
56 61 -9.0389793512055625e-06
57 17 -1.1188911733153441e-05
57 41 -8.2478224995820612e-06
57 57 4.5227836182733941e-05
57 62 -9.9698880661364034e-06
58 18 -9.7080816245135642e-06
58 40 -5.9480644222925065e-06
58 58 3.7024380704961767e-05
58 63 -8.2266843619621048e-06
59 22 -1.0381354344906086e-05
59 43 -6.9956940263248811e-06
59 59 3.9078591788457831e-05
59 60 -7.6230655660866842e-06
60 7 -1.0275839396389075e-05
60 52 -8.9379785192479438e-06
60 59 -7.6230655660866842e-06
60 60 4.1925224427761466e-05
61 5 -1.0774417298321383e-05
61 53 -8.5709240320092516e-06
61 56 -9.0389793512055625e-06
61 61 4.3094442422083348e-05
62 3 -1.1770309210916941e-05
62 54 -1.1488129718172446e-05
62 57 -9.9698880661364034e-06
62 62 4.9475155496625108e-05
63 6 -1.0685425716068190e-05
63 55 -9.3813184329408980e-06
63 58 -8.2266843619621048e-06
63 63 4.2541738760132358e-05
64 4 -8.1213532127456346e-06
64 45 -8.7466933179315582e-06
64 50 -1.3038426838515241e-05
64 64 4.7144378498006477e-05
65 35 -1.2208727819088532e-05
65 49 -9.0564974200450791e-06
65 50 -8.6011563815895773e-06
65 65 4.4686621267093440e-05
66 36 -1.1538619807673810e-05
66 46 -7.3876200689314370e-06
66 51 -7.9229457375395153e-06
66 66 4.1187810684410156e-05
