%%MatrixMarket matrix coordinate real general
66 66 244
1 1 5.8167517905328961e-05
1 2 -1.3523828718856619e-05
1 7 -9.8775693859175369e-06
1 45 -9.5668187468733499e-06
2 1 -1.3523828718856619e-05
2 2 5.3182595955346223e-05
2 25 -8.4723836084328993e-06
2 34 -9.3643159791654932e-06
3 3 5.7685923934402050e-05
3 8 -1.4157400967963058e-05
3 20 -1.0486688801282351e-05
3 62 -1.1946888911750702e-05
4 4 5.2391597436591633e-05
4 6 -1.1958337762588821e-05
4 25 -1.1973306313467010e-05
4 64 -8.4215007293691380e-06
5 5 5.6100049311589461e-05
5 9 -1.3050026199815714e-05
5 30 -1.0260755246721987e-05
5 61 -1.1327734772588094e-05
6 4 -1.1958337762588821e-05
6 6 5.2346660274757263e-05
6 35 -9.7292464946425730e-06
6 63 -1.1290074018383349e-05
7 1 -9.8775693859175369e-06
7 7 4.8847798195824407e-05
7 36 -8.5343513697970818e-06
7 60 -1.0395959705253799e-05
8 3 -1.4157400967963058e-05
8 8 5.3098673401118341e-05
8 47 -8.3909151231588385e-06
8 49 -1.2003153108523601e-05
9 5 -1.3050026199815714e-05
9 9 5.1001976879237734e-05
9 46 -1.1331042041046118e-05
9 48 -7.7695630941164970e-06
10 10 5.6690290977279490e-05
10 19 -8.6251899383837768e-06
10 21 -9.3510621054070978e-06
11 11 6.6557303466819321e-05
11 23 -1.0883089124735782e-05
11 32 -1.1210557321774669e-05
12 12 6.6117195765895957e-05
12 24 -1.0518641989371654e-05
12 31 -1.1263869014375309e-05
13 13 5.2931289847615905e-05
13 15 -1.0987586500523801e-05
13 20 -1.0921211596569201e-05
13 30 -1.0516598697281847e-05
14 14 5.5075826881769284e-05
14 33 -7.7446232809137471e-06
14 34 -8.0721295061022482e-06
15 13 -1.0987586500523801e-05
15 15 5.8703462427181830e-05
15 47 -1.2136749299410488e-05
15 48 -1.2219227220383953e-05
16 16 6.1654508540435961e-05
16 21 -9.5004619257794996e-06
16 56 -1.2433312363558977e-05
17 17 6.9240537253680273e-05
17 23 -1.1206907058029157e-05
17 57 -1.3137803132960234e-05
18 18 6.7673206517460834e-05
18 24 -1.1293245020798557e-05
18 58 -1.2824124522597423e-05
19 10 -8.6251899383837768e-06
19 19 4.6383032292376190e-05
19 22 -9.3266369358347853e-06
19 36 -9.3676897359556656e-06
20 3 -1.0486688801282351e-05
20 13 -1.0921211596569201e-05
20 20 5.3765251815756213e-05
20 23 -1.2006520519269954e-05
21 10 -9.3510621054070978e-06
21 16 -9.5004619257794996e-06
21 21 5.0904017554388972e-05
21 46 -1.0717136070148417e-05
22 19 -9.3266369358347853e-06
22 22 5.8424237598341922e-05
22 59 -1.0445535082395380e-05
23 11 -1.0883089124735782e-05
23 17 -1.1206907058029157e-05
23 20 -1.2006520519269954e-05
23 23 5.5260108743818227e-05
24 12 -1.0518641989371654e-05
24 18 -1.1293245020798557e-05
24 24 5.3644003115650367e-05
24 35 -1.1414043774136508e-05
25 2 -8.4723836084328993e-06
25 4 -1.1973306313467010e-05
25 25 4.9827879093046055e-05
25 33 -9.5370384576839016e-06
26 26 7.1400554060376044e-05
26 31 -1.1606567675904236e-05
26 54 -1.4884708135614535e-05
27 27 6.6416430332063856e-05
27 32 -1.0280062990431434e-05
27 53 -1.2442369829003304e-05
28 28 6.2135939462214281e-05
28 33 -1.0101020964992716e-05
28 55 -1.2464897508846756e-05
29 29 5.9116204163325597e-05
29 34 -9.2159210096620100e-06
29 52 -1.1196971836370956e-05
30 5 -1.0260755246721987e-05
30 13 -1.0516598697281847e-05
30 30 5.2860708197173443e-05
30 32 -1.1864229492643341e-05
31 12 -1.1263869014375309e-05
31 26 -1.1606567675904236e-05
31 31 5.8061126988499528e-05
31 49 -1.2324288285570177e-05
32 11 -1.1210557321774669e-05
32 27 -1.0280062990431434e-05
32 30 -1.1864229492643341e-05
32 32 5.3947900292996366e-05
33 14 -7.7446232809137471e-06
33 25 -9.5370384576839016e-06
33 28 -1.0101020964992716e-05
33 33 4.4609263596208194e-05
34 2 -9.3643159791654932e-06
34 14 -8.0721295061022482e-06
34 29 -9.2159210096620100e-06
34 34 4.4444256725721136e-05
35 6 -9.7292464946425730e-06
35 24 -1.1414043774136508e-05
35 35 5.2379529123204684e-05
35 65 -1.2559040022359148e-05
36 7 -8.5343513697970818e-06
36 19 -9.3676897359556656e-06
36 36 4.8686130364009323e-05
36 66 -1.1843140183329937e-05
37 37 6.7977915489420292e-05
37 41 -1.4578345346690194e-05
37 54 -8.4633935937770520e-06
38 38 6.1053891100959609e-05
38 42 -1.3051170717544345e-05
38 53 -7.9935221333525261e-06
39 39 5.9210862938285625e-05
39 40 -1.3046466188305494e-05
39 55 -7.1518379244971709e-06
40 39 -1.3046466188305494e-05
40 40 6.1026337009600275e-05
40 58 -7.9870147035059552e-06
41 37 -1.4578345346690194e-05
41 41 6.8554283672822626e-05
41 57 -9.0230249248504152e-06
42 38 -1.3051170717544345e-05
42 42 5.9294047341812767e-05
42 56 -7.2179804596500162e-06
43 43 5.5672781922395903e-05
43 44 -1.1225775227425627e-05
43 59 -7.0331708308440939e-06
44 43 -1.1225775227425627e-05
44 44 5.5345393966329347e-05
44 52 -6.7024210986849418e-06
45 1 -9.5668187468733499e-06
45 45 4.9933370820409451e-05
45 51 -1.1305669443175210e-05
45 64 -9.0603822919849264e-06
46 9 -1.1331042041046118e-05
46 21 -1.0717136070148417e-05
46 46 4.6946746045879589e-05
46 66 -7.7325316467535509e-06
47 8 -8.3909151231588385e-06
47 15 -1.2136749299410488e-05
47 47 5.0965796039486096e-05
47 50 -1.2006608917161051e-05
48 9 -7.7695630941164970e-06
48 15 -1.2219227220383953e-05
48 48 5.0863692721004152e-05
48 51 -1.1801446796846416e-05
49 8 -1.2003153108523601e-05
49 31 -1.2324288285570177e-05
49 49 5.1470069659431577e-05
49 65 -9.3485046562438662e-06
50 47 -1.2006608917161051e-05
50 50 5.2237849410553655e-05
50 64 -1.3421097570324190e-05
50 65 -8.8269551823463431e-06
51 45 -1.1305669443175210e-05
51 48 -1.1801446796846416e-05
51 51 4.9213626870465514e-05
51 66 -8.1183713355698024e-06
52 29 -1.1196971836370956e-05
52 44 -6.7024210986849418e-06
52 52 4.2819701699490347e-05
52 60 -9.0699372807652459e-06
53 27 -1.2442369829003304e-05
53 38 -7.9935221333525261e-06
53 53 4.5601793272610563e-05
53 61 -9.7525461545041114e-06
54 26 -1.4884708135614535e-05
54 37 -8.4633935937770520e-06
54 54 5.2497787192883255e-05
54 62 -1.1474216665714359e-05
55 28 -1.2464897508846756e-05
55 39 -7.1518379244971709e-06
55 55 4.6243290908776856e-05
55 63 -1.0287718433247245e-05
56 16 -1.2433312363558977e-05
56 42 -7.2179804596500162e-06
56 56 4.5531215652648735e-05
56 61 -9.8717989099852851e-06
57 17 -1.3137803132960234e-05
57 41 -9.0230249248504152e-06
57 57 4.7698595836092572e-05
57 62 -9.9490637792647513e-06
58 18 -1.2824124522597423e-05
58 40 -7.9870147035059552e-06
58 58 4.5411579683197768e-05
58 63 -9.3503150678708327e-06
59 22 -1.0445535082395380e-05
59 43 -7.0331708308440939e-06
59 59 3.9389049107939339e-05
59 60 -7.7369306937740694e-06
60 7 -1.0395959705253799e-05
60 52 -9.0699372807652459e-06
60 59 -7.7369306937740694e-06
60 60 4.2557400450504563e-05
61 5 -1.1327734772588094e-05
61 53 -9.7525461545041114e-06
61 56 -9.8717989099852851e-06
61 61 4.7118754621495925e-05
62 3 -1.1946888911750702e-05
62 54 -1.1474216665714359e-05
62 57 -9.9490637792647513e-06
62 62 4.9917387060443934e-05
63 6 -1.1290074018383349e-05
63 55 -1.0287718433247245e-05
63 58 -9.3503150678708327e-06
63 63 4.6680431646027237e-05
64 4 -8.4215007293691380e-06
64 45 -9.0603822919849264e-06
64 50 -1.3421097570324190e-05
64 64 4.8879821291998999e-05
65 35 -1.2559040022359148e-05
65 49 -9.3485046562438662e-06
65 50 -8.8269551823463431e-06
65 65 4.5843704558157572e-05
66 36 -1.1843140183329937e-05
66 46 -7.7325316467535509e-06
66 51 -8.1183713355698024e-06
66 66 4.2462874199595893e-05
