%%MatrixMarket matrix coordinate real general
66 66 244
1 1 2.4603305978577648e-04
1 2 -1.2470371976635622e-07
1 7 -9.1021840734432683e-08
1 45 -8.4724980183432535e-08
2 1 -1.2470371976635622e-07
2 2 2.1312042273230746e-04
2 25 -7.7357766501266364e-08
2 34 -8.7178746150547369e-08
3 3 1.9354576076709132e-04
3 8 -1.1135959040788159e-07
3 20 -8.2581315598374562e-08
3 62 -9.2203774057412631e-08
4 4 1.9100002859368204e-04
4 6 -1.0138958855354357e-07
4 25 -1.0450186939966575e-07
4 64 -7.2445936569119881e-08
5 5 2.0342563039513252e-04
5 9 -1.1021801320217085e-07
5 30 -8.3067077504614254e-08
5 61 -9.5876586202776140e-08
6 4 -1.0138958855354357e-07
6 6 1.8241726004134245e-04
6 35 -7.8995261651606678e-08
6 63 -9.5971962715527246e-08
7 1 -9.1021840734432683e-08
7 7 1.9574881239723961e-04
7 36 -8.0070857002376986e-08
7 60 -9.7926477360939052e-08
8 3 -1.1135959040788159e-07
8 8 1.7114853705550750e-04
8 47 -6.6769590521215097e-08
8 49 -9.5334223974926346e-08
9 5 -1.1021801320217085e-07
9 9 1.8033675689342854e-04
9 46 -9.8279977436139779e-08
9 48 -6.6736932534386828e-08
10 10 1.9646740093435703e-04
10 19 -8.3469085100712027e-08
10 21 -8.8183248127063706e-08
11 11 1.9896888020705679e-04
11 23 -8.5453510848949718e-08
11 32 -8.7891496351187432e-08
12 12 1.9899280634590682e-04
12 24 -8.2579079570266384e-08
12 31 -8.8545035128749297e-08
13 13 1.9075913895619782e-04
13 15 -8.8857424133661484e-08
13 20 -8.6071964427378209e-08
13 30 -8.5279249285792446e-08
14 14 1.5801472585428864e-04
14 33 -7.3389437955474598e-08
14 34 -7.8004370330457418e-08
15 13 -8.8857424133661484e-08
15 15 2.1911300092347666e-04
15 47 -9.9960343782428583e-08
15 48 -1.0135436573924652e-07
16 16 2.2109427350110042e-04
16 21 -8.9739171391315330e-08
16 56 -1.1287417956485705e-07
17 17 2.0241600077771063e-04
17 23 -8.6796806619738727e-08
17 57 -1.0188522731484731e-07
18 18 2.0549796180858510e-04
18 24 -9.0530622425282190e-08
18 58 -1.0263317135397357e-07
19 10 -8.3469085100712027e-08
19 19 1.8932947566042824e-04
19 22 -9.0188808286267734e-08
19 36 -8.7731745883137352e-08
20 3 -8.2581315598374562e-08
20 13 -8.6071964427378209e-08
20 20 1.8743541242340162e-04
20 23 -9.2724872150491222e-08
21 10 -8.8183248127063706e-08
21 16 -8.9739171391315330e-08
21 21 2.0884093350404751e-04
21 46 -9.6926388518298992e-08
22 19 -9.0188808286267734e-08
22 22 2.0217370145477970e-04
22 59 -1.0289104512006197e-07
23 11 -8.5453510848949718e-08
23 17 -8.6796806619738727e-08
23 20 -9.2724872150491222e-08
23 23 1.9420345144986441e-04
24 12 -8.2579079570266384e-08
24 18 -9.0530622425282190e-08
24 24 1.8744480906477320e-04
24 35 -8.9536542832812266e-08
25 2 -7.7357766501266364e-08
25 4 -1.0450186939966575e-07
25 25 1.9186107967175068e-04
25 33 -8.7000594108151770e-08
26 26 2.2786618442334418e-04
26 31 -8.9928100905919328e-08
26 54 -1.1549011245092854e-07
27 27 1.9121283491050560e-04
27 32 -8.2373828001726814e-08
27 53 -9.9522260020685576e-08
28 28 2.1881877076422235e-04
28 33 -9.5893086741492250e-08
28 55 -1.1327460422443919e-07
29 29 2.0911963670803099e-04
29 34 -8.9011278931798477e-08
29 52 -1.1014489053307208e-07
30 5 -8.3067077504614254e-08
30 13 -8.5279249285792446e-08
30 30 1.8866703058563705e-04
30 32 -9.2931877143049497e-08
31 12 -8.8545035128749297e-08
31 26 -8.9928100905919328e-08
31 31 2.0838091010002183e-04
31 49 -9.5419571595523900e-08
32 11 -8.7891496351187432e-08
32 27 -8.2373828001726814e-08
32 30 -9.2931877143049497e-08
32 32 1.8874495979353869e-04
33 14 -7.3389437955474598e-08
33 25 -8.7000594108151770e-08
33 28 -9.5893086741492250e-08
33 33 1.6956600584215113e-04
34 2 -8.7178746150547369e-08
34 14 -7.8004370330457418e-08
34 29 -8.9011278931798477e-08
34 34 1.7649645530759821e-04
35 6 -7.8995261651606678e-08
35 24 -8.9536542832812266e-08
35 35 1.7491007007327915e-04
35 65 -1.0222711635162595e-07
36 7 -8.0070857002376986e-08
36 19 -8.7731745883137352e-08
36 36 1.8625998882332008e-04
36 66 -1.0787261134126719e-07
37 37 1.7695243563927674e-04
37 41 -1.1155120963273592e-07
37 54 -6.4769616455306123e-08
38 38 1.7674175354084328e-04
38 42 -1.1180474260885173e-07
38 53 -6.9118072411593460e-08
39 39 1.7495673976716946e-04
39 40 -1.1180474669985346e-07
39 55 -6.5403712280254782e-08
40 39 -1.1180474669985346e-07
40 40 1.7674158889731997e-04
40 58 -6.9080387113407780e-08
41 37 -1.1155120963273592e-07
41 41 1.7694992779274801e-04
41 57 -6.9038806072998237e-08
42 38 -1.1180474260885173e-07
42 42 1.7495727628505839e-04
42 56 -6.5942263772886314e-08
43 43 1.7474728837336487e-04
43 44 -1.1205890006225151e-07
43 59 -6.9236048052230355e-08
44 43 -1.1205890006225151e-07
44 44 1.7474386562932732e-04
44 52 -6.5890199835284438e-08
45 1 -8.4724980183432535e-08
45 45 1.9159369836108120e-04
45 51 -9.9826345348427311e-08
45 64 -7.7835367767896727e-08
46 9 -9.8279977436139779e-08
46 21 -9.6926388518298992e-08
46 46 1.6649402296095014e-04
46 66 -7.0136209176327223e-08
47 8 -6.6769590521215097e-08
47 15 -9.9960343782428583e-08
47 47 1.7300577766603156e-04
47 50 -9.8860185690020669e-08
48 9 -6.6736932534386828e-08
48 15 -1.0135436573924652e-07
48 48 1.8199122635247097e-04
48 51 -1.0123784781992015e-07
49 8 -9.5334223974926346e-08
49 31 -9.5419571595523900e-08
49 49 1.6503058881312742e-04
49 65 -7.4125482661030718e-08
50 47 -9.8860185690020669e-08
50 50 1.6966038870250719e-04
50 64 -1.1185341021398455e-07
50 65 -7.1640386590110089e-08
51 45 -9.9826345348427311e-08
51 48 -1.0123784781992015e-07
51 51 1.7317158488952715e-04
51 66 -7.1545904213842858e-08
52 29 -1.1014489053307208e-07
52 44 -6.5890199835284438e-08
52 52 1.5825927166460192e-04
52 60 -8.7754616506229827e-08
53 27 -9.9522260020685576e-08
53 38 -6.9118072411593460e-08
53 53 1.4336915678030823e-04
53 61 -7.8499003460588450e-08
54 26 -1.1549011245092854e-07
54 37 -6.4769616455306123e-08
54 54 1.6146855101898248e-04
54 62 -8.7800738068654584e-08
55 28 -1.1327460422443919e-07
55 39 -6.5403712280254782e-08
55 55 1.5951760664908299e-04
55 63 -8.7791223577393240e-08
56 16 -1.1287417956485705e-07
56 42 -6.5942263772886314e-08
56 56 1.5612523968737901e-04
56 61 -8.3904809054792647e-08
57 17 -1.0188522731484731e-07
57 41 -6.9038806072998237e-08
57 57 1.4259121962679027e-04
57 62 -7.6021138365018380e-08
58 18 -1.0263317135397357e-07
58 40 -6.9080387113407780e-08
58 58 1.4194925672188764e-04
58 63 -7.5301878604235588e-08
59 22 -1.0289104512006197e-07
59 43 -6.9236048052230355e-08
59 59 1.4173254962679331e-04
59 60 -7.4856049857858291e-08
60 7 -9.7926477360939052e-08
60 52 -8.7754616506229827e-08
60 59 -7.4856049857858291e-08
60 60 1.5258103339397546e-04
61 5 -9.5876586202776140e-08
61 53 -7.8499003460588450e-08
61 56 -8.3904809054792647e-08
61 61 1.5323902746811351e-04
62 3 -9.2203774057412631e-08
62 54 -8.7800738068654584e-08
62 57 -7.6021138365018380e-08
62 62 1.5157559024276112e-04
63 6 -9.5971962715527246e-08
63 55 -8.7791223577393240e-08
63 58 -7.5301878604235588e-08
63 63 1.4999487899614229e-04
64 4 -7.2445936569119881e-08
64 45 -7.7835367767896727e-08
64 50 -1.1185341021398455e-07
64 64 1.7003428768538225e-04
65 35 -1.0222711635162595e-07
65 49 -7.4125482661030718e-08
65 50 -7.1640386590110089e-08
65 65 1.4120235162566486e-04
66 36 -1.0787261134126719e-07
66 46 -7.0136209176327223e-08
66 51 -7.1545904213842858e-08
66 66 1.4253643040463844e-04
