%%MatrixMarket matrix coordinate real general
66 66 244
1 1 5.8118625946457313e-05
1 2 -1.3513330125636191e-05
1 7 -9.8697436923726583e-06
1 45 -9.5588516337567920e-06
2 1 -1.3513330125636191e-05
2 2 5.3143369304565948e-05
2 25 -8.4511740132026333e-06
2 34 -9.3613080019977796e-06
3 3 5.7641762748389269e-05
3 8 -1.4147459637187340e-05
3 20 -1.0478974400321843e-05
3 62 -1.1939608693800496e-05
4 4 5.2268222501707578e-05
4 6 -1.1918935155661836e-05
4 25 -1.1948979743864368e-05
4 64 -8.4062611007236789e-06
5 5 5.5917861077826765e-05
5 9 -1.3011247107303256e-05
5 30 -1.0231991485670328e-05
5 61 -1.1289669993837870e-05
6 4 -1.1918935155661836e-05
6 6 5.2158588888162326e-05
6 35 -9.6989110260975015e-06
6 63 -1.1247760107585060e-05
7 1 -9.8697436923726583e-06
7 7 4.8829892475827578e-05
7 36 -8.5287218187605470e-06
7 60 -1.0394072790540850e-05
8 3 -1.4147459637187340e-05
8 8 5.3053742887143100e-05
8 47 -8.3855802808112224e-06
8 49 -1.1985381687374377e-05
9 5 -1.3011247107303256e-05
9 9 5.0889917256778684e-05
9 46 -1.1309495059373962e-05
9 48 -7.7556791383236094e-06
10 10 5.6605429813103394e-05
10 19 -8.6177703635458484e-06
10 21 -9.3323975552567420e-06
11 11 6.4783317731457972e-05
11 23 -1.0632282191074863e-05
11 32 -1.0951697433889950e-05
12 12 6.4290161245495251e-05
12 24 -1.0266311038939748e-05
12 31 -1.0995390934007509e-05
13 13 5.2856887466671694e-05
13 15 -1.0972827910127381e-05
13 20 -1.0909093088319197e-05
13 30 -1.0501527688756100e-05
14 14 5.4980954659004713e-05
14 33 -7.7295969336788735e-06
14 34 -8.0617939189557841e-06
15 13 -1.0972827910127381e-05
15 15 5.8630671707641080e-05
15 47 -1.2120400383085817e-05
15 48 -1.2206428232685001e-05
16 16 6.1376487180222057e-05
16 21 -9.4790485080677681e-06
16 56 -1.2337426159194590e-05
17 17 6.8153946781139094e-05
17 23 -1.1054422913537558e-05
17 57 -1.2955647666520984e-05
18 18 6.4825861753613852e-05
18 24 -1.0877435815831482e-05
18 58 -1.2340897325405243e-05
19 10 -8.6177703635458484e-06
19 19 4.6345679714435349e-05
19 22 -9.3198976735706392e-06
19 36 -9.3610347761013871e-06
20 3 -1.0478974400321843e-05
20 13 -1.0909093088319197e-05
20 20 5.3713839720284578e-05
20 23 -1.2002055974948246e-05
21 10 -9.3323975552567420e-06
21 16 -9.4790485080677681e-06
21 21 5.0786799831699703e-05
21 46 -1.0687406826932237e-05
22 19 -9.3198976735706392e-06
22 22 5.8403655869626170e-05
22 59 -1.0443759878669249e-05
23 11 -1.0632282191074863e-05
23 17 -1.1054422913537558e-05
23 20 -1.2002055974948246e-05
23 23 5.4846170107206481e-05
24 12 -1.0266311038939748e-05
24 18 -1.0877435815831482e-05
24 24 5.2930863631211199e-05
24 35 -1.1397395128512178e-05
25 2 -8.4511740132026333e-06
25 4 -1.1948979743864368e-05
25 25 4.9696826986946039e-05
25 33 -9.5113803833986355e-06
26 26 7.0328227451696808e-05
26 31 -1.1456296097766084e-05
26 54 -1.4689159551523097e-05
27 27 6.3528525875684611e-05
27 32 -9.8885498854439798e-06
27 53 -1.1957244325767252e-05
28 28 6.1861378160583681e-05
28 33 -1.0078931002381917e-05
28 55 -1.2373357262922801e-05
29 29 5.9092791102648792e-05
29 34 -9.2057971366204557e-06
29 52 -1.1195530148345037e-05
30 5 -1.0231991485670328e-05
30 13 -1.0501527688756100e-05
30 30 5.2736866394933801e-05
30 32 -1.1847792201206824e-05
31 12 -1.0995390934007509e-05
31 26 -1.1456296097766084e-05
31 31 5.7626768523280883e-05
31 49 -1.2318064207468633e-05
32 11 -1.0951697433889950e-05
32 27 -9.8885498854439798e-06
32 30 -1.1847792201206824e-05
32 32 5.3254182732424775e-05
33 14 -7.7295969336788735e-06
33 25 -9.5113803833986355e-06
33 28 -1.0078931002381917e-05
33 33 4.4510305534336240e-05
34 2 -9.3613080019977796e-06
34 14 -8.0617939189557841e-06
34 29 -9.2057971366204557e-06
34 34 4.4396709988513551e-05
35 6 -9.6989110260975015e-06
35 24 -1.1397395128512178e-05
35 35 5.2247249832879038e-05
35 65 -1.2539474074084535e-05
36 7 -8.5287218187605470e-06
36 19 -9.3610347761013871e-06
36 36 4.8645930080782227e-05
36 66 -1.1829474568491280e-05
37 37 6.7467365820133229e-05
37 41 -1.4476058354002396e-05
37 54 -8.4087965866158124e-06
38 38 5.6073161330173481e-05
38 42 -1.2056040053862541e-05
38 53 -7.4054319940895857e-06
39 39 5.6817105833224530e-05
39 40 -1.2050131984719349e-05
39 55 -7.0721761243812512e-06
40 39 -1.2050131984719349e-05
40 40 5.6039710075199631e-05
40 58 -7.3988298130635866e-06
41 37 -1.4476058354002396e-05
41 41 6.8051703540353812e-05
41 57 -8.9660348933284866e-06
42 38 -1.2056040053862541e-05
42 42 5.6898460180482841e-05
42 56 -7.1346581893463724e-06
43 43 5.5668065087260366e-05
43 44 -1.1224682577705037e-05
43 59 -7.0323683960599665e-06
44 43 -1.1224682577705037e-05
44 44 5.5340295132181235e-05
44 52 -6.7018977048830144e-06
45 1 -9.5588516337567920e-06
45 45 4.9882779805853755e-05
45 51 -1.1295126483589776e-05
45 64 -9.0443596231929701e-06
46 9 -1.1309495059373962e-05
46 21 -1.0687406826932237e-05
46 46 4.6819173708390771e-05
46 66 -7.7111278577445482e-06
47 8 -8.3855802808112224e-06
47 15 -1.2120400383085817e-05
47 47 5.0897865481223104e-05
47 50 -1.1989830147333292e-05
48 9 -7.7556791383236094e-06
48 15 -1.2206428232685001e-05
48 48 5.0779768068521744e-05
48 51 -1.1780415503530851e-05
49 8 -1.1985381687374377e-05
49 31 -1.2318064207468633e-05
49 49 5.1397441692429603e-05
49 65 -9.3339063070889781e-06
50 47 -1.1989830147333292e-05
50 50 5.2157730543194374e-05
50 64 -1.3402189795024916e-05
50 65 -8.8140024311338217e-06
51 45 -1.1295126483589776e-05
51 48 -1.1780415503530851e-05
51 51 4.9153791714482434e-05
51 66 -8.1104878726858423e-06
52 29 -1.1195530148345037e-05
52 44 -6.7018977048830144e-06
52 52 4.2810054780073427e-05
52 60 -9.0647974922820542e-06
53 27 -1.1957244325767252e-05
53 38 -7.4054319940895857e-06
53 53 4.4393350412770340e-05
53 61 -9.7032076589901453e-06
54 26 -1.4689159551523097e-05
54 37 -8.4087965866158124e-06
54 54 5.2279117821538332e-05
54 62 -1.1473032968004710e-05
55 28 -1.2373357262922801e-05
55 39 -7.0721761243812512e-06
55 55 4.5853160527439224e-05
55 63 -1.0212047480617843e-05
56 16 -1.2337426159194590e-05
56 42 -7.1346581893463724e-06
56 56 4.5133906710588694e-05
56 61 -9.8026045074619120e-06
57 17 -1.2955647666520984e-05
57 41 -8.9660348933284866e-06
57 57 4.7458503742727428e-05
57 62 -9.9482645505719891e-06
58 18 -1.2340897325405243e-05
58 40 -7.3988298130635866e-06
58 58 4.4209315935538747e-05
58 63 -9.3029254772034873e-06
59 22 -1.0443759878669249e-05
59 43 -7.0323683960599665e-06
59 59 3.9378959093621757e-05
59 60 -7.7324625364906588e-06
60 7 -1.0394072790540850e-05
60 52 -9.0647974922820542e-06
60 59 -7.7324625364906588e-06
60 60 4.2534904582568569e-05
61 5 -1.1289669993837870e-05
61 53 -9.7032076589901453e-06
61 56 -9.8026045074619120e-06
61 61 4.6833287808303147e-05
62 3 -1.1939608693800496e-05
62 54 -1.1473032968004710e-05
62 57 -9.9482645505719891e-06
62 62 4.9894914528768707e-05
63 6 -1.1247760107585060e-05
63 55 -1.0212047480617843e-05
63 58 -9.3029254772034873e-06
63 63 4.6380711569768053e-05
64 4 -8.4062611007236789e-06
64 45 -9.0443596231929701e-06
64 50 -1.3402189795024916e-05
64 64 4.8790006366932655e-05
65 35 -1.2539474074084535e-05
65 49 -9.3339063070889781e-06
65 50 -8.8140024311338217e-06
65 65 4.5770693750510500e-05
66 36 -1.1829474568491280e-05
66 46 -7.7111278577445482e-06
66 51 -8.1104878726858423e-06
66 66 4.2401188488054242e-05
