%%MatrixMarket matrix coordinate real general
66 66 244
1 1 5.7639077700017354e-05
1 2 -1.3412207704471476e-05
1 7 -9.7952714560888104e-06
1 45 -9.4824395171255685e-06
2 1 -1.3412207704471476e-05
2 2 5.2784008691711177e-05
2 25 -8.3319262471649781e-06
2 34 -9.3190112598317765e-06
3 3 5.7318634041038479e-05
3 8 -1.4071127686913075e-05
3 20 -1.0419505074868911e-05
3 62 -1.1887399679621135e-05
4 4 5.1589518525685737e-05
4 6 -1.1723134438503538e-05
4 25 -1.1808876153225415e-05
4 64 -8.3025478289638328e-06
5 5 5.4991558843599031e-05
5 9 -1.2815495262060719e-05
5 30 -1.0076916267120243e-05
5 61 -1.1095464660323938e-05
6 4 -1.1723134438503538e-05
6 6 5.1205947725390267e-05
6 35 -9.5373424645658866e-06
6 63 -1.1035044386685820e-05
7 1 -9.7952714560888104e-06
7 7 4.8574345862958518e-05
7 36 -8.4756751180110230e-06
7 60 -1.0350685924111400e-05
8 3 -1.4071127686913075e-05
8 8 5.2716372031810105e-05
8 47 -8.3412865347551008e-06
8 49 -1.1871439723761504e-05
9 5 -1.2815495262060719e-05
9 9 5.0251124122694365e-05
9 46 -1.1184175628830723e-05
9 48 -7.6595338200098167e-06
10 10 5.6166916547185740e-05
10 19 -8.5658162411854428e-06
10 21 -9.2330508042312523e-06
11 11 5.8483760398709482e-05
11 23 -9.7165908810601416e-06
11 32 -1.0003694038492632e-05
12 12 5.7882520708986907e-05
12 24 -9.3545489277951176e-06
12 31 -1.0028750020482328e-05
13 13 5.2364508095408848e-05
13 15 -1.0876394612131737e-05
13 20 -1.0827640414756476e-05
13 30 -1.0401475397875260e-05
14 14 5.4503915872256741e-05
14 33 -7.6511850976936066e-06
14 34 -7.9973637536108895e-06
15 13 -1.0876394612131737e-05
15 15 5.8102409223024953e-05
15 47 -1.1999665315683132e-05
15 48 -1.2105640382694475e-05
16 16 6.0154121237915344e-05
16 21 -9.3653794519639288e-06
16 56 -1.1943809775998407e-05
17 17 6.3616977602664682e-05
17 23 -1.0411098332320892e-05
17 57 -1.2185040355946205e-05
18 18 5.6559514757235574e-05
18 24 -9.6297887554488136e-06
18 58 -1.0876829298165523e-05
19 10 -8.5658162411854428e-06
19 19 4.6063181892353904e-05
19 22 -9.2700464502784950e-06
19 36 -9.2994151004509675e-06
20 3 -1.0419505074868911e-05
20 13 -1.0827640414756476e-05
20 20 5.3386614526934792e-05
20 23 -1.1991591204462152e-05
21 10 -9.2330508042312523e-06
21 16 -9.3653794519639288e-06
21 21 5.0150875833897167e-05
21 46 -1.0519404670847169e-05
22 19 -9.2700464502784950e-06
22 22 5.8237112278330559e-05
22 59 -1.0421976602878011e-05
23 11 -9.7165908810601416e-06
23 17 -1.0411098332320892e-05
23 20 -1.1991591204462152e-05
23 23 5.3279840034577776e-05
24 12 -9.3545489277951176e-06
24 18 -9.6297887554488136e-06
24 24 5.0572708258964602e-05
24 35 -1.1321155725007663e-05
25 2 -8.3319262471649781e-06
25 4 -1.1808876153225415e-05
25 25 4.8944993316668086e-05
25 33 -9.3668233617498852e-06
26 26 6.5817393032064966e-05
26 31 -1.0814387857676432e-05
26 54 -1.3851676197421770e-05
27 27 5.5273719872064605e-05
27 32 -8.7377640110198947e-06
27 53 -1.0516176261730926e-05
28 28 6.0659236905879723e-05
28 33 -9.9637740333497979e-06
28 55 -1.1998645935890138e-05
29 29 5.8909843247567097e-05
29 34 -9.1404795527007067e-06
29 52 -1.1173577874451241e-05
30 5 -1.0076916267120243e-05
30 13 -1.0401475397875260e-05
30 30 5.2048913931651713e-05
30 32 -1.1772553826461342e-05
31 12 -1.0028750020482328e-05
31 26 -1.0814387857676432e-05
31 31 5.5986058038119248e-05
31 49 -1.2298824209268325e-05
32 11 -1.0003694038492632e-05
32 27 -8.7377640110198947e-06
32 30 -1.1772553826461342e-05
32 32 5.0961680616807179e-05
33 14 -7.6511850976936066e-06
33 25 -9.3668233617498852e-06
33 28 -9.9637740333497979e-06
33 33 4.3981217868965739e-05
34 2 -9.3190112598317765e-06
34 14 -7.9973637536108895e-06
34 29 -9.1404795527007067e-06
34 34 4.4072781272569298e-05
35 6 -9.5373424645658866e-06
35 24 -1.1321155725007663e-05
35 35 5.1717204037865928e-05
35 65 -1.2416626455479338e-05
36 7 -8.4756751180110230e-06
36 19 -9.2994151004509675e-06
36 36 4.8285521578583305e-05
36 66 -1.1723518033045501e-05
37 37 6.5042790454801730e-05
37 41 -1.3985110393106744e-05
37 54 -8.1495336466846058e-06
38 38 4.7316708686774702e-05
38 42 -1.0131280140364075e-05
38 53 -6.3492269903094626e-06
39 39 4.8835821838794469e-05
39 40 -1.0125704405229279e-05
39 55 -6.6938326610456830e-06
40 39 -1.0125704405229279e-05
40 40 4.7288725966811898e-05
40 58 -6.3445863562573551e-06
41 37 -1.3985110393106744e-05
41 41 6.5655617921705876e-05
41 57 -8.6942478391694279e-06
42 38 -1.0131280140364075e-05
42 42 4.8907684881197258e-05
42 56 -6.7405564724127837e-06
43 43 5.5617763525922581e-05
43 44 -1.1215220352852435e-05
43 59 -7.0194597519920692e-06
44 43 -1.1215220352852435e-05
44 44 5.5287794245608343e-05
44 52 -6.6902805699866285e-06
45 1 -9.4824395171255685e-06
45 45 4.9428594313930400e-05
45 51 -1.1201524352298841e-05
45 64 -8.9358791632315951e-06
46 9 -1.1184175628830723e-05
46 21 -1.0519404670847169e-05
46 46 4.6098827871860961e-05
46 66 -7.5915748776250973e-06
47 8 -8.3412865347551008e-06
47 15 -1.1999665315683132e-05
47 47 5.0381976244983430e-05
47 50 -1.1867058180475300e-05
48 9 -7.6595338200098167e-06
48 15 -1.2105640382694475e-05
48 48 5.0153538973493392e-05
48 51 -1.1636120110209945e-05
49 8 -1.1871439723761504e-05
49 31 -1.2298824209268325e-05
49 49 5.1128152513253555e-05
49 65 -9.2407471667890862e-06
50 47 -1.1867058180475300e-05
50 50 5.1619816817441533e-05
50 64 -1.3268461900947956e-05
50 65 -8.7342994985899144e-06
51 45 -1.1201524352298841e-05
51 48 -1.1636120110209945e-05
51 51 4.8680201592715477e-05
51 66 -8.0411486564919198e-06
52 29 -1.1173577874451241e-05
52 44 -6.6902805699866285e-06
52 52 4.2695964140237181e-05
52 60 -9.0194361381697479e-06
53 27 -1.0516176261730926e-05
53 38 -6.3492269903094626e-06
53 53 4.1164097008329146e-05
53 61 -9.4405981870341534e-06
54 26 -1.3851676197421770e-05
54 37 -8.1495336466846058e-06
54 54 5.1281844467951776e-05
54 62 -1.1470579453340266e-05
55 28 -1.1998645935890138e-05
55 39 -6.6938326610456830e-06
55 55 4.4384377104509227e-05
55 63 -9.8780374343744658e-06
56 16 -1.1943809775998407e-05
56 42 -6.7405564724127837e-06
56 56 4.3451559316285894e-05
56 61 -9.4969422409677195e-06
57 17 -1.2185040355946205e-05
57 41 -8.6942478391694279e-06
57 57 4.6425313946617011e-05
57 62 -9.9489984507652748e-06
58 18 -1.0876829298165523e-05
58 40 -6.3445863562573551e-06
58 58 4.0989545024979511e-05
58 63 -9.0538821754546645e-06
59 22 -1.0421976602878011e-05
59 43 -7.0194597519920692e-06
59 59 3.9271039683686388e-05
59 60 -7.6933445166217745e-06
60 7 -1.0350685924111400e-05
60 52 -9.0194361381697479e-06
60 59 -7.6933445166217745e-06
60 60 4.2315387340478509e-05
61 5 -1.1095464660323938e-05
61 53 -9.4405981870341534e-06
61 56 -9.4969422409677195e-06
61 61 4.5519370116075845e-05
62 3 -1.1887399679621135e-05
62 54 -1.1470579453340266e-05
62 57 -9.9489984507652748e-06
62 62 4.9752451564469554e-05
63 6 -1.1035044386685820e-05
63 55 -9.8780374343744658e-06
63 58 -9.0538821754546645e-06
63 63 4.5018301706771899e-05
64 4 -8.3025478289638328e-06
64 45 -8.9358791632315951e-06
64 50 -1.3268461900947956e-05
64 64 4.8185678550939423e-05
65 35 -1.2416626455479338e-05
65 49 -9.2407471667890862e-06
65 50 -8.7342994985899144e-06
65 65 4.5316554323660024e-05
66 36 -1.1723518033045501e-05
66 46 -7.5915748776250973e-06
66 51 -8.0411486564919198e-06
66 66 4.1951872824571189e-05
