%%MatrixMarket matrix coordinate real general
66 66 244
1 1 5.6962129033672542e-05
1 2 -1.3265921974957682e-05
1 7 -9.6877238174899390e-06
1 45 -9.3751332698815323e-06
2 1 -1.3265921974957682e-05
2 2 5.2282658394224934e-05
2 25 -8.1632842687071501e-06
2 34 -9.2591695326124754e-06
3 3 5.6813499839662803e-05
3 8 -1.3958827152593517e-05
3 20 -1.0329701713038503e-05
3 62 -1.1793274655905658e-05
4 4 5.0637176974656206e-05
4 6 -1.1454301613644514e-05
4 25 -1.1614348070573668e-05
4 64 -8.1526240459328090e-06
5 5 5.3717502589266050e-05
5 9 -1.2546134600182664e-05
5 30 -9.8572723209637448e-06
5 61 -1.0829190634026620e-05
6 4 -1.1454301613644514e-05
6 6 4.9908864110784050e-05
6 35 -9.3084250356604129e-06
6 63 -1.0744688532916691e-05
7 1 -9.6877238174899390e-06
7 7 4.8207736120504925e-05
7 36 -8.3984043327569848e-06
7 60 -1.0289062436106089e-05
8 3 -1.3958827152593517e-05
8 8 5.2228821821291780e-05
8 47 -8.2811436654198748e-06
8 49 -1.1686907762960434e-05
9 5 -1.2546134600182664e-05
9 9 4.9380764752087623e-05
9 46 -1.1011565152316574e-05
9 48 -7.5186520506959875e-06
10 10 5.5506376651414532e-05
10 19 -8.4879373966909233e-06
10 21 -9.0887025313016571e-06
11 11 5.3091502058374553e-05
11 23 -8.9085469977005628e-06
11 32 -9.1484354046706659e-06
12 12 5.2513999855621011e-05
12 24 -8.5471878230615332e-06
12 31 -9.1916254577571777e-06
13 13 5.1639329620853647e-05
13 15 -1.0737996806071771e-05
13 20 -1.0697052818787067e-05
13 30 -1.0255924973300298e-05
14 14 5.3792618072264216e-05
14 33 -7.5370588708121753e-06
14 34 -7.9019019122511917e-06
15 13 -1.0737996806071771e-05
15 15 5.7358298957806416e-05
15 47 -1.1817510680247483e-05
15 48 -1.1965469292231237e-05
16 16 5.8424677559090657e-05
16 21 -9.1962803348669649e-06
16 56 -1.1455627886663318e-05
17 17 5.8713717591711501e-05
17 23 -9.6950319614857138e-06
17 57 -1.1331101024589610e-05
18 18 5.1198845450710776e-05
18 24 -8.7859741970168709e-06
18 58 -9.8442034505946935e-06
19 10 -8.4879373966909233e-06
19 19 4.5643028817200874e-05
19 22 -9.1958553045590815e-06
19 36 -9.2095539733587808e-06
20 3 -1.0329701713038503e-05
20 13 -1.0697052818787067e-05
20 20 5.2844308363433459e-05
20 23 -1.1957132680073197e-05
21 10 -9.0887025313016571e-06
21 16 -9.1962803348669649e-06
21 21 4.9239616042115284e-05
21 46 -1.0280783282802514e-05
22 19 -9.1958553045590815e-06
22 22 5.7976211407000218e-05
22 59 -1.0388674781555325e-05
23 11 -8.9085469977005628e-06
23 17 -9.6950319614857138e-06
23 20 -1.1957132680073197e-05
23 23 5.1882359230618602e-05
24 12 -8.5471878230615332e-06
24 18 -8.7859741970168709e-06
24 24 4.8033710090715136e-05
24 35 -1.1039719359835595e-05
25 2 -8.1632842687071501e-06
25 4 -1.1614348070573668e-05
25 25 4.7899373820551320e-05
25 33 -9.1613870050385631e-06
26 26 6.0863013777350629e-05
26 31 -1.0086303152791102e-05
26 54 -1.2907037427480376e-05
27 27 5.0078116540286702e-05
27 32 -7.9825557178419904e-06
27 53 -9.5250247440976106e-06
28 28 5.8957639432450841e-05
28 33 -9.7921280307729922e-06
28 55 -1.1526202343363572e-05
29 29 5.8623060202114287e-05
29 34 -9.0440848505418489e-06
29 52 -1.1140167328329730e-05
30 5 -9.8572723209637448e-06
30 13 -1.0255924973300298e-05
30 30 5.0913796422977946e-05
30 32 -1.1492783039772139e-05
31 12 -9.1916254577571777e-06
31 26 -1.0086303152791102e-05
31 31 5.4286630003442442e-05
31 49 -1.2244458807017618e-05
32 11 -9.1484354046706659e-06
32 27 -7.9825557178419904e-06
32 30 -1.1492783039772139e-05
32 32 4.8481559196089104e-05
33 14 -7.5370588708121753e-06
33 25 -9.1613870050385631e-06
33 28 -9.7921280307729922e-06
33 33 4.3222133153431864e-05
34 2 -9.2591695326124754e-06
34 14 -7.9019019122511917e-06
34 29 -9.0440848505418489e-06
34 34 4.3601583994513228e-05
35 6 -9.3084250356604129e-06
35 24 -1.1039719359835595e-05
35 35 5.0527308702408165e-05
35 65 -1.2243666514640700e-05
36 7 -8.3984043327569848e-06
36 19 -9.2095539733587808e-06
36 36 4.7765685322738094e-05
36 66 -1.1570764678225275e-05
37 37 6.1749871491871664e-05
37 41 -1.3303786550956022e-05
37 54 -7.7949231316228723e-06
38 38 4.4546390075891106e-05
38 42 -9.3821130647850287e-06
38 53 -5.9849194172255510e-06
39 39 4.3203016553401763e-05
39 40 -9.3774689657333700e-06
39 55 -6.2629577149176396e-06
40 39 -9.3774689657333700e-06
40 40 4.4527879043903988e-05
40 58 -5.9825695805303353e-06
41 37 -1.3303786550956022e-05
41 41 6.2375401841292742e-05
41 57 -8.3196831756703417e-06
42 38 -9.3821130647850287e-06
42 42 4.3269420164518882e-05
42 56 -6.2964410507097357e-06
43 43 5.5540678887075754e-05
43 44 -1.1200594151881035e-05
43 59 -6.9999765565763347e-06
44 43 -1.1200594151881035e-05
44 44 5.5207403845806821e-05
44 52 -6.6729201404793790e-06
45 1 -9.3751332698815323e-06
45 45 4.8786378082567488e-05
45 51 -1.1070160528762150e-05
45 64 -8.7793372334145623e-06
46 9 -1.1011565152316574e-05
46 21 -1.0280783282802514e-05
46 46 4.5085961974076358e-05
46 66 -7.4219389307585955e-06
47 8 -8.2811436654198748e-06
47 15 -1.1817510680247483e-05
47 47 4.9614002853722795e-05
47 50 -1.1681197571027943e-05
48 9 -7.5186520506959875e-06
48 15 -1.1965469292231237e-05
48 48 4.9465369302937272e-05
48 51 -1.1424722361826086e-05
49 8 -1.1686907762960434e-05
49 31 -1.2244458807017618e-05
49 49 5.0388015262024432e-05
49 65 -9.0894977404879306e-06
50 47 -1.1681197571027943e-05
50 50 5.1041952270470799e-05
50 64 -1.3078077117852471e-05
50 65 -8.6237753867930844e-06
51 45 -1.1070160528762150e-05
51 48 -1.1424722361826086e-05
51 51 4.8002426979753277e-05
51 66 -7.9434960272177336e-06
52 29 -1.1140167328329730e-05
52 44 -6.6729201404793790e-06
52 52 4.2528928625852399e-05
52 60 -8.9521918543830663e-06
53 27 -9.5250247440976106e-06
53 38 -5.9849194172255510e-06
53 53 3.7797483632728311e-05
53 61 -8.7409813365489577e-06
54 26 -1.2907037427480376e-05
54 37 -7.7949231316228723e-06
54 54 5.0048817217633502e-05
54 62 -1.1484886202999277e-05
55 28 -1.1526202343363572e-05
55 39 -6.2629577149176396e-06
55 55 4.2312346177088281e-05
55 63 -9.4642706681168779e-06
56 16 -1.1455627886663318e-05
56 42 -6.2964410507097357e-06
56 56 4.1442548221457909e-05
56 61 -9.1164432649530077e-06
57 17 -1.1331101024589610e-05
57 41 -8.3196831756703417e-06
57 57 4.5425307371465594e-05
57 62 -9.9661969514597449e-06
58 18 -9.8442034505946935e-06
58 40 -5.9825695805303353e-06
58 58 3.7653262209626055e-05
58 63 -8.3894788320277871e-06
59 22 -1.0388674781555325e-05
59 43 -6.9999765565763347e-06
59 59 3.9112747427211615e-05
59 60 -7.6353276005012230e-06
60 7 -1.0289062436106089e-05
60 52 -8.9521918543830663e-06
60 59 -7.6353276005012230e-06
60 60 4.1990788190056187e-05
61 5 -1.0829190634026620e-05
61 53 -8.7409813365489577e-06
61 56 -9.1164432649530077e-06
61 61 4.3524660945164375e-05
62 3 -1.1793274655905658e-05
62 54 -1.1484886202999277e-05
62 57 -9.9661969514597449e-06
62 62 4.9531182635515608e-05
63 6 -1.0744688532916691e-05
63 55 -9.4642706681168779e-06
63 58 -8.3894788320277871e-06
63 63 4.2971325602681419e-05
64 4 -8.1526240459328090e-06
64 45 -8.7793372334145623e-06
64 50 -1.3078077117852471e-05
64 64 4.7322680706390023e-05
65 35 -1.2243666514640700e-05
65 49 -9.0894977404879306e-06
65 50 -8.6237753867930844e-06
65 65 4.4821859650396898e-05
66 36 -1.1570764678225275e-05
66 46 -7.4219389307585955e-06
66 51 -7.9434960272177336e-06
66 66 4.1315573072772579e-05
