%%MatrixMarket matrix coordinate real general
66 66 244
1 1 2.4602990569384841e-04
1 2 -1.2470436271948211e-07
1 7 -9.1022034070877888e-08
1 45 -8.4725039198595353e-08
2 1 -1.2470436271948211e-07
2 2 2.1309879059259952e-04
2 25 -7.7358502161813764e-08
2 34 -8.7182251285752987e-08
3 3 1.9399101944340500e-04
3 8 -1.1134184491269138e-07
3 20 -8.2546122393444722e-08
3 62 -9.2126568328627498e-08
4 4 1.9102326080640993e-04
4 6 -1.0138196856410331e-07
4 25 -1.0450173889079295e-07
4 64 -7.2445436550375928e-08
5 5 2.0372094414243167e-04
5 9 -1.1020928847844135e-07
5 30 -8.3034672448032271e-08
5 61 -9.5833868984245939e-08
6 4 -1.0138196856410331e-07
6 6 1.8269134539930008e-04
6 35 -7.8964215934840807e-08
6 63 -9.5929400644700381e-08
7 1 -9.1022034070877888e-08
7 7 1.9574205902654664e-04
7 36 -8.0071338697199328e-08
7 60 -9.7927685073310567e-08
8 3 -1.1134184491269138e-07
8 8 1.7131362335690828e-04
8 47 -6.6766279605777844e-08
8 49 -9.5300508412285190e-08
9 5 -1.1020928847844135e-07
9 9 1.8036133270340636e-04
9 46 -9.8279670445402837e-08
9 48 -6.6736454543660952e-08
10 10 1.9609647830703172e-04
10 19 -8.3479588782190965e-08
10 21 -8.8193606899106245e-08
11 11 2.0497458787118152e-04
11 23 -8.4552186130282774e-08
11 32 -8.6948944502159038e-08
12 12 2.0490619421971557e-04
12 24 -8.1699755367436522e-08
12 31 -8.7654336583727409e-08
13 13 1.9099726655725423e-04
13 15 -8.8852088159947966e-08
13 20 -8.6039419639691450e-08
13 30 -8.5246025371297520e-08
14 14 1.5764818973090170e-04
14 33 -7.3400174318281065e-08
14 34 -7.8015913500674257e-08
15 13 -8.8852088159947966e-08
15 15 2.1913260601564302e-04
15 47 -9.9959552614349456e-08
15 48 -1.0135383549677676e-07
16 16 2.2083566039049412e-04
16 21 -8.9746864632924789e-08
16 56 -1.1286430339194864e-07
17 17 2.0807857263170819e-04
17 23 -8.5893418038490085e-08
17 57 -1.0066207970831926e-07
18 18 2.1075019581748752e-04
18 24 -8.9590225699987742e-08
18 58 -1.0144162267978551e-07
19 10 -8.3479588782190965e-08
19 19 1.8919170897919066e-04
19 22 -9.0199983341277375e-08
19 36 -8.7735201971843661e-08
20 3 -8.2546122393444722e-08
20 13 -8.6039419639691450e-08
20 20 1.8869906839210534e-04
20 23 -9.2467462758630764e-08
21 10 -8.8193606899106245e-08
21 16 -8.9746864632924789e-08
21 21 2.0871326097871216e-04
21 46 -9.6929844305537236e-08
22 19 -9.0199983341277375e-08
22 22 2.0180328097377408e-04
22 59 -1.0290562743982720e-07
23 11 -8.4552186130282774e-08
23 17 -8.5893418038490085e-08
23 20 -9.2467462758630764e-08
23 23 1.9882138274965680e-04
24 12 -8.1699755367436522e-08
24 18 -8.9590225699987742e-08
24 24 1.9204722952903923e-04
24 35 -8.9280745834450119e-08
25 2 -7.7358502161813764e-08
25 4 -1.0450173889079295e-07
25 25 1.9184240763206486e-04
25 33 -8.7004115237479500e-08
26 26 2.3354307979261827e-04
26 31 -8.9113909750320208e-08
26 54 -1.1431782338088333e-07
27 27 1.9781521419447114e-04
27 32 -8.1475666823661535e-08
27 53 -9.8303097531205898e-08
28 28 2.1855580061841504e-04
28 33 -9.5902421733807181e-08
28 55 -1.1326498096954972e-07
29 29 2.0875132920673234e-04
29 34 -8.9022642240805737e-08
29 52 -1.1015947199507888e-07
30 5 -8.3034672448032271e-08
30 13 -8.5246025371297520e-08
30 30 1.8998210480263345e-04
30 32 -9.2666577587335775e-08
31 12 -8.7654336583727409e-08
31 26 -8.9113909750320208e-08
31 31 2.1226244155707227e-04
31 49 -9.5163830313161087e-08
32 11 -8.6948944502159038e-08
32 27 -8.1475666823661535e-08
32 30 -9.2666577587335775e-08
32 32 1.9119839487755010e-04
33 14 -7.3400174318281065e-08
33 25 -8.7004115237479500e-08
33 28 -9.5902421733807181e-08
33 33 1.6943246825502426e-04
34 2 -8.7182251285752987e-08
34 14 -7.8015913500674257e-08
34 29 -8.9022642240805737e-08
34 34 1.7634840356007140e-04
35 6 -7.8964215934840807e-08
35 24 -8.9280745834450119e-08
35 35 1.7611337779012339e-04
35 65 -1.0218298424463993e-07
36 7 -8.0071338697199328e-08
36 19 -8.7735201971843661e-08
36 36 1.8624265877172715e-04
36 66 -1.0787325088515853e-07
37 37 1.8436776604074503e-04
37 41 -1.0926893355765332e-07
37 54 -6.3912954576879984e-08
38 38 1.8292735986509095e-04
38 42 -1.1067509117594203e-07
38 53 -6.8271533500574638e-08
39 39 1.7807756734794627e-04
39 40 -1.1067619022363289e-07
39 55 -6.5293771196697665e-08
40 39 -1.1067619022363289e-07
40 40 1.8289803077221748e-04
40 58 -6.8242380698289143e-08
41 37 -1.0926893355765332e-07
41 41 1.8435407825083991e-04
41 57 -6.8057739284874378e-08
42 38 -1.1067509117594203e-07
42 42 1.7807976595610886e-04
42 56 -6.5830432947972719e-08
43 43 1.7431723686924639e-04
43 44 -1.1208525583683001e-07
43 59 -6.9247862593652757e-08
44 43 -1.1208525583683001e-07
44 44 1.7431341408087419e-04
44 52 -6.5900925681920545e-08
45 1 -8.4725039198595353e-08
45 45 1.9159368076882797e-04
45 51 -9.9826348335097499e-08
45 64 -7.7835306060858424e-08
46 9 -9.8279670445402837e-08
46 21 -9.6929844305537236e-08
46 46 1.6648037020861126e-04
46 66 -7.0136568030380884e-08
47 8 -6.6766279605777844e-08
47 15 -9.9959552614349456e-08
47 47 1.7301864691367789e-04
47 50 -9.8859285595804603e-08
48 9 -6.6736454543660952e-08
48 15 -1.0135383549677676e-07
48 48 1.8199370259951527e-04
48 51 -1.0123778249528356e-07
49 8 -9.5300508412285190e-08
49 31 -9.5163830313161087e-08
49 49 1.6612698557038106e-04
49 65 -7.4095124251748504e-08
50 47 -9.8859285595804603e-08
50 50 1.6968014703048527e-04
50 64 -1.1185268792800599e-07
50 65 -7.1634885908496105e-08
51 45 -9.9826348335097499e-08
51 48 -1.0123778249528356e-07
51 51 1.7317148867494281e-04
51 66 -7.1545974288510297e-08
52 29 -1.1015947199507888e-07
52 44 -6.5900925681920545e-08
52 52 1.5811777603244543e-04
52 60 -8.7759524940065838e-08
53 27 -9.8303097531205898e-08
53 38 -6.8271533500574638e-08
53 53 1.4703367375403187e-04
53 61 -7.8222257617376603e-08
54 26 -1.1431782338088333e-07
54 37 -6.3912954576879984e-08
54 54 1.6453300287559542e-04
54 62 -8.7467260252188220e-08
55 28 -1.1326498096954972e-07
55 39 -6.5293771196697665e-08
55 55 1.6011546380856150e-04
55 63 -8.7741187034757687e-08
56 16 -1.1286430339194864e-07
56 42 -6.5830432947972719e-08
56 56 1.5672904738393763e-04
56 61 -8.3854181240683935e-08
57 17 -1.0066207970831926e-07
57 41 -6.8057739284874378e-08
57 57 1.4671790547641074e-04
57 62 -7.5707641741116295e-08
58 18 -1.0144162267978551e-07
58 40 -6.8242380698289143e-08
58 58 1.4531835769119428e-04
58 63 -7.5041371884821429e-08
59 22 -1.0290562743982720e-07
59 43 -6.9247862593652757e-08
59 59 1.4159248498309669e-04
59 60 -7.4860428260104602e-08
60 7 -9.7927685073310567e-08
60 52 -8.7759524940065838e-08
60 59 -7.4860428260104602e-08
60 60 1.5254259608876348e-04
61 5 -9.5833868984245939e-08
61 53 -7.8222257617376603e-08
61 56 -8.3854181240683935e-08
61 61 1.5462275742280618e-04
62 3 -9.2126568328627498e-08
62 54 -8.7467260252188220e-08
62 57 -7.5707641741116295e-08
62 62 1.5224135894594719e-04
63 6 -9.5929400644700381e-08
63 55 -8.7741187034757687e-08
63 58 -7.5041371884821429e-08
63 63 1.5127703008148381e-04
64 4 -7.2445436550375928e-08
64 45 -7.7835306060858424e-08
64 50 -1.1185268792800599e-07
64 64 1.7003726300155245e-04
65 35 -1.0218298424463993e-07
65 49 -7.4095124251748504e-08
65 50 -7.1634885908496105e-08
65 65 1.4143049457486444e-04
66 36 -1.0787325088515853e-07
66 46 -7.0136568030380884e-08
66 51 -7.1545974288510297e-08
66 66 1.4253336170046301e-04
