%%MatrixMarket matrix coordinate real general
66 66 244
1 1 2.4602691241314942e-04
1 2 -1.2470475100773561e-07
1 7 -9.1022206879784838e-08
1 45 -8.4725092058223816e-08
2 1 -1.2470475100773561e-07
2 2 2.1308680311609183e-04
2 25 -7.7358857989447491e-08
2 34 -8.7183380413857846e-08
3 3 1.9437499877710687e-04
3 8 -1.1132612154859737e-07
3 20 -8.2523506212783107e-08
3 62 -9.2081732720192593e-08
4 4 1.9105311168335920e-04
4 6 -1.0137528563122531e-07
4 25 -1.0450114467649570e-07
4 64 -7.2444766744505045e-08
5 5 2.0397161359271885e-04
5 9 -1.1020160968863226e-07
5 30 -8.3014988800626343e-08
5 61 -9.5809312993381594e-08
6 4 -1.0137528563122531e-07
6 6 1.8292256605269785e-04
6 35 -7.8945382330561271e-08
6 63 -9.5904850187576422e-08
7 1 -9.1022206879784838e-08
7 7 1.9573619498049766e-04
7 36 -8.0071654575921292e-08
7 60 -9.7928385641427103e-08
8 3 -1.1132612154859737e-07
8 8 1.7147182669262503e-04
8 47 -6.6762996617746276e-08
8 49 -9.5279913561772704e-08
9 5 -1.1020160968863226e-07
9 9 1.8039267701006341e-04
9 46 -9.8278941654039323e-08
9 48 -6.6735822848721626e-08
10 10 1.9604728411885429e-04
10 19 -8.3481474157442968e-08
10 21 -8.8195319546089469e-08
11 11 2.0558350904068074e-04
11 23 -8.4384062827201586e-08
11 32 -8.6773890854799040e-08
12 12 2.0547163755052912e-04
12 24 -8.1537262786349080e-08
12 31 -8.7488261746594483e-08
13 13 1.9120658420684956e-04
13 15 -8.8847226412917061e-08
13 20 -8.6019408768849207e-08
13 30 -8.5225992445413118e-08
14 14 1.5761128906361803e-04
14 33 -7.3401627917045165e-08
14 34 -7.8017677518811171e-08
15 13 -8.8847226412917061e-08
15 15 2.1915858293333179e-04
15 47 -9.9958467074770868e-08
15 48 -1.0135310499600219e-07
16 16 2.2086637863443596e-04
16 21 -8.9746908890068203e-08
16 56 -1.1285328006550427e-07
17 17 2.0881480341682719e-04
17 23 -8.5720296299156874e-08
17 57 -1.0043037614835911e-07
18 18 2.1143221566119941e-04
18 24 -8.9410607157835811e-08
18 58 -1.0122287225172451e-07
19 10 -8.3481474157442968e-08
19 19 1.8914967423874096e-04
19 22 -9.0202092801880022e-08
19 36 -8.7736359937309604e-08
20 3 -8.2523506212783107e-08
20 13 -8.6019408768849207e-08
20 20 1.8941796954995922e-04
20 23 -9.2379765990811448e-08
21 10 -8.8195319546089469e-08
21 16 -8.9746908890068203e-08
21 21 2.0868004861692701e-04
21 46 -9.6930773450053612e-08
22 19 -9.0202092801880022e-08
22 22 2.0174946185205336e-04
22 59 -1.0290834391687284e-07
23 11 -8.4384062827201586e-08
23 17 -8.5720296299156874e-08
23 20 -9.2379765990811448e-08
23 23 1.9919473610879391e-04
24 12 -8.1537262786349080e-08
24 18 -8.9410607157835811e-08
24 24 1.9242830718314786e-04
24 35 -8.9194634383288028e-08
25 2 -7.7358857989447491e-08
25 4 -1.0450114467649570e-07
25 25 1.9183496824243015e-04
25 33 -8.7005001460556663e-08
26 26 2.3418209774637934e-04
26 31 -8.8947279616328187e-08
26 54 -1.1407892118583084e-07
27 27 1.9845878855791177e-04
27 32 -8.1310187504379938e-08
27 53 -9.8087441956405145e-08
28 28 2.1858309087624883e-04
28 33 -9.5902506032540733e-08
28 55 -1.1325409937831118e-07
29 29 2.0869564095504859e-04
29 34 -8.9024802010658945e-08
29 52 -1.1016229799569967e-07
30 5 -8.3014988800626343e-08
30 13 -8.5225992445413118e-08
30 30 1.9071423902620405e-04
30 32 -9.2577630235833816e-08
31 12 -8.7488261746594483e-08
31 26 -8.8947279616328187e-08
31 31 2.1243813803618569e-04
31 49 -9.5075616642488222e-08
32 11 -8.6773890854799040e-08
32 27 -8.1310187504379938e-08
32 30 -9.2577630235833816e-08
32 32 1.9404844003718220e-04
33 14 -7.3401627917045165e-08
33 25 -8.7005001460556663e-08
33 28 -9.5902506032540733e-08
33 33 1.6940152697574176e-04
34 2 -8.7183380413857846e-08
34 14 -7.8017677518811171e-08
34 29 -8.9024802010658945e-08
34 34 1.7630613010781890e-04
35 6 -7.8945382330561271e-08
35 24 -8.9194634383288028e-08
35 35 1.7678270624656224e-04
35 65 -1.0215652194372978e-07
36 7 -8.0071654575921292e-08
36 19 -8.7736359937309604e-08
36 36 1.8623272437331520e-04
36 66 -1.0787363911781133e-07
37 37 1.8583152440807425e-04
37 41 -1.0893177989554074e-07
37 54 -6.3756743199780199e-08
38 38 1.8307412255456050e-04
38 42 -1.1050709645027569e-07
38 53 -6.8131251856346882e-08
39 39 1.7710060090458019e-04
39 40 -1.1050867370865068e-07
39 55 -6.5262431522807708e-08
40 39 -1.1050867370865068e-07
40 40 1.8303363528881532e-04
40 58 -6.8103633833849254e-08
41 37 -1.0893177989554074e-07
41 41 1.8584593819663667e-04
41 57 -6.7880170504677097e-08
42 38 -1.1050709645027569e-07
42 42 1.7710492470330238e-04
42 56 -6.5798482835292560e-08
43 43 1.7425878773727078e-04
43 44 -1.1208883417646870e-07
43 59 -6.9249943934172421e-08
44 43 -1.1208883417646870e-07
44 44 1.7425522336215470e-04
44 52 -6.5902835850126578e-08
45 1 -8.4725092058223816e-08
45 45 1.9159383235750025e-04
45 51 -9.9826341970136073e-08
45 64 -7.7835193055359566e-08
46 9 -9.8278941654039323e-08
46 21 -9.6930773450053612e-08
46 46 1.6647558290356452e-04
46 66 -7.0136724206249498e-08
47 8 -6.6762996617746276e-08
47 15 -9.9958467074770868e-08
47 47 1.7303726273660715e-04
47 50 -9.8858079202677507e-08
48 9 -6.6735822848721626e-08
48 15 -1.0135310499600219e-07
48 48 1.8199816037372071e-04
48 51 -1.0123765786436735e-07
49 8 -9.5279913561772704e-08
49 31 -9.5075616642488222e-08
49 49 1.6674166906477242e-04
49 65 -7.4076662909473940e-08
50 47 -9.8858079202677507e-08
50 50 1.6970530793119552e-04
50 64 -1.1185172296179305e-07
50 65 -7.1630039894652580e-08
51 45 -9.9826341970136073e-08
51 48 -1.0123765786436735e-07
51 51 1.7317158001363251e-04
51 66 -7.1546026799711399e-08
52 29 -1.1016229799569967e-07
52 44 -6.5902835850126578e-08
52 52 1.5807481528219784e-04
52 60 -8.7761243827458898e-08
53 27 -9.8087441956405145e-08
53 38 -6.8131251856346882e-08
53 53 1.4765240251020690e-04
53 61 -7.8136632208834923e-08
54 26 -1.1407892118583084e-07
54 37 -6.3756743199780199e-08
54 54 1.6526877828423994e-04
54 62 -8.7348155195775310e-08
55 28 -1.1325409937831118e-07
55 39 -6.5262431522807708e-08
55 55 1.6046966738556375e-04
55 63 -8.7714025157456925e-08
56 16 -1.1285328006550427e-07
56 42 -6.5798482835292560e-08
56 56 1.5708559068893416e-04
56 61 -8.3826910298151023e-08
57 17 -1.0043037614835911e-07
57 41 -6.7880170504677097e-08
57 57 1.4765007664164538e-04
57 62 -7.5598656030360927e-08
58 18 -1.0122287225172451e-07
58 40 -6.8103633833849254e-08
58 58 1.4588959927632449e-04
58 63 -7.4960462590570031e-08
59 22 -1.0290834391687284e-07
59 43 -6.9249943934172421e-08
59 59 1.4155128927839737e-04
59 60 -7.4861932052722762e-08
60 7 -9.7928385641427103e-08
60 52 -8.7761243827458898e-08
60 59 -7.4861932052722762e-08
60 60 1.5252225066753755e-04
61 5 -9.5809312993381594e-08
61 53 -7.8136632208834923e-08
61 56 -8.3826910298151023e-08
61 61 1.5534215905668955e-04
62 3 -9.2081732720192593e-08
62 54 -8.7348155195775310e-08
62 57 -7.5598656030360927e-08
62 62 1.5359104344242442e-04
63 6 -9.5904850187576422e-08
63 55 -8.7714025157456925e-08
63 58 -7.4960462590570031e-08
63 63 1.5194793184451254e-04
64 4 -7.2444766744505045e-08
64 45 -7.7835193055359566e-08
64 50 -1.1185172296179305e-07
64 64 1.7004253846424134e-04
65 35 -1.0215652194372978e-07
65 49 -7.4076662909473940e-08
65 50 -7.1630039894652580e-08
65 65 1.4162436340040674e-04
66 36 -1.0787363911781133e-07
66 46 -7.0136724206249498e-08
66 51 -7.1546026799711399e-08
66 66 1.4253090252414833e-04
