%%MatrixMarket matrix coordinate real general
66 66 244
1 1 5.7271603168541901e-05
1 2 -1.3330250148189800e-05
1 7 -9.7349715173977225e-06
1 45 -9.4221888361262358e-06
2 1 -1.3330250148189800e-05
2 2 5.2497877983168016e-05
2 25 -8.2363632492351503e-06
2 34 -9.2858598635660070e-06
3 3 5.7037162664744409e-05
3 8 -1.4008211143297394e-05
3 20 -1.0369514562155477e-05
3 62 -1.1837526110928466e-05
4 4 5.1047919048821598e-05
4 6 -1.1570576472298980e-05
4 25 -1.1699242381673456e-05
4 64 -8.2182278733790491e-06
5 5 5.4267661474065844e-05
5 9 -1.2662869237987341e-05
5 30 -9.9508758424003392e-06
5 61 -1.0944282618090098e-05
6 4 -1.1570576472298980e-05
6 6 5.0463825276096262e-05
6 35 -9.4057958496109991e-06
6 63 -1.0869737063426357e-05
7 1 -9.7349715173977225e-06
7 7 4.8369798871531891e-05
7 36 -8.4325554734997673e-06
7 60 -1.0316358314906665e-05
8 3 -1.4008211143297394e-05
8 8 5.2445710753999564e-05
8 47 -8.3070811385074579e-06
8 49 -1.1769958596767406e-05
9 5 -1.2662869237987341e-05
9 9 4.9758019149263914e-05
9 46 -1.1086810552606163e-05
9 48 -7.5804959297911547e-06
10 10 5.5800090538402446e-05
10 19 -8.5223882831264551e-06
10 21 -9.1524082320955242e-06
11 11 5.5050948338630975e-05
11 23 -9.2042845018584295e-06
11 32 -9.4655780868842227e-06
12 12 5.4451577112418764e-05
12 24 -8.8449072962266474e-06
12 31 -9.4963185905241727e-06
13 13 5.1957529562829139e-05
13 15 -1.0798585705604646e-05
13 20 -1.0755897321039499e-05
13 30 -1.0319500130753479e-05
14 14 5.4103893729633459e-05
14 33 -7.5875147157110290e-06
14 34 -7.9437919290207751e-06
15 13 -1.0798585705604646e-05
15 15 5.7684344344600778e-05
15 47 -1.1898399279335369e-05
15 48 -1.2026494289358016e-05
16 16 5.9187793356254492e-05
16 21 -9.2713721476881454e-06
16 56 -1.1659808920295324e-05
17 17 6.0621325774338971e-05
17 23 -9.9776236725547383e-06
17 57 -1.1666821457546794e-05
18 18 5.2981678762592823e-05
18 24 -9.0714393914352745e-06
18 58 -1.0201322613377427e-05
19 10 -8.5223882831264551e-06
19 19 4.5828253913489547e-05
19 22 -9.2286579076327126e-06
19 36 -9.2492606955352418e-06
20 3 -1.0369514562155477e-05
20 13 -1.0755897321039499e-05
20 20 5.3097626821239136e-05
20 23 -1.1981688880541040e-05
21 10 -9.1524082320955242e-06
21 16 -9.2713721476881454e-06
21 21 4.9637737842807454e-05
21 46 -1.0384150003279792e-05
22 19 -9.2286579076327126e-06
22 22 5.8093087342765725e-05
22 59 -1.0403599368668377e-05
23 11 -9.2042845018584295e-06
23 17 -9.9776236725547383e-06
23 20 -1.1981688880541040e-05
23 23 5.2526700819414374e-05
24 12 -8.8449072962266474e-06
24 18 -9.0714393914352745e-06
24 24 4.9124865666205920e-05
24 35 -1.1196689666642664e-05
25 2 -8.2363632492351503e-06
25 4 -1.1699242381673456e-05
25 25 4.8354005711320283e-05
25 33 -9.2504454853268464e-06
26 26 6.2812956441509848e-05
26 31 -1.0375462029226687e-05
26 54 -1.3280574040214468e-05
27 27 5.1784790383230101e-05
27 32 -8.2354833572595672e-06
27 53 -9.8653963325532271e-06
28 28 5.9708996531836385e-05
28 33 -9.8684814338301773e-06
28 55 -1.1725641353114440e-05
29 29 5.8751689234115568e-05
29 34 -9.0863871884830244e-06
29 52 -1.1155164025065253e-05
30 5 -9.9508758424003392e-06
30 13 -1.0319500130753479e-05
30 30 5.1427773301563863e-05
30 32 -1.1649327729261118e-05
31 12 -9.4963185905241727e-06
31 26 -1.0375462029226687e-05
31 31 5.4978065877650551e-05
31 49 -1.2279321362294183e-05
32 11 -9.4655780868842227e-06
32 27 -8.2354833572595672e-06
32 30 -1.1649327729261118e-05
32 32 4.9551308183175364e-05
33 14 -7.5875147157110290e-06
33 25 -9.2504454853268464e-06
33 28 -9.8684814338301773e-06
33 33 4.3549262094178906e-05
34 2 -9.2858598635660070e-06
34 14 -7.9437919290207751e-06
34 29 -9.0863871884830244e-06
34 34 4.3808363704327233e-05
35 6 -9.4057958496109991e-06
35 24 -1.1196689666642664e-05
35 35 5.1066113514561265e-05
35 65 -1.2318371720283719e-05
36 7 -8.4325554734997673e-06
36 19 -9.2492606955352418e-06
36 36 4.8002100356996983e-05
36 66 -1.1637943127952860e-05
37 37 6.3126526510903959e-05
37 41 -1.3591761299772371e-05
37 54 -7.9442055897868097e-06
38 38 4.5244266470097543e-05
38 42 -9.5863171781016705e-06
38 53 -6.0869799927470532e-06
39 39 4.4967893384659502e-05
39 40 -9.5813951277371652e-06
39 55 -6.4271467222434726e-06
40 39 -9.5813951277371652e-06
40 40 4.5222635200434164e-05
40 58 -6.0838275748263708e-06
41 37 -1.3591761299772371e-05
41 41 6.3756399964698694e-05
41 57 -8.4777632381197173e-06
42 38 -9.5863171781016705e-06
42 42 4.5035271464385616e-05
42 56 -6.4647863744931589e-06
43 43 5.5575166225427190e-05
43 44 -1.1207131923123658e-05
43 59 -7.0087037969691439e-06
44 43 -1.1207131923123658e-05
44 44 5.5243344416572810e-05
44 52 -6.6806963620138062e-06
45 1 -9.4221888361262358e-06
45 45 4.9067407130181364e-05
45 51 -1.1127748977647601e-05
45 64 -8.8478489684488978e-06
46 9 -1.1086810552606163e-05
46 21 -1.0384150003279792e-05
46 46 4.5521595848129788e-05
46 66 -7.4953796905783423e-06
47 8 -8.3070811385074579e-06
47 15 -1.1898399279335369e-05
47 47 4.9956041841370084e-05
47 50 -1.1763773501114265e-05
48 9 -7.5804959297911547e-06
48 15 -1.2026494289358016e-05
48 48 4.9857442587288345e-05
48 51 -1.1517573582340997e-05
49 8 -1.1769958596767406e-05
49 31 -1.2279321362294183e-05
49 49 5.0727132774524621e-05
49 65 -9.1575520935072084e-06
50 47 -1.1763773501114265e-05
50 50 5.1186767828170952e-05
50 64 -1.3161286376089038e-05
50 65 -8.6716417955577545e-06
51 45 -1.1127748977647601e-05
51 48 -1.1517573582340997e-05
51 51 4.8298992108596601e-05
51 66 -7.9863204441394624e-06
52 29 -1.1155164025065253e-05
52 44 -6.6806963620138062e-06
52 52 4.2602809948840984e-05
52 60 -8.9818453093521997e-06
53 27 -9.8653963325532271e-06
53 38 -6.0869799927470532e-06
53 53 3.9218350477546890e-05
53 61 -9.0832183965286476e-06
54 26 -1.3280574040214468e-05
54 37 -7.9442055897868097e-06
54 54 5.0539303044241250e-05
54 62 -1.1477631019679296e-05
55 28 -1.1725641353114440e-05
55 39 -6.4271467222434726e-06
55 55 4.3206470280445919e-05
55 63 -9.6377078893947218e-06
56 16 -1.1659808920295324e-05
56 42 -6.4647863744931589e-06
56 56 4.2257290737270791e-05
56 61 -9.2767681534291796e-06
57 17 -1.1666821457546794e-05
57 41 -8.4777632381197173e-06
57 57 4.5741106022453229e-05
57 62 -9.9579028836192789e-06
58 18 -1.0201322613377427e-05
58 40 -6.0838275748263708e-06
58 58 3.9060469491404184e-05
58 63 -8.7156580467321582e-06
59 22 -1.0403599368668377e-05
59 43 -7.0087037969691439e-06
59 59 3.9182933098733756e-05
59 60 -7.6609120603761943e-06
60 7 -1.0316358314906665e-05
60 52 -8.9818453093521997e-06
60 59 -7.6609120603761943e-06
60 60 4.2134255373272056e-05
61 5 -1.0944282618090098e-05
61 53 -9.0832183965286476e-06
61 56 -9.2767681534291796e-06
61 61 4.4418499495379717e-05
62 3 -1.1837526110928466e-05
62 54 -1.1477631019679296e-05
62 57 -9.9579028836192789e-06
62 62 4.9637440060145590e-05
63 6 -1.0869737063426357e-05
63 55 -9.6377078893947218e-06
63 58 -8.7156580467321582e-06
63 63 4.3877180960429218e-05
64 4 -8.2182278733790491e-06
64 45 -8.8478489684488978e-06
64 50 -1.3161286376089038e-05
64 64 4.7700811245331173e-05
65 35 -1.2318371720283719e-05
65 49 -9.1575520935072084e-06
65 50 -8.6716417955577545e-06
65 65 4.5103500760431024e-05
66 36 -1.1637943127952860e-05
66 46 -7.4953796905783423e-06
66 51 -7.9863204441394624e-06
66 66 4.1594679310726508e-05
