%%MatrixMarket matrix coordinate real general
66 66 244
1 1 5.7869611875514067e-05
1 2 -1.3459885063784680e-05
1 7 -9.8303785786107302e-06
1 45 -9.5181102853875975e-06
2 1 -1.3459885063784680e-05
2 2 5.2954067194962825e-05
2 25 -8.3884032376019294e-06
2 34 -9.3384493236896810e-06
3 3 5.7474396849415280e-05
3 8 -1.4107592615356439e-05
3 20 -1.0448071143518723e-05
3 62 -1.1913374249516090e-05
4 4 5.1906836368232308e-05
4 6 -1.1814654416496335e-05
4 25 -1.1874129646015288e-05
4 64 -8.3518183509681588e-06
5 5 5.5431757657024723e-05
5 9 -1.2906908287360414e-05
5 30 -1.0151191735215996e-05
5 61 -1.1186596954733737e-05
6 4 -1.1814654416496335e-05
6 6 5.1650880116776613e-05
6 35 -9.6148747062889505e-06
6 63 -1.1134953326811920e-05
7 1 -9.8303785786107302e-06
7 7 4.8693809122947004e-05
7 36 -8.5007021014291514e-06
7 60 -1.0370829646355094e-05
8 3 -1.4107592615356439e-05
8 8 5.2875560718888460e-05
8 47 -8.3619450786621729e-06
8 49 -1.1927203474607090e-05
9 5 -1.2906908287360414e-05
9 9 5.0548207534054589e-05
9 46 -1.1242347845516414e-05
9 48 -7.7053708301905039e-06
10 10 5.6372145458600326e-05
10 19 -8.5906754352442586e-06
10 21 -9.2799627501438320e-06
11 11 6.1157220019043604e-05
11 23 -1.0108605524513062e-05
11 32 -1.0410654448447726e-05
12 12 6.0587863392771863e-05
12 24 -9.7436914710796843e-06
12 31 -1.0440127712552969e-05
13 13 5.2598852548288707e-05
13 15 -1.0922057335922915e-05
13 20 -1.0867275525782151e-05
13 30 -1.0449207521977217e-05
14 14 5.4731154564149336e-05
14 33 -7.6881830498613420e-06
14 34 -8.0282657053611929e-06
15 13 -1.0922057335922915e-05
15 15 5.8348597337246077e-05
15 47 -1.2057524014174832e-05
15 48 -1.2152790278647144e-05
16 16 6.0722922626181271e-05
16 21 -9.4194325268293050e-06
16 56 -1.2123536591846120e-05
17 17 6.5667170876252309e-05
17 23 -1.0704553897547059e-05
17 57 -1.2536670897889011e-05
18 18 5.9764654641846434e-05
18 24 -1.0119583512559232e-05
18 58 -1.1455697958229801e-05
19 10 -8.5906754352442586e-06
19 19 4.6198000460155271e-05
19 22 -9.2938195570215049e-06
19 36 -9.3285141045968195e-06
20 3 -1.0448071143518723e-05
20 13 -1.0867275525782151e-05
20 20 5.3546247608654302e-05
20 23 -1.1993817005534268e-05
21 10 -9.2799627501438320e-06
21 16 -9.4194325268293050e-06
21 21 5.0452712624892416e-05
21 46 -1.0599181967403691e-05
22 19 -9.2938195570215049e-06
22 22 5.8317130861009817e-05
22 59 -1.0432379202942648e-05
23 11 -1.0108605524513062e-05
23 17 -1.0704553897547059e-05
23 20 -1.1993817005534268e-05
23 23 5.3959653032620522e-05
24 12 -9.7436914710796843e-06
24 18 -1.0119583512559232e-05
24 24 5.1559211315609988e-05
24 35 -1.1361609989259387e-05
25 2 -8.3884032376019294e-06
25 4 -1.1874129646015288e-05
25 25 4.9300415273240700e-05
25 33 -9.4354561822480572e-06
26 26 6.7867949481552469e-05
26 31 -1.1108554857190637e-05
26 54 -1.4235540121346996e-05
27 27 5.8445685538820474e-05
27 32 -9.1852063751192501e-06
27 53 -1.1080946322040109e-05
28 28 6.1218419486471379e-05
28 33 -1.0018497504306382e-05
28 55 -1.2169825987793167e-05
29 29 5.8997834494003993e-05
29 34 -9.1717353492704102e-06
29 52 -1.1184014011513654e-05
30 5 -1.0151191735215996e-05
30 13 -1.0449207521977217e-05
30 30 5.2387235894419516e-05
30 32 -1.1812371397721850e-05
31 12 -1.0440127712552969e-05
31 26 -1.1108554857190637e-05
31 31 5.6696913960327139e-05
31 49 -1.2305349468731141e-05
32 11 -1.0410654448447726e-05
32 27 -9.1852063751192501e-06
32 30 -1.1812371397721850e-05
32 32 5.1920582140210891e-05
33 14 -7.6881830498613420e-06
33 25 -9.4354561822480572e-06
33 28 -1.0018497504306382e-05
33 33 4.4232163383196952e-05
34 2 -9.3384493236896810e-06
34 14 -8.0282657053611929e-06
34 29 -9.1717353492704102e-06
34 34 4.4227477247548692e-05
35 6 -9.6148747062889505e-06
35 24 -1.1361609989259387e-05
35 35 5.1878673058526000e-05
35 65 -1.2474814910174349e-05
36 7 -8.5007021014291514e-06
36 19 -9.3285141045968195e-06
36 36 4.8453723713676469e-05
36 66 -1.1773487151264644e-05
37 37 6.6205761007436464e-05
37 41 -1.4221685597573012e-05
37 54 -8.2740093558135744e-06
38 38 4.9962521870131311e-05
38 42 -1.0754825723394347e-05
38 53 -6.6714858268924530e-06
39 39 5.2198551553241295e-05
39 40 -1.0748789893966632e-05
39 55 -6.8737726925953445e-06
40 39 -1.0748789893966632e-05
40 40 4.9932086800348114e-05
40 58 -6.6658223298935831e-06
41 37 -1.4221685597573012e-05
41 41 6.6805447668468208e-05
41 57 -8.8249485715177803e-06
42 38 -1.0754825723394347e-05
42 42 5.2274448343338090e-05
42 56 -6.9275981528856031e-06
43 43 5.5641877000610308e-05
43 44 -1.1219784549184452e-05
43 59 -7.0255838731740597e-06
44 43 -1.1219784549184452e-05
44 44 5.5312970510074515e-05
44 52 -6.6957593195005099e-06
45 1 -9.5181102853875975e-06
45 45 4.9645907691121935e-05
45 51 -1.1245246195810286e-05
45 64 -8.9873484816410442e-06
46 9 -1.1242347845516414e-05
46 21 -1.0599181967403691e-05
46 46 4.6432253373911999e-05
46 66 -7.6483410855004609e-06
47 8 -8.3619450786621729e-06
47 15 -1.2057524014174832e-05
47 47 5.0631270625719320e-05
47 50 -1.1925978339176751e-05
48 9 -7.7053708301905039e-06
48 15 -1.2152790278647144e-05
48 48 5.0452167836996360e-05
48 51 -1.1704865538393653e-05
49 8 -1.1927203474607090e-05
49 31 -1.2305349468731141e-05
49 49 5.1259079063333522e-05
49 65 -9.2864270516565993e-06
50 47 -1.1925978339176751e-05
50 50 5.1872876484525679e-05
50 64 -1.3331558110095160e-05
50 65 -8.7717379168336567e-06
51 45 -1.1245246195810286e-05
51 48 -1.1704865538393653e-05
51 51 4.8899084458312936e-05
51 66 -8.0735775085644317e-06
52 29 -1.1184014011513654e-05
52 44 -6.6957593195005099e-06
52 52 4.2750276658400638e-05
52 60 -9.0410880091411044e-06
53 27 -1.1080946322040109e-05
53 38 -6.6714858268924530e-06
53 53 4.2462776704583551e-05
53 61 -9.5851600514377019e-06
54 26 -1.4235540121346996e-05
54 37 -8.2740093558135744e-06
54 54 5.1780302560362447e-05
54 62 -1.1469684433446747e-05
55 28 -1.2169825987793167e-05
55 39 -6.8737726925953445e-06
55 55 4.5155891832154008e-05
55 63 -1.0032462452165405e-05
56 16 -1.2123536591846120e-05
56 42 -6.9275981528856031e-06
56 56 4.4223428595189233e-05
56 61 -9.6381205618689800e-06
57 17 -1.2536670897889011e-05
57 41 -8.8249485715177803e-06
57 57 4.6897234259353325e-05
57 62 -9.9467153040331118e-06
58 18 -1.1455697958229801e-05
58 40 -6.6658223298935831e-06
58 58 4.2282389289378314e-05
58 63 -9.1904018948597618e-06
59 22 -1.0432379202942648e-05
59 43 -7.0255838731740597e-06
59 59 3.9322578238275052e-05
59 60 -7.7120212987384619e-06
60 7 -1.0370829646355094e-05
60 52 -9.0410880091411044e-06
60 59 -7.7120212987384619e-06
60 60 4.2419829177768291e-05
61 5 -1.1186596954733737e-05
61 53 -9.5851600514377019e-06
61 56 -9.6381205618689800e-06
61 61 4.6151887509602159e-05
62 3 -1.1913374249516090e-05
62 54 -1.1469684433446747e-05
62 57 -9.9467153040331118e-06
62 62 4.9816398487059578e-05
63 6 -1.1134953326811920e-05
63 55 -1.0032462452165405e-05
63 58 -9.1904018948597618e-06
63 63 4.5666660290512140e-05
64 4 -8.3518183509681588e-06
64 45 -8.9873484816410442e-06
64 50 -1.3331558110095160e-05
64 64 4.8468658107203970e-05
65 35 -1.2474814910174349e-05
65 49 -9.2864270516565993e-06
65 50 -8.7717379168336567e-06
65 65 4.5533484440069439e-05
66 36 -1.1773487151264644e-05
66 46 -7.6483410855004609e-06
66 51 -8.0735775085644317e-06
66 66 4.2162947844946093e-05
