%%MatrixMarket matrix coordinate real general
66 66 244
1 1 5.7360178487913441e-05
1 2 -1.3350218311282603e-05
1 7 -9.7496538749563122e-06
1 45 -9.4367770215272386e-06
2 1 -1.3350218311282603e-05
2 2 5.2564430312417149e-05
2 25 -8.2593926816104593e-06
2 34 -9.2939654690717829e-06
3 3 5.7104446038249806e-05
3 8 -1.4023507686645239e-05
3 20 -1.0381760502612663e-05
3 62 -1.1850292506304448e-05
4 4 5.1181208453889455e-05
4 6 -1.1607194705216784e-05
4 25 -1.1725730084063369e-05
4 64 -8.2386733455141505e-06
5 5 5.4443449759818900e-05
5 9 -1.2699537478267168e-05
5 30 -9.9810311876104587e-06
5 61 -1.0980435116059379e-05
6 4 -1.1607194705216784e-05
6 6 5.0638700767163426e-05
6 35 -9.4372300415811223e-06
6 63 -1.0909202007785411e-05
7 1 -9.7496538749563122e-06
7 7 4.8419705942789656e-05
7 36 -8.4430808556982019e-06
7 60 -1.0324737690001310e-05
8 3 -1.4023507686645239e-05
8 8 5.2511767654352065e-05
8 47 -8.3152706690008547e-06
8 49 -1.1795190389100796e-05
9 5 -1.2699537478267168e-05
9 9 4.9875553252182287e-05
9 46 -1.1110289094587035e-05
9 48 -7.5997199347643650e-06
10 10 5.5887777535393237e-05
10 19 -8.5330219102634234e-06
10 21 -9.1720673830868079e-06
11 11 5.5769562913430340e-05
11 23 -9.3128893338525679e-06
11 32 -9.5805647986923222e-06
12 12 5.5168789661661443e-05
12 24 -8.9533687415756230e-06
12 31 -9.6087306319511331e-06
13 13 5.2056687739953004e-05
13 15 -1.0817438926192182e-05
13 20 -1.0773725392285844e-05
13 30 -1.0339379139526324e-05
14 14 5.4203583443592622e-05
14 33 -7.6030665832902482e-06
14 34 -7.9568164473431397e-06
15 13 -1.0817438926192182e-05
15 15 5.7785676133982620e-05
15 47 -1.1923230003947523e-05
15 48 -1.2045616301937431e-05
16 16 5.9419895984938330e-05
16 21 -9.2944005587279825e-06
16 56 -1.1726271944874596e-05
17 17 6.1295853830314992e-05
17 23 -1.0074947466627756e-05
17 57 -1.1782926991254906e-05
18 18 5.3690473631124381e-05
18 24 -9.1827317074858201e-06
18 58 -1.0338001383850959e-05
19 10 -8.5330219102634234e-06
19 19 4.5885756555419683e-05
19 22 -9.2387879640228558e-06
19 36 -9.2615023566280824e-06
20 3 -1.0381760502612663e-05
20 13 -1.0773725392285844e-05
20 20 5.3173616070834268e-05
20 23 -1.1985799043290362e-05
21 10 -9.1720673830868079e-06
21 16 -9.2944005587279825e-06
21 21 4.9757651536362118e-05
21 46 -1.0416729811883532e-05
22 19 -9.2387879640228558e-06
22 22 5.8128536919096785e-05
22 59 -1.0408132162718136e-05
23 11 -9.3128893338525679e-06
23 17 -1.0074947466627756e-05
23 20 -1.1985799043290362e-05
23 23 5.2740945175845095e-05
24 12 -8.9533687415756230e-06
24 18 -9.1827317074858201e-06
24 24 4.9463321011893015e-05
24 35 -1.1234596299318821e-05
25 2 -8.2593926816104593e-06
25 4 -1.1725730084063369e-05
25 25 4.8499397840323718e-05
25 33 -9.2784997452018467e-06
26 26 6.3478845513305818e-05
26 31 -1.0474518398887148e-05
26 54 -1.3409142983696179e-05
27 27 5.2473333845343538e-05
27 32 -8.3348825423612587e-06
27 53 -9.9963800967292246e-06
28 28 5.9937399204039975e-05
28 33 -9.8918624856211719e-06
28 55 -1.1789948220841102e-05
29 29 5.8790616930349930e-05
29 34 -9.0995340529962710e-06
29 52 -1.1159709447097882e-05
30 5 -9.9810311876104587e-06
30 13 -1.0339379139526324e-05
30 30 5.1585322062797257e-05
30 32 -1.1686972812228701e-05
31 12 -9.6087306319511331e-06
31 26 -1.0474518398887148e-05
31 31 5.5205471195638494e-05
31 49 -1.2286081816549647e-05
32 11 -9.5805647986923222e-06
32 27 -8.3348825423612587e-06
32 30 -1.1686972812228701e-05
32 32 4.9880872284767620e-05
33 14 -7.6030665832902482e-06
33 25 -9.2784997452018467e-06
33 28 -9.8918624856211719e-06
33 33 4.3653717607385322e-05
34 2 -9.2939654690717829e-06
34 14 -7.9568164473431397e-06
34 29 -9.0995340529962710e-06
34 34 4.3869799216518367e-05
35 6 -9.4372300415811223e-06
35 24 -1.1234596299318821e-05
35 35 5.1231938550587012e-05
35 65 -1.2341993203668299e-05
36 7 -8.4430808556982019e-06
36 19 -9.2615023566280824e-06
36 36 4.8072649911809899e-05
36 66 -1.1658773577439330e-05
37 37 6.3573141005171321e-05
37 41 -1.3684901831877706e-05
37 54 -7.9926634972010075e-06
38 38 4.5582517313384117e-05
38 42 -9.6804643282170828e-06
38 53 -6.1317855600488361e-06
39 39 4.5712097089486250e-05
39 40 -9.6754198829074718e-06
39 55 -6.4858836589396270e-06
40 39 -9.6754198829074718e-06
40 40 4.5559704491347598e-05
40 58 -6.1283161810668432e-06
41 37 -1.3684901831877706e-05
41 41 6.4194389391149766e-05
41 57 -8.5289502430406127e-06
42 38 -9.6804643282170828e-06
42 42 4.5780227708717739e-05
42 56 -6.5253205571584468e-06
43 43 5.5585666187405253e-05
43 44 -1.1209125422696946e-05
43 59 -7.0113544102317337e-06
44 43 -1.1209125422696946e-05
44 44 5.5254295265422243e-05
44 52 -6.6830569208321718e-06
45 1 -9.4367770215272386e-06
45 45 4.9157443230841952e-05
45 51 -1.1145632381156351e-05
45 64 -8.8691968659160480e-06
46 9 -1.1110289094587035e-05
46 21 -1.0416729811883532e-05
46 46 4.5660877591047650e-05
46 66 -7.5185491268471589e-06
47 8 -8.3152706690008547e-06
47 15 -1.1923230003947523e-05
47 47 5.0059836681448235e-05
47 50 -1.1789116455361493e-05
48 9 -7.5997199347643650e-06
48 15 -1.2045616301937431e-05
48 48 4.9983729271429946e-05
48 51 -1.1546416629648171e-05
49 8 -1.1795190389100796e-05
49 31 -1.2286081816549647e-05
49 49 5.0828581197576193e-05
49 65 -9.1782332308807949e-06
50 47 -1.1789116455361493e-05
50 50 5.1291952550852676e-05
50 64 -1.3187228054909842e-05
50 65 -8.6867060369430616e-06
51 45 -1.1145632381156351e-05
51 48 -1.1546416629648171e-05
51 51 4.8393072282692238e-05
51 66 -7.9996183097329027e-06
52 29 -1.1159709447097882e-05
52 44 -6.6830569208321718e-06
52 52 4.2625402870004412e-05
52 60 -8.9910276551980956e-06
53 27 -9.9963800967292246e-06
53 38 -6.1317855600488361e-06
53 53 3.9677263906428489e-05
53 61 -9.1809370011855378e-06
54 26 -1.3409142983696179e-05
54 37 -7.9926634972010075e-06
54 54 5.0706983632273742e-05
54 62 -1.1475521665516075e-05
55 28 -1.1789948220841102e-05
55 39 -6.4858836589396270e-06
55 55 4.3477552858992789e-05
55 63 -9.6933962070639956e-06
56 16 -1.1726271944874596e-05
56 42 -6.5253205571584468e-06
56 56 4.2527761239051525e-05
56 61 -9.3279409974376878e-06
57 17 -1.1782926991254906e-05
57 41 -8.5289502430406127e-06
57 57 4.5887177849983956e-05
57 62 -9.9554006548147234e-06
58 18 -1.0338001383850959e-05
58 40 -6.1283161810668432e-06
58 58 3.9513934117343670e-05
58 63 -8.8083638584174943e-06
59 22 -1.0408132162718136e-05
59 43 -7.0113544102317337e-06
59 59 3.9204395184612383e-05
59 60 -7.6688342591805383e-06
60 7 -1.0324737690001310e-05
60 52 -8.9910276551980956e-06
60 59 -7.6688342591805383e-06
60 60 4.2178513751341025e-05
61 5 -1.0980435116059379e-05
61 53 -9.1809370011855378e-06
61 56 -9.3279409974376878e-06
61 61 4.4689882212606088e-05
62 3 -1.1850292506304448e-05
62 54 -1.1475521665516075e-05
62 57 -9.9554006548147234e-06
62 62 4.9667671158572970e-05
63 6 -1.0909202007785411e-05
63 55 -9.6933962070639956e-06
63 58 -8.8083638584174943e-06
63 63 4.4160316611841322e-05
64 4 -8.2386733455141505e-06
64 45 -8.8691968659160480e-06
64 50 -1.3187228054909842e-05
64 64 4.7819930183155047e-05
65 35 -1.2341993203668299e-05
65 49 -9.1782332308807949e-06
65 50 -8.6867060369430616e-06
65 65 4.5192721148092939e-05
66 36 -1.1658773577439330e-05
66 46 -7.5185491268471589e-06
66 51 -7.9996183097329027e-06
66 66 4.1684466685699203e-05
