%%MatrixMarket matrix coordinate real general
66 66 244
1 1 5.6790360083931731e-05
1 2 -1.3228910202260821e-05
1 7 -9.6605815431957001e-06
1 45 -9.3481217641523135e-06
2 1 -1.3228910202260821e-05
2 2 5.2155387579480084e-05
2 25 -8.1223005012679167e-06
2 34 -9.2434384799877851e-06
3 3 5.6678652666732327e-05
3 8 -1.3930514830251981e-05
3 20 -1.0306732531432425e-05
3 62 -1.1765622229077797e-05
4 4 5.0403471794657106e-05
4 6 -1.1388783900562760e-05
4 25 -1.1565877915500825e-05
4 64 -8.1151907086152369e-06
5 5 5.3615931981993669e-05
5 9 -1.2480212575866539e-05
5 30 -9.8066476064075604e-06
5 61 -1.0763532091128633e-05
6 4 -1.1388783900562760e-05
6 6 4.9596308768857336e-05
6 35 -9.2558130395258939e-06
6 63 -1.0673710808490790e-05
7 1 -9.6605815431957001e-06
7 7 4.8113802342114844e-05
7 36 -8.3786106552402854e-06
7 60 -1.0273214677639678e-05
8 3 -1.3930514830251981e-05
8 8 5.2105158141039052e-05
8 47 -8.2665061716904488e-06
8 49 -1.1638648785079110e-05
9 5 -1.2480212575866539e-05
9 9 4.9159999402697963e-05
9 46 -1.0968742532887094e-05
9 48 -7.4833077186934797e-06
10 10 5.5340141697461648e-05
10 19 -8.4680313458733195e-06
10 21 -9.0518294911457437e-06
11 11 5.2183465589259148e-05
11 23 -8.7694236567319378e-06
11 32 -8.9964041768705049e-06
12 12 5.1608774367801969e-05
12 24 -8.4051974779486359e-06
12 31 -9.0489775237775440e-06
13 13 5.1456200553411433e-05
13 15 -1.0703293103358623e-05
13 20 -1.0662761663509192e-05
13 30 -1.0219790967102901e-05
14 14 5.3609035340047242e-05
14 33 -7.5078646175135641e-06
14 34 -7.8780037061465531e-06
15 13 -1.0703293103358623e-05
15 15 5.7171403992657563e-05
15 47 -1.1770523668717172e-05
15 48 -1.1930751188558947e-05
16 16 5.7988776379981525e-05
16 21 -9.1525532751233681e-06
16 56 -1.1344790899803979e-05
17 17 5.7751209597964720e-05
17 23 -9.5517441442346599e-06
17 57 -1.1162019160128935e-05
18 18 5.0428786105392734e-05
18 24 -8.6599945948968908e-06
18 58 -9.6832983794360257e-06
19 10 -8.4680313458733195e-06
19 19 4.5541145682791958e-05
19 22 -9.1769073934916774e-06
19 36 -9.1865818107921250e-06
20 3 -1.0306732531432425e-05
20 13 -1.0662761663509192e-05
20 20 5.2681800284331499e-05
20 23 -1.1933679531133929e-05
21 10 -9.0518294911457437e-06
21 16 -9.1525532751233681e-06
21 21 4.9002280680455904e-05
21 46 -1.0222886658919039e-05
22 19 -9.1769073934916774e-06
22 22 5.7907079234970269e-05
22 59 -1.0379890240982948e-05
23 11 -8.7694236567319378e-06
23 17 -9.5517441442346599e-06
23 20 -1.1933679531133929e-05
23 23 5.1529267339660494e-05
24 12 -8.4051974779486359e-06
24 18 -8.6599945948968908e-06
24 24 4.7399785855639045e-05
24 35 -1.0927106163156463e-05
25 2 -8.1223005012679167e-06
25 4 -1.1565877915500825e-05
25 25 4.7646326981373100e-05
25 33 -9.1114102399149058e-06
26 26 5.9887422384461369e-05
26 31 -9.9386426282818333e-06
26 54 -1.2717712636137200e-05
27 27 4.9341671970019566e-05
27 32 -7.8719004970129261e-06
27 53 -9.3725064185529319e-06
28 28 5.8529417729352446e-05
28 33 -9.7476466269848825e-06
28 55 -1.1416570027410196e-05
29 29 5.8547043025911359e-05
29 34 -9.0199332341711539e-06
29 52 -1.1131315267815654e-05
30 5 -9.8066476064075604e-06
30 13 -1.0219790967102901e-05
30 30 5.0591849758092583e-05
30 32 -1.1379895342092603e-05
31 12 -9.0489775237775440e-06
31 26 -9.9386426282818333e-06
31 31 5.3902266860807744e-05
31 49 -1.2213843130525615e-05
32 11 -8.9964041768705049e-06
32 27 -7.8719004970129261e-06
32 30 -1.1379895342092603e-05
32 32 4.7858505285697243e-05
33 14 -7.5078646175135641e-06
33 25 -9.1114102399149058e-06
33 28 -9.7476466269848825e-06
33 33 4.3024217527857936e-05
34 2 -9.2434384799877851e-06
34 14 -7.8780037061465531e-06
34 29 -9.0199332341711539e-06
34 34 4.3480072945648745e-05
35 6 -9.2558130395258939e-06
35 24 -1.0927106163156463e-05
35 35 5.0204651704369773e-05
35 65 -1.2201865903976501e-05
36 7 -8.3786106552402854e-06
36 19 -9.1865818107921250e-06
36 36 4.7639966120987650e-05
36 66 -1.1532245239931994e-05
37 37 6.1001263739383530e-05
37 41 -1.3147336702506259e-05
37 54 -7.7140753969279649e-06
38 38 4.4314186312822981e-05
38 42 -9.3108622476543482e-06
38 53 -5.9439595784000883e-06
39 39 4.2517102641666813e-05
39 40 -9.3063076456962889e-06
39 55 -6.1835069264608326e-06
40 39 -9.3063076456962889e-06
40 40 4.4296961974361962e-05
40 58 -5.9419168626336783e-06
41 37 -1.3147336702506259e-05
41 41 6.1628699720304213e-05
41 57 -8.2338611871517188e-06
42 38 -9.3108622476543482e-06
42 42 4.2583703208231481e-05
42 56 -6.2156597494250251e-06
43 43 5.5520459915551109e-05
43 44 -1.1196770631501838e-05
43 59 -6.9948375103571678e-06
44 43 -1.1196770631501838e-05
44 44 5.5186354027066882e-05
44 52 -6.6683369143668390e-06
45 1 -9.3481217641523135e-06
45 45 4.8627020185585605e-05
45 51 -1.1037018264639180e-05
45 64 -8.7402618457463872e-06
46 9 -1.0968742532887094e-05
46 21 -1.0222886658919039e-05
46 46 4.4840823382503405e-05
46 66 -7.3808886538448994e-06
47 8 -8.2665061716904488e-06
47 15 -1.1770523668717172e-05
47 47 4.9460715270806388e-05
47 50 -1.1633193551502491e-05
48 9 -7.4833077186934797e-06
48 15 -1.1930751188558947e-05
48 48 4.9242310459073462e-05
48 51 -1.1371660283171184e-05
49 8 -1.1638648785079110e-05
49 31 -1.2213843130525615e-05
49 49 5.0175816989090312e-05
49 65 -9.0499581100355530e-06
50 47 -1.1633193551502491e-05
50 50 5.0852398333641002e-05
50 64 -1.3030576685513960e-05
50 65 -8.5966922733259125e-06
51 45 -1.1037018264639180e-05
51 48 -1.1371660283171184e-05
51 51 4.7830294860512899e-05
51 66 -7.9188680525235124e-06
52 29 -1.1131315267815654e-05
52 44 -6.6683369143668390e-06
52 52 4.2485798597255481e-05
52 60 -8.9351613476813924e-06
53 27 -9.3725064185529319e-06
53 38 -5.9439595784000883e-06
53 53 3.7037101606003557e-05
53 61 -8.5372617270682930e-06
54 26 -1.2717712636137200e-05
54 37 -7.7140753969279649e-06
54 54 4.9796755801075434e-05
54 62 -1.1488727776744382e-05
55 28 -1.1416570027410196e-05
55 39 -6.1835069264608326e-06
55 55 4.1843016858588241e-05
55 63 -9.3646740961331497e-06
56 16 -1.1344790899803979e-05
56 42 -6.2156597494250251e-06
56 56 4.1006394743407348e-05
56 61 -9.0233772624273897e-06
57 17 -1.1162019160128935e-05
57 41 -8.2338611871517188e-06
57 57 4.5190140606572087e-05
57 62 -9.9705670182648633e-06
58 18 -9.6832983794360257e-06
58 40 -5.9419168626336783e-06
58 58 3.6899545380871263e-05
58 63 -8.1944431873432388e-06
59 22 -1.0379890240982948e-05
59 43 -6.9948375103571678e-06
59 59 3.9071781809290679e-05
59 60 -7.6206352354588754e-06
60 7 -1.0273214677639678e-05
60 52 -8.9351613476813924e-06
60 59 -7.6206352354588754e-06
60 60 4.1912319435477182e-05
61 5 -1.0763532091128633e-05
61 53 -8.5372617270682930e-06
61 56 -9.0233772624273897e-06
61 61 4.3006041558297034e-05
62 3 -1.1765622229077797e-05
62 54 -1.1488727776744382e-05
62 57 -9.9705670182648633e-06
62 62 4.9464207732133713e-05
63 6 -1.0673710808490790e-05
63 55 -9.3646740961331497e-06
63 58 -8.1944431873432388e-06
63 63 4.2454649044031801e-05
64 4 -8.1151907086152369e-06
64 45 -8.7402618457463872e-06
64 50 -1.3030576685513960e-05
64 64 4.7109103047824152e-05
65 35 -1.2201865903976501e-05
65 49 -9.0499581100355530e-06
65 50 -8.5966922733259125e-06
65 65 4.4658806474192696e-05
66 36 -1.1532245239931994e-05
66 46 -7.3808886538448994e-06
66 51 -7.9188680525235124e-06
66 66 4.1162698523002844e-05
