%%MatrixMarket matrix coordinate real general
66 66 244
1 1 2.4603162298213063e-04
1 2 -1.2470408654292519e-07
1 7 -9.1021931529320160e-08
1 45 -8.4725007417646600e-08
2 1 -1.2470408654292519e-07
2 2 2.1310772618500946e-04
2 25 -7.7358211074681328e-08
2 34 -8.7181238122499104e-08
3 3 1.9375862776085701e-04
3 8 -1.1135121108957444e-07
3 20 -8.2561695648521909e-08
3 62 -9.2158982615768705e-08
4 4 1.9100876497080835e-04
4 6 -1.0138597525711798e-07
4 25 -1.0450194024784373e-07
4 64 -7.2445752618592330e-08
5 5 2.0356764541367873e-04
5 9 -1.1021388329208595e-07
5 30 -8.3048622595363613e-08
5 61 -9.5851753113678870e-08
6 4 -1.0138597525711798e-07
6 6 1.8254942936630217e-04
6 35 -7.8977568943075779e-08
6 63 -9.5947253857413822e-08
7 1 -9.1021931529320160e-08
7 7 1.9574559773007097e-04
7 36 -8.0071123308214152e-08
7 60 -9.7927176961608133e-08
8 3 -1.1135121108957444e-07
8 8 1.7122357293026182e-04
8 47 -6.6768108280480337e-08
8 49 -9.5314994820430496e-08
9 5 -1.1021388329208595e-07
9 9 1.8034604824629925e-04
9 46 -9.8279955643924425e-08
9 48 -6.6736755043709754e-08
10 10 1.9615210012850662e-04
10 19 -8.3477640897951399e-08
10 21 -8.8191743686670573e-08
11 11 2.0406326808184729e-04
11 23 -8.4722841412562977e-08
11 32 -8.7126968034782905e-08
12 12 2.0402866394925883e-04
12 24 -8.1865235494797861e-08
12 31 -8.7823082129001554e-08
13 13 1.9087195445558782e-04
13 15 -8.8854934588981484e-08
13 20 -8.6053482621669030e-08
13 30 -8.5260253093006721e-08
14 14 1.5769342369058000e-04
14 33 -7.3398489592211020e-08
14 34 -7.8014013079111984e-08
15 13 -8.8854934588981484e-08
15 15 2.1912031992075994e-04
15 47 -9.9960054423321511e-08
15 48 -1.0135417203952494e-07
16 16 2.2084192334670692e-04
16 21 -8.9746065031157418e-08
16 56 -1.1287159457225364e-07
17 17 2.0709486971356910e-04
17 23 -8.6067434109688740e-08
17 57 -1.0089625255310376e-07
18 18 2.0980571355500390e-04
18 24 -8.9771274398486814e-08
18 58 -1.0166597683759782e-07
19 10 -8.3477640897951399e-08
19 19 1.8923036309835862e-04
19 22 -9.0197847950993866e-08
19 36 -8.7734179653310475e-08
20 3 -8.2561695648521909e-08
20 13 -8.6053482621669030e-08
20 20 1.8817401078934085e-04
20 23 -9.2544114663484337e-08
21 10 -8.8191743686670573e-08
21 16 -8.9746065031157418e-08
21 21 2.0874729851122202e-04
21 46 -9.6928890361376951e-08
22 19 -9.0197847950993866e-08
22 22 2.0186168129693611e-04
22 59 -1.0290285960853022e-07
23 11 -8.4722841412562977e-08
23 17 -8.6067434109688740e-08
23 20 -9.2544114663484337e-08
23 23 1.9616280733267141e-04
24 12 -8.1865235494797861e-08
24 18 -8.9771274398486814e-08
24 24 1.8945052697500625e-04
24 35 -8.9356400884946041e-08
25 2 -7.7358211074681328e-08
25 4 -1.0450194024784373e-07
25 25 1.9184940932790928e-04
25 33 -8.7003182578978783e-08
26 26 2.3266218461979692e-04
26 31 -8.9278592690913357e-08
26 54 -1.1455397592158346e-07
27 27 1.9679278199872947e-04
27 32 -8.1644263791275231e-08
27 53 -9.8526901494473540e-08
28 28 2.1856421845159099e-04
28 33 -9.5901438475433181e-08
28 55 -1.1327216719875499e-07
29 29 2.0881103479707572e-04
29 34 -8.9020447150227268e-08
29 52 -1.1015663037636341e-07
30 5 -8.3048622595363613e-08
30 13 -8.5260253093006721e-08
30 30 1.8944078347211526e-04
30 32 -9.2744770843919824e-08
31 12 -8.7823082129001554e-08
31 26 -8.9278592690913357e-08
31 31 2.1236840257067943e-04
31 49 -9.5241102556703800e-08
32 11 -8.7126968034782905e-08
32 27 -8.1644263791275231e-08
32 30 -9.2744770843919824e-08
32 32 1.9095812082070354e-04
33 14 -7.3398489592211020e-08
33 25 -8.7003182578978783e-08
33 28 -9.5901438475433181e-08
33 33 1.6946583627690026e-04
34 2 -8.7181238122499104e-08
34 14 -7.8014013079111984e-08
34 29 -8.9020447150227268e-08
34 34 1.7638830922194954e-04
35 6 -7.8977568943075779e-08
35 24 -8.9356400884946041e-08
35 35 1.7561858045682055e-04
35 65 -1.0220184480911686e-07
36 7 -8.0071123308214152e-08
36 19 -8.7734179653310475e-08
36 36 1.8624989234887051e-04
36 66 -1.0787297490051376e-07
37 37 1.8457668166418367e-04
37 41 -1.0964038856815721e-07
37 54 -6.4074193869316207e-08
38 38 1.8230924623107594e-04
38 42 -1.1085908501271953e-07
38 53 -6.8419984119104103e-08
39 39 1.7675556310307259e-04
39 40 -1.1085978075044662e-07
39 55 -6.5323275777936804e-08
40 39 -1.1085978075044662e-07
40 40 1.8229000052548812e-04
40 58 -6.8389133883345088e-08
41 37 -1.0964038856815721e-07
41 41 1.8454492666990130e-04
41 57 -6.8241801805199634e-08
42 38 -1.1085908501271953e-07
42 42 1.7675653188682519e-04
42 56 -6.5860483297677448e-08
43 43 1.7438362301300925e-04
43 44 -1.1208118851081004e-07
43 59 -6.9245677916675496e-08
44 43 -1.1208118851081004e-07
44 44 1.7437966314268218e-04
44 52 -6.5898932060476357e-08
45 1 -8.4725007417646600e-08
45 45 1.9159367226744022e-04
45 51 -9.9826347689038907e-08
45 64 -7.7835349512484702e-08
46 9 -9.8279955643924425e-08
46 21 -9.6928890361376951e-08
46 46 1.6648533673453610e-04
46 66 -7.0136427477449180e-08
47 8 -6.6768108280480337e-08
47 15 -9.9960054423321511e-08
47 47 1.7301032793337528e-04
47 50 -9.8859851981451969e-08
48 9 -6.6736755043709754e-08
48 15 -1.0135417203952494e-07
48 48 1.8199196996327783e-04
48 51 -1.0123782910907586e-07
49 8 -9.5314994820430496e-08
49 31 -9.5241102556703800e-08
49 49 1.6567436444354231e-04
49 65 -7.4108193711504224e-08
50 47 -9.8859851981451969e-08
50 50 1.6966792535982880e-04
50 64 -1.1185314179697347e-07
50 65 -7.1637781987516600e-08
51 45 -9.9826347689038907e-08
51 48 -1.0123782910907586e-07
51 51 1.7317152186074804e-04
51 66 -7.1545938702793967e-08
52 29 -1.1015663037636341e-07
52 44 -6.5898932060476357e-08
52 52 1.5815730797099546e-04
52 60 -8.7758029001584637e-08
53 27 -9.8526901494473540e-08
53 38 -6.8419984119104103e-08
53 53 1.4650589710261892e-04
53 61 -7.8300379980675388e-08
54 26 -1.1455397592158346e-07
54 37 -6.4074193869316207e-08
54 54 1.6403393961976728e-04
54 62 -8.7569785820636565e-08
55 28 -1.1327216719875499e-07
55 39 -6.5323275777936804e-08
55 55 1.5985567739434830e-04
55 63 -8.7761704624070199e-08
56 16 -1.1287159457225364e-07
56 42 -6.5860483297677448e-08
56 56 1.5646715372197217e-04
56 61 -8.3874855775197120e-08
57 17 -1.0089625255310376e-07
57 41 -6.8241801805199634e-08
57 57 1.4596379033413457e-04
57 62 -7.5802395415889785e-08
58 18 -1.0166597683759782e-07
58 40 -6.8389133883345088e-08
58 58 1.4484671569863508e-04
58 63 -7.5115070122403339e-08
59 22 -1.0290285960853022e-07
59 43 -6.9245677916675496e-08
59 59 1.4163092191684770e-04
59 60 -7.4859109182745698e-08
60 7 -9.7927176961608133e-08
60 52 -8.7758029001584637e-08
60 59 -7.4859109182745698e-08
60 60 1.5255807232935500e-04
61 5 -9.5851753113678870e-08
61 53 -7.8300379980675388e-08
61 56 -8.3874855775197120e-08
61 61 1.5407159215537422e-04
62 3 -9.2158982615768705e-08
62 54 -8.7569785820636565e-08
62 57 -7.5802395415889785e-08
62 62 1.5313268874023175e-04
63 6 -9.5947253857413822e-08
63 55 -8.7761704624070199e-08
63 58 -7.5115070122403339e-08
63 63 1.5076478581153120e-04
64 4 -7.2445752618592330e-08
64 45 -7.7835349512484702e-08
64 50 -1.1185314179697347e-07
64 64 1.7003518740249773e-04
65 35 -1.0220184480911686e-07
65 49 -7.4108193711504224e-08
65 50 -7.1637781987516600e-08
65 65 1.4131204633434935e-04
66 36 -1.0787297490051376e-07
66 46 -7.0136427477449180e-08
66 51 -7.1545938702793967e-08
66 66 1.4253493618031867e-04
