%%MatrixMarket matrix coordinate real general
66 66 244
1 1 2.4603305013516571e-04
1 2 -1.2470372849253634e-07
1 7 -9.1021841439833423e-08
1 45 -8.4724980356631291e-08
2 1 -1.2470372849253634e-07
2 2 2.1312009777273378e-04
2 25 -7.7357778320560147e-08
2 34 -8.7178933420952410e-08
3 3 1.9354748985561166e-04
3 8 -1.1135952457563349e-07
3 20 -8.2580884580027376e-08
3 62 -9.2202638583919889e-08
4 4 1.9100004393428460e-04
4 6 -1.0138955972327002e-07
4 25 -1.0450187730216412e-07
4 64 -7.2445936267626709e-08
5 5 2.0342680394311622e-04
5 9 -1.1021798047283296e-07
5 30 -8.3066642838583076e-08
5 61 -9.5875960552616158e-08
6 4 -1.0138955972327002e-07
6 6 1.8241836163279901e-04
6 35 -7.8994843249977091e-08
6 63 -9.5971343504441200e-08
7 1 -9.1021841439833423e-08
7 7 1.9574878612369813e-04
7 36 -8.0070862701711559e-08
7 60 -9.7926494749226574e-08
8 3 -1.1135952457563349e-07
8 8 1.7114905275543053e-04
8 47 -6.6769580678241112e-08
8 49 -9.5333759138666809e-08
9 5 -1.1021798047283296e-07
9 9 1.8033677387710418e-04
9 46 -9.8279983499819963e-08
9 48 -6.6736932217138155e-08
10 10 1.9640490157321524e-04
10 19 -8.3470532654767483e-08
10 21 -8.8184697518296924e-08
11 11 1.9806846973397532e-04
11 23 -8.5330977746704893e-08
11 32 -8.7763412032259570e-08
12 12 1.9808636864050163e-04
12 24 -8.2459026298974505e-08
12 31 -8.8423452410800308e-08
13 13 1.9076003285895335e-04
13 15 -8.8857405139130032e-08
13 20 -8.6071528311169703e-08
13 30 -8.5278792858722815e-08
14 14 1.5794317750424623e-04
14 33 -7.3391156910850059e-08
14 34 -7.8006180831820998e-08
15 13 -8.8857405139130032e-08
15 15 2.1911301643428896e-04
15 47 -9.9960343191692016e-08
15 48 -1.0135436534498591e-07
16 16 2.2103773952317991e-04
16 21 -8.9740443836059292e-08
16 56 -1.1287566936775690e-07
17 17 2.0135099770497751e-04
17 23 -8.6675846681797702e-08
17 57 -1.0172101612993673e-07
18 18 2.0688926297848020e-04
18 24 -9.0405036378365944e-08
18 58 -1.0247156228395013e-07
19 10 -8.3470532654767483e-08
19 19 1.8932181449390114e-04
19 22 -9.0190313179839229e-08
19 36 -8.7731922693751935e-08
20 3 -8.2580884580027376e-08
20 13 -8.6071528311169703e-08
20 20 1.8745447523372023e-04
20 23 -9.2711720025521295e-08
21 10 -8.8184697518296924e-08
21 16 -8.9740443836059292e-08
21 21 2.0883364375586132e-04
21 46 -9.6926572866960788e-08
22 19 -9.0190313179839229e-08
22 22 2.0211287989635568e-04
22 59 -1.0289301197746577e-07
23 11 -8.5330977746704893e-08
23 17 -8.6675846681797702e-08
23 20 -9.2711720025521295e-08
23 23 1.9475124360884979e-04
24 12 -8.2459026298974505e-08
24 18 -9.0405036378365944e-08
24 24 1.8798460345845083e-04
24 35 -8.9523369126413555e-08
25 2 -7.7357778320560147e-08
25 4 -1.0450187730216412e-07
25 25 1.9186075938404360e-04
25 33 -8.7000796456291355e-08
26 26 2.2866341563150471e-04
26 31 -8.9824646167479045e-08
26 54 -1.1534119978856655e-07
27 27 1.9290369189386321e-04
27 32 -8.2250190112587143e-08
27 53 -9.9351893671135621e-08
28 28 2.1876204909251174e-04
28 33 -9.5894619319273340e-08
28 55 -1.1327610257726428e-07
29 29 2.0906052484810612e-04
29 34 -8.9012770544186260e-08
29 52 -1.1014680594355330e-07
30 5 -8.3066642838583076e-08
30 13 -8.5278792858722815e-08
30 30 1.8868729679145360e-04
30 32 -9.2918140140783775e-08
31 12 -8.8423452410800308e-08
31 26 -8.9824646167479045e-08
31 31 2.0889128165416402e-04
31 49 -9.5406767975126435e-08
32 11 -8.7763412032259570e-08
32 27 -8.2250190112587143e-08
32 30 -9.2918140140783775e-08
32 32 1.8930867916035844e-04
33 14 -7.3391156910850059e-08
33 25 -8.7000796456291355e-08
33 28 -9.5894619319273340e-08
33 33 1.6955761113380248e-04
34 2 -8.7178933420952410e-08
34 14 -7.8006180831820998e-08
34 29 -8.9012770544186260e-08
34 34 1.7648766558726417e-04
35 6 -7.8994843249977091e-08
35 24 -8.9523369126413555e-08
35 35 1.7492872719663128e-04
35 65 -1.0222650775363513e-07
36 7 -8.0070862701711559e-08
36 19 -8.7731922693751935e-08
36 36 1.8625973143049078e-04
36 66 -1.0787261983839935e-07
37 37 1.7922895485471792e-04
37 41 -1.1119661839798747e-07
37 54 -6.4654875865000331e-08
38 38 1.7862283761840354e-04
38 42 -1.1162896893082283e-07
38 53 -6.8994495341959123e-08
39 39 1.7529012108416232e-04
39 40 -1.1162899278848825e-07
39 55 -6.5397535375656513e-08
40 39 -1.1162899278848825e-07
40 40 1.7862203870795522e-04
40 58 -6.8957725933187484e-08
41 37 -1.1119661839798747e-07
41 41 1.7921624668751980e-04
41 57 -6.8907393239417574e-08
42 38 -1.1162896893082283e-07
42 42 1.7529062198947946e-04
42 56 -6.5935990951127227e-08
43 43 1.7467771662202388e-04
43 44 -1.1206316040579791e-07
43 59 -6.9237646426803319e-08
44 43 -1.1206316040579791e-07
44 44 1.7467416998900685e-04
44 52 -6.5891647555089869e-08
45 1 -8.4724980356631291e-08
45 45 1.9159369879875207e-04
45 51 -9.9826345352687596e-08
45 64 -7.7835367752870944e-08
46 9 -9.8279983499819963e-08
46 21 -9.6926572866960788e-08
46 46 1.6649378029128163e-04
46 66 -7.0136214648617063e-08
47 8 -6.6769580678241112e-08
47 15 -9.9960343191692016e-08
47 47 1.7300578614926729e-04
47 50 -9.8860184972844914e-08
48 9 -6.6736932217138155e-08
48 15 -1.0135436534498591e-07
48 48 1.8199122709755753e-04
48 51 -1.0123784781529396e-07
49 8 -9.5333759138666809e-08
49 31 -9.5406767975126435e-08
49 49 1.6504736910585383e-04
49 65 -7.4125074848223585e-08
50 47 -9.8860184972844914e-08
50 50 1.6966040593629955e-04
50 64 -1.1185340964933881e-07
50 65 -7.1640365864047270e-08
51 45 -9.9826345352687596e-08
51 48 -1.0123784781529396e-07
51 51 1.7317158430236421e-04
51 66 -7.1545904497975110e-08
52 29 -1.1014680594355330e-07
52 44 -6.5891647555089869e-08
52 52 1.5825131954588033e-04
52 60 -8.7754852284623743e-08
53 27 -9.9351893671135621e-08
53 38 -6.8994495341959123e-08
53 53 1.4395233962063222e-04
53 61 -7.8483587696552701e-08
54 26 -1.1534119978856655e-07
54 37 -6.4654875865000331e-08
54 54 1.6199821958642945e-04
54 62 -8.7784844060424556e-08
55 28 -1.1327610257726428e-07
55 39 -6.5397535375656513e-08
55 55 1.5952167023799076e-04
55 63 -8.7790547667796203e-08
56 16 -1.1287566936775690e-07
56 42 -6.5935990951127227e-08
56 56 1.5612945364065805e-04
56 61 -8.3904109662539119e-08
57 17 -1.0172101612993673e-07
57 41 -6.8907393239417574e-08
57 57 1.4316576777401112e-04
57 62 -7.6005666288080027e-08
58 18 -1.0247156228395013e-07
58 40 -6.8957725933187484e-08
58 58 1.4250470193803616e-04
58 63 -7.5287417695087712e-08
59 22 -1.0289301197746577e-07
59 43 -6.9237646426803319e-08
59 59 1.4172446898177342e-04
59 60 -7.4856264747344273e-08
60 7 -9.7926494749226574e-08
60 52 -8.7754852284623743e-08
60 59 -7.4856264747344273e-08
60 60 1.5258041161473192e-04
61 5 -9.5875960552616158e-08
61 53 -7.8483587696552701e-08
61 56 -8.3904109662539119e-08
61 61 1.5326226263075784e-04
62 3 -9.2202638583919889e-08
62 54 -8.7784844060424556e-08
62 57 -7.6005666288080027e-08
62 62 1.5161834392071196e-04
63 6 -9.5971343504441200e-08
63 55 -8.7790547667796203e-08
63 58 -7.5287417695087712e-08
63 63 1.5001625032951609e-04
64 4 -7.2445936267626709e-08
64 45 -7.7835367752870944e-08
64 50 -1.1185340964933881e-07
64 64 1.7003428797405129e-04
65 35 -1.0222650775363513e-07
65 49 -7.4125074848223585e-08
65 50 -7.1640365864047270e-08
65 65 1.4120325910381093e-04
66 36 -1.0787261983839935e-07
66 46 -7.0136214648617063e-08
66 51 -7.1545904497975110e-08
66 66 1.4253641825694570e-04
