%%MatrixMarket matrix coordinate real general
66 66 244
1 1 5.7688784628620913e-05
1 2 -1.3422885219855925e-05
1 7 -9.8031331162021153e-06
1 45 -9.4903846790835537e-06
2 1 -1.3422885219855925e-05
2 2 5.2821996692554730e-05
2 25 -8.3445472612008897e-06
2 34 -9.3233315581607792e-06
3 3 5.7354929880455005e-05
3 8 -1.4079317831452107e-05
3 20 -1.0425946067438013e-05
3 62 -1.1893412705351701e-05
4 4 5.1662309865078936e-05
4 6 -1.1743473828683867e-05
4 25 -1.1823383735845529e-05
4 64 -8.3135806267034161e-06
5 5 5.5090033975433865e-05
5 9 -1.2835793100488715e-05
5 30 -1.0093620116169866e-05
5 61 -1.1115699749600904e-05
6 4 -1.1743473828683867e-05
6 6 5.1306642691621439e-05
6 35 -9.5547598858651083e-06
6 63 -1.1057242110810935e-05
7 1 -9.8031331162021153e-06
7 7 4.8601026987798177e-05
7 36 -8.4812847456268752e-06
7 60 -1.0355167403015327e-05
8 3 -1.4079317831452107e-05
8 8 5.2751676582846128e-05
8 47 -8.3458675154822193e-06
8 49 -1.1884188441495064e-05
9 5 -1.2835793100488715e-05
9 9 5.0315463157005548e-05
9 46 -1.1197091527297006e-05
9 48 -7.6698263200031793e-06
10 10 5.6213873082132563e-05
10 19 -8.5714198345514061e-06
10 21 -9.2435660585131760e-06
11 11 5.9034020388363419e-05
11 23 -9.7978045980638387e-06
11 32 -1.0088237215361893e-05
12 12 5.8438278799149476e-05
12 24 -9.4351296002383766e-06
12 31 -1.0113696068712009e-05
13 13 5.2414424130505839e-05
13 15 -1.0886606144263892e-05
13 20 -1.0836680555882591e-05
13 30 -1.0412191352137948e-05
14 14 5.4556594917462336e-05
14 33 -7.6594706129179480e-06
14 34 -8.0043338544865314e-06
15 13 -1.0886606144263892e-05
15 15 5.8157400554418971e-05
15 47 -1.2012738328454427e-05
15 48 -1.2116111709371151e-05
16 16 6.0284106076873096e-05
16 21 -9.3775373721873485e-06
16 56 -1.1983100793695122e-05
17 17 6.4056522911028454e-05
17 23 -1.0474395305850125e-05
17 57 -1.2260867004260613e-05
18 18 5.7190450166148878e-05
18 24 -9.7265148374299576e-06
18 58 -1.0991857167792632e-05
19 10 -8.5714198345514061e-06
19 19 4.6093539317062303e-05
19 22 -9.2753965824626670e-06
19 36 -9.3059378144646436e-06
20 3 -1.0425946067438013e-05
20 13 -1.0836680555882591e-05
20 20 5.3423241028829247e-05
20 23 -1.1992010868441793e-05
21 10 -9.2435660585131760e-06
21 16 -9.3775373721873485e-06
21 21 5.0218637400712004e-05
21 46 -1.0537269885493612e-05
22 19 -9.2753965824626670e-06
22 22 5.8255382656896543e-05
22 59 -1.0424327216144278e-05
23 11 -9.7978045980638387e-06
23 17 -1.0474395305850125e-05
23 20 -1.1992010868441793e-05
23 23 5.3422863111163003e-05
24 12 -9.4351296002383766e-06
24 18 -9.7265148374299576e-06
24 24 5.0779220586534915e-05
24 35 -1.1331798772564201e-05
25 2 -8.3445472612008897e-06
25 4 -1.1823383735845529e-05
25 25 4.9023886758598579e-05
25 33 -9.3821748421468685e-06
26 26 6.6253688106308916e-05
26 31 -1.0878040708713249e-05
26 54 -1.3934705535420437e-05
27 27 5.5899255782853151e-05
27 32 -8.8256898336716250e-06
27 53 -1.0627922961524868e-05
28 28 6.0787000169818355e-05
28 33 -9.9760722315555289e-06
28 55 -1.2036120685468888e-05
29 29 5.8930013067433088e-05
29 34 -9.1475217342419867e-06
29 52 -1.1175933130535019e-05
30 5 -1.0093620116169866e-05
30 13 -1.0412191352137948e-05
30 30 5.2124723012064299e-05
30 32 -1.1783040592777897e-05
31 12 -1.0113696068712009e-05
31 26 -1.0878040708713249e-05
31 31 5.6135694617032666e-05
31 49 -1.2300266376039413e-05
32 11 -1.0088237215361893e-05
32 27 -8.8256898336716250e-06
32 30 -1.1783040592777897e-05
32 32 5.1162532858174193e-05
33 14 -7.6594706129179480e-06
33 25 -9.3821748421468685e-06
33 28 -9.9760722315555289e-06
33 33 4.4037526834788758e-05
34 2 -9.3233315581607792e-06
34 14 -8.0043338544865314e-06
34 29 -9.1475217342419867e-06
34 34 4.4107628413801386e-05
35 6 -9.5547598858651083e-06
35 24 -1.1331798772564201e-05
35 35 5.1794311287306261e-05
35 65 -1.2429627110195433e-05
36 7 -8.4812847456268752e-06
36 19 -9.3059378144646436e-06
36 36 4.8321299924871967e-05
36 66 -1.1734707905336914e-05
37 37 6.5293640100536499e-05
37 41 -1.4037987245030698e-05
37 54 -8.1773000784750247e-06
38 38 4.7774050736059390e-05
38 42 -1.0243494637398166e-05
38 53 -6.4052895667691990e-06
39 39 4.9515519809095225e-05
39 40 -1.0237820959850904e-05
39 55 -6.7331604787717429e-06
40 39 -1.0237820959850904e-05
40 40 4.7746172140682100e-05
40 58 -6.4004301724032041e-06
41 37 -1.4037987245030698e-05
41 41 6.5898550070476038e-05
41 57 -8.7234178504818588e-06
42 38 -1.0243494637398166e-05
42 42 4.9588094285434996e-05
42 56 -6.7813843167916254e-06
43 43 5.5623214488201423e-05
43 44 -1.1216254196240726e-05
43 59 -7.0208395738548604e-06
44 43 -1.1216254196240726e-05
44 44 5.5293485409041074e-05
44 52 -6.6915122394503253e-06
45 1 -9.4903846790835537e-06
45 45 4.9477258594080049e-05
45 51 -1.1211248896424807e-05
45 64 -8.9474014454080617e-06
46 9 -1.1197091527297006e-05
46 21 -1.0537269885493612e-05
46 46 4.6174724335907913e-05
46 66 -7.6042866949435968e-06
47 8 -8.3458675154822193e-06
47 15 -1.2012738328454427e-05
47 47 5.0436926939263427e-05
47 50 -1.1880376317114050e-05
48 9 -7.6698263200031793e-06
48 15 -1.2116111709371151e-05
48 48 5.0220678471246209e-05
48 51 -1.1651555032409126e-05
49 8 -1.1884188441495064e-05
49 31 -1.2300266376039413e-05
49 49 5.1176419032008249e-05
49 65 -9.2511974106557629e-06
50 47 -1.1880376317114050e-05
50 50 5.1676488913605840e-05
50 64 -1.3282564392398771e-05
50 65 -8.7426277119294833e-06
51 45 -1.1211248896424807e-05
51 48 -1.1651555032409126e-05
51 51 4.8729070199014747e-05
51 66 -8.0483663369162683e-06
52 29 -1.1175933130535019e-05
52 44 -6.6915122394503253e-06
52 52 4.2708200669486492e-05
52 60 -9.0243050775151475e-06
53 27 -1.0627922961524868e-05
53 38 -6.4052895667691990e-06
53 53 4.1438604168082485e-05
53 61 -9.4772812679906362e-06
54 26 -1.3934705535420437e-05
54 37 -8.1773000784750247e-06
54 54 5.1389460580014115e-05
54 62 -1.1470107066402600e-05
55 28 -1.2036120685468888e-05
55 39 -6.7331604787717429e-06
55 55 4.4552651555399914e-05
55 63 -9.9117935520582276e-06
56 16 -1.1983100793695122e-05
56 42 -6.7813843167916254e-06
56 56 4.3619662002101449e-05
56 61 -9.5277882748726245e-06
57 17 -1.2260867004260613e-05
57 41 -8.7234178504818588e-06
57 57 4.6527186331553211e-05
57 62 -9.9482353443340937e-06
58 18 -1.0991857167792632e-05
58 40 -6.4004301724032041e-06
58 58 4.1262202203941585e-05
58 63 -9.0884825593983717e-06
59 22 -1.0424327216144278e-05
59 43 -7.0208395738548604e-06
59 59 3.9282665563282853e-05
59 60 -7.6975448413474986e-06
60 7 -1.0355167403015327e-05
60 52 -9.0243050775151475e-06
60 59 -7.6975448413474986e-06
60 60 4.2338859279180538e-05
61 5 -1.1115699749600904e-05
61 53 -9.4772812679906362e-06
61 56 -9.5277882748726245e-06
61 61 4.5665758123040986e-05
62 3 -1.1893412705351701e-05
62 54 -1.1470107066402600e-05
62 57 -9.9482353443340937e-06
62 62 4.9766451596859569e-05
63 6 -1.1057242110810935e-05
63 55 -9.9117935520582276e-06
63 58 -9.0884825593983717e-06
63 63 4.5157975296070509e-05
64 4 -8.3135806267034161e-06
64 45 -8.9474014454080617e-06
64 50 -1.3282564392398771e-05
64 64 4.8251171238857535e-05
65 35 -1.2429627110195433e-05
65 49 -9.2511974106557629e-06
65 50 -8.7426277119294833e-06
65 65 4.5362739207584450e-05
66 36 -1.1734707905336914e-05
66 46 -7.6042866949435968e-06
66 51 -8.0483663369162683e-06
66 66 4.1998627564421280e-05
