%%MatrixMarket matrix coordinate real general
66 66 244
1 1 2.4603114519164057e-04
1 2 -1.2470417022821305e-07
1 7 -9.1021960438607749e-08
1 45 -8.4725016361123052e-08
2 1 -1.2470417022821305e-07
2 2 2.1310497633835214e-04
2 25 -7.7358302755080315e-08
2 34 -8.7181573079511981e-08
3 3 1.9382467527733898e-04
3 8 -1.1134856481443845e-07
3 20 -8.2557027159225010e-08
3 62 -9.2149170542537144e-08
4 4 1.9101252401065820e-04
4 6 -1.0138484083179822e-07
4 25 -1.0450189980254432e-07
4 64 -7.2445671523622080e-08
5 5 2.0361135419419494e-04
5 9 -1.1021258335181615e-07
5 30 -8.3044397378946682e-08
5 61 -9.5846285974585903e-08
6 4 -1.0138484083179822e-07
6 6 1.8258994599907653e-04
6 35 -7.8973524130382720e-08
6 63 -9.5941799027311372e-08
7 1 -9.1021960438607749e-08
7 7 1.9574459373464373e-04
7 36 -8.0071187624469514e-08
7 60 -9.7927332089169515e-08
8 3 -1.1134856481443845e-07
8 8 1.7124858187263917e-04
8 47 -6.6767604284432564e-08
8 49 -9.5310615924388289e-08
9 5 -1.1021258335181615e-07
9 9 1.8035001896046606e-04
9 46 -9.8279890922669074e-08
9 48 -6.6736677675727988e-08
10 10 1.9613214270968859e-04
10 19 -8.3478319328340855e-08
10 21 -8.8192399839580068e-08
11 11 2.0290221217997021e-04
11 23 -8.4663588056536919e-08
11 32 -8.7065119405482468e-08
12 12 2.0285764475493599e-04
12 24 -8.1807758381702768e-08
12 31 -8.7764617811866157e-08
13 13 1.9090741732741509e-04
13 15 -8.8854135281210183e-08
13 20 -8.6049233931985816e-08
13 30 -8.5255938623707648e-08
14 14 1.5767676526212392e-04
14 33 -7.3399094518740028e-08
14 34 -7.8014684769181533e-08
15 13 -8.8854135281210183e-08
15 15 2.1912348098787103e-04
15 47 -9.9959926492804072e-08
15 48 -1.0135408632436549e-07
16 16 2.2083613641459622e-04
16 21 -8.9746410878022885e-08
16 56 -1.1286947253117224e-07
17 17 2.0831676077444903e-04
17 23 -8.6007420961497789e-08
17 57 -1.0081540955032525e-07
18 18 2.1102265971029616e-04
18 24 -8.9708607240572422e-08
18 58 -1.0158829058365500e-07
19 10 -8.3478319328340855e-08
19 19 1.8921748243047761e-04
19 22 -9.0198587181970838e-08
19 36 -8.7734515899604324e-08
20 3 -8.2557027159225010e-08
20 13 -8.6049233931985816e-08
20 20 1.8833485338808859e-04
20 23 -9.2518806462298030e-08
21 10 -8.8192399839580068e-08
21 16 -8.9746410878022885e-08
21 21 2.0873568042374229e-04
21 46 -9.6929214646279246e-08
22 19 -9.0198587181970838e-08
22 22 2.0184096105797610e-04
22 59 -1.0290381962933919e-07
23 11 -8.4663588056536919e-08
23 17 -8.6007420961497789e-08
23 20 -9.2518806462298030e-08
23 23 1.9704808973002906e-04
24 12 -8.1807758381702768e-08
24 18 -8.9708607240572422e-08
24 24 1.9031615713152936e-04
24 35 -8.9331373081150743e-08
25 2 -7.7358302755080315e-08
25 4 -1.0450189980254432e-07
25 25 1.9184713651077131e-04
25 33 -8.7003502222002819e-08
26 26 2.3394450604113739e-04
26 31 -8.9221966556421580e-08
26 54 -1.1447292160872489e-07
27 27 1.9793841094332333e-04
27 32 -8.1585345206596094e-08
27 53 -9.8448488167700962e-08
28 28 2.1855781444235338e-04
28 33 -9.5901861338062409e-08
28 55 -1.1327007718591041e-07
29 29 2.0878993710510223e-04
29 34 -8.9021207549361995e-08
29 52 -1.1015761172914550e-07
30 5 -8.3044397378946682e-08
30 13 -8.5255938623707648e-08
30 30 1.8960728368895680e-04
30 32 -9.2718903844164381e-08
31 12 -8.7764617811866157e-08
31 26 -8.9221966556421580e-08
31 31 2.1052575988245569e-04
31 49 -9.5215692821447065e-08
32 11 -8.7065119405482468e-08
32 27 -8.1585345206596094e-08
32 30 -9.2718903844164381e-08
32 32 1.9184806686224881e-04
33 14 -7.3399094518740028e-08
33 25 -8.7003502222002819e-08
33 28 -9.5901861338062409e-08
33 33 1.6945427624749163e-04
34 2 -8.7181573079511981e-08
34 14 -7.8014684769181533e-08
34 29 -8.9021207549361995e-08
34 34 1.7637489487490557e-04
35 6 -7.8973524130382720e-08
35 24 -8.9331373081150743e-08
35 35 1.7577076787741940e-04
35 65 -1.0219612003670131e-07
36 7 -8.0071187624469514e-08
36 19 -8.7734515899604324e-08
36 36 1.8624767977275066e-04
36 66 -1.0787305845565951e-07
37 37 1.8393422942268055e-04
37 41 -1.0950825000755543e-07
37 54 -6.4018093037047068e-08
38 38 1.8327018178568693e-04
38 42 -1.1079376029847936e-07
38 53 -6.8367940347020466e-08
39 39 1.7720968335781085e-04
39 40 -1.1079457666807031e-07
39 55 -6.5313304022594870e-08
40 39 -1.1079457666807031e-07
40 40 1.8324755505051213e-04
40 58 -6.8337786615102241e-08
41 37 -1.0950825000755543e-07
41 41 1.8390773462605888e-04
41 57 -6.8177515265270765e-08
42 38 -1.1079376029847936e-07
42 42 1.7721097951189045e-04
42 56 -6.5850330409934846e-08
43 43 1.7435980202332562e-04
43 44 -1.1208264828170094e-07
43 59 -6.9246442054587831e-08
44 43 -1.1208264828170094e-07
44 44 1.7435587427157046e-04
44 52 -6.5899628316546458e-08
45 1 -8.4725016361123052e-08
45 45 1.9159366921793443e-04
45 51 -9.9826348160372614e-08
45 64 -7.7835339308141170e-08
46 9 -9.8279890922669074e-08
46 21 -9.6929214646279246e-08
46 46 1.6648369540491904e-04
46 66 -7.0136472466164416e-08
47 8 -6.6767604284432564e-08
47 15 -9.9959926492804072e-08
47 47 1.7301241887775256e-04
47 50 -9.8859706699731541e-08
48 9 -6.6736677675727988e-08
48 15 -1.0135408632436549e-07
48 48 1.8199237899525804e-04
48 51 -1.0123781829342729e-07
49 8 -9.5310615924388289e-08
49 31 -9.5215692821447065e-08
49 49 1.6581330463381750e-04
49 65 -7.4104238503796539e-08
50 47 -9.8859706699731541e-08
50 50 1.6967110187480876e-04
50 64 -1.1185302527089367e-07
50 65 -7.1636962798002527e-08
51 45 -9.9826348160372614e-08
51 48 -1.0123781829342729e-07
51 51 1.7317150692351465e-04
51 66 -7.1545949075540606e-08
52 29 -1.1015761172914550e-07
52 44 -6.5899628316546458e-08
52 52 1.5814412884787595e-04
52 60 -8.7758518271265012e-08
53 27 -9.8448488167700962e-08
53 38 -6.8367940347020466e-08
53 53 1.4546979914421571e-04
53 61 -7.8274433569250093e-08
54 26 -1.1447292160872489e-07
54 37 -6.4018093037047068e-08
54 54 1.6489414197073406e-04
54 62 -8.7536525262689013e-08
55 28 -1.1327007718591041e-07
55 39 -6.5313304022594870e-08
55 55 1.5993512549413493e-04
55 63 -8.7755357345579799e-08
56 16 -1.1286947253117224e-07
56 42 -6.5850330409934846e-08
56 56 1.5654728608798573e-04
56 61 -8.3868452394310015e-08
57 17 -1.0081540955032525e-07
57 41 -6.8177515265270765e-08
57 57 1.4500010007559950e-04
57 62 -7.5771326765043442e-08
58 18 -1.0158829058365500e-07
58 40 -6.8337786615102241e-08
58 58 1.4380436129212670e-04
58 63 -7.5090730096810156e-08
59 22 -1.0290381962933919e-07
59 43 -6.9246442054587831e-08
59 59 1.4161805127827295e-04
59 60 -7.4859541767930247e-08
60 7 -9.7927332089169515e-08
60 52 -8.7758518271265012e-08
60 59 -7.4859541767930247e-08
60 60 1.5255327057716580e-04
61 5 -9.5846285974585903e-08
61 53 -7.8274433569250093e-08
61 56 -8.3868452394310015e-08
61 61 1.5424304367913814e-04
62 3 -9.2149170542537144e-08
62 54 -8.7536525262689013e-08
62 57 -7.5771326765043442e-08
62 62 1.5345655325850761e-04
63 6 -9.5941799027311372e-08
63 55 -8.7755357345579799e-08
63 58 -7.5090730096810156e-08
63 63 1.5092396462933013e-04
64 4 -7.2445671523622080e-08
64 45 -7.7835339308141170e-08
64 50 -1.1185302527089367e-07
64 64 1.7003567960047550e-04
65 35 -1.0219612003670131e-07
65 49 -7.4104238503796539e-08
65 50 -7.1636962798002527e-08
65 65 1.4134580999688570e-04
66 36 -1.0787305845565951e-07
66 46 -7.0136472466164416e-08
66 51 -7.1545949075540606e-08
66 66 1.4253448239178062e-04
