%%MatrixMarket matrix coordinate real general
66 66 244
1 1 5.7080032427830687e-05
1 2 -1.3291297383574045e-05
1 7 -9.7063509773284348e-06
1 45 -9.3936828547006167e-06
2 1 -1.3291297383574045e-05
2 2 5.2367622285260154e-05
2 25 -8.1918318535206706e-06
2 34 -9.2697980807778968e-06
3 3 5.6904050804262892e-05
3 8 -1.3978281887538167e-05
3 20 -1.0345431005720751e-05
3 62 -1.1811276710735625e-05
4 4 5.0798020732200371e-05
4 6 -1.1499783010600190e-05
4 25 -1.1647678480921789e-05
4 64 -8.1784084260039143e-06
5 5 5.3933559872763771e-05
5 9 -1.2591825666717329e-05
5 30 -9.8933913464094512e-06
5 61 -1.0874320003026699e-05
6 4 -1.1499783010600190e-05
6 6 5.0119887650985429e-05
6 35 -9.3459518279388977e-06
6 63 -1.0793634541837240e-05
7 1 -9.7063509773284348e-06
7 7 4.8271837008065213e-05
7 36 -8.4119132314676097e-06
7 60 -1.0299873126030314e-05
8 3 -1.3978281887538167e-05
8 8 5.2314170410511739e-05
8 47 -8.2912953544181662e-06
8 49 -1.1719895770277782e-05
9 5 -1.2591825666717329e-05
9 9 4.9530369216159723e-05
9 46 -1.1041124487289214e-05
9 48 -7.5429800198485602e-06
10 10 5.5618798827535866e-05
10 19 -8.5015542852685528e-06
10 21 -9.1138768000879405e-06
11 11 5.3805190367521230e-05
11 23 -9.0161203151148958e-06
11 32 -9.2646035298387453e-06
12 12 5.3213617116467852e-05
12 24 -8.6560281053470188e-06
12 31 -9.3022475433328474e-06
13 13 5.1764849119132985e-05
13 15 -1.0761828025834831e-05
13 20 -1.0720439743869020e-05
13 30 -1.0280868646695953e-05
14 14 5.3915801147457939e-05
14 33 -7.5569966334813246e-06
14 34 -7.9183766635450174e-06
15 13 -1.0761828025834831e-05
15 15 5.7486658562597012e-05
15 47 -1.1849528649809962e-05
15 48 -1.1989430557479480e-05
16 16 5.8731089917019404e-05
16 21 -9.2260401458251605e-06
16 56 -1.1534337274053683e-05
17 17 5.9426834169997342e-05
17 23 -9.8010471152297015e-06
17 57 -1.1456752242294614e-05
18 18 5.1824959091444688e-05
18 24 -8.8869036454424476e-06
18 58 -9.9716420587732710e-06
19 10 -8.5015542852685528e-06
19 19 4.5715305367651628e-05
19 22 -9.2088175530780510e-06
19 36 -9.2252511095296141e-06
20 3 -1.0345431005720751e-05
20 13 -1.0720439743869020e-05
20 20 5.2945306187849654e-05
20 23 -1.1969099010947170e-05
21 10 -9.1138768000879405e-06
21 16 -9.2260401458251605e-06
21 21 4.9402013714125110e-05
21 46 -1.0321134930979662e-05
22 19 -9.2088175530780510e-06
22 22 5.8023076613662439e-05
22 59 -1.0394611345692823e-05
23 11 -9.0161203151148958e-06
23 17 -9.8010471152297015e-06
23 20 -1.1969099010947170e-05
23 23 5.2129924195052907e-05
24 12 -8.6560281053470188e-06
24 18 -8.8869036454424476e-06
24 24 4.8462662326067836e-05
24 35 -1.1107802926577677e-05
25 2 -8.1918318535206706e-06
25 4 -1.1647678480921789e-05
25 25 4.8074986588590786e-05
25 33 -9.1961879869463437e-06
26 26 6.1593778572989626e-05
26 31 -1.0195060323101172e-05
26 54 -1.3047161143114115e-05
27 27 5.0672267644675322e-05
27 32 -8.0716432953563942e-06
27 53 -9.6461905322239200e-06
28 28 5.9259618308850181e-05
28 33 -9.8223956672385362e-06
28 55 -1.1603369332548599e-05
29 29 5.8674630132785978e-05
29 34 -9.0607242943872751e-06
29 52 -1.1146138195593627e-05
30 5 -9.8933913464094512e-06
30 13 -1.0280868646695953e-05
30 30 5.1118994562997382e-05
30 32 -1.1560799010810942e-05
31 12 -9.3022475433328474e-06
31 26 -1.0195060323101172e-05
31 31 5.4553782758885220e-05
31 49 -1.2260813863435325e-05
32 11 -9.2646035298387453e-06
32 27 -8.0716432953563942e-06
32 30 -1.1560799010810942e-05
32 32 4.8903992997719393e-05
33 14 -7.5569966334813246e-06
33 25 -9.1961879869463437e-06
33 28 -9.8223956672385362e-06
33 33 4.3352354203908806e-05
34 2 -9.2697980807778968e-06
34 14 -7.9183766635450174e-06
34 29 -9.0607242943872751e-06
34 34 4.3684984924268416e-05
35 6 -9.3459518279388977e-06
35 24 -1.1107802926577677e-05
35 35 5.0742366718871391e-05
35 65 -1.2272793412322486e-05
36 7 -8.4119132314676097e-06
36 19 -9.2252511095296141e-06
36 36 4.7857142173853066e-05
36 66 -1.1597240262500702e-05
37 37 6.2275935594721335e-05
37 41 -1.3414986742623851e-05
37 54 -7.8524391633490668e-06
38 38 4.4766169791390100e-05
38 42 -9.4478547423890102e-06
38 53 -6.0192239350333028e-06
39 39 4.3798692415641645e-05
39 40 -9.4431226134023932e-06
39 55 -6.3233261347850795e-06
40 39 -9.4431226134023932e-06
40 40 4.4746597969431696e-05
40 58 -6.0166024238023224e-06
41 37 -1.3414986742623851e-05
41 41 6.2905401235265209e-05
41 57 -8.3806986731035157e-06
42 38 -9.4478547423890102e-06
42 42 4.3865328305921275e-05
42 56 -6.3581987036842777e-06
43 43 5.5554381947146535e-05
43 44 -1.1203189577632946e-05
43 59 -7.0034494877405264e-06
44 43 -1.1203189577632946e-05
44 44 5.5221678959430038e-05
44 52 -6.6760156133655776e-06
45 1 -9.3936828547006167e-06
45 45 4.8895581859138100e-05
45 51 -1.1092849154413773e-05
45 64 -8.8062583869859187e-06
46 9 -1.1041124487289214e-05
46 21 -1.0321134930979662e-05
46 46 4.5258427019812942e-05
46 66 -7.4505941734371124e-06
47 8 -8.2912953544181662e-06
47 15 -1.1849528649809962e-05
47 47 4.9753511232191274e-05
47 50 -1.1713888546897179e-05
48 9 -7.5429800198485602e-06
48 15 -1.1989430557479480e-05
48 48 4.9618546131631012e-05
48 51 -1.1461248736434433e-05
49 8 -1.1719895770277782e-05
49 31 -1.2260813863435325e-05
49 49 5.0527940583927049e-05
49 65 -9.1165223879307104e-06
50 47 -1.1713888546897179e-05
50 50 5.1018318427680564e-05
50 64 -1.3110790384654628e-05
50 65 -8.6424906952723546e-06
51 45 -1.1092849154413773e-05
51 48 -1.1461248736434433e-05
51 51 4.8122042028637377e-05
51 66 -7.9603709231570439e-06
52 29 -1.1146138195593627e-05
52 44 -6.6760156133655776e-06
52 52 4.2558239060866007e-05
52 60 -8.9638905370407386e-06
53 27 -9.6461905322239200e-06
53 38 -6.0192239350333028e-06
53 53 3.8351459316578166e-05
53 61 -8.8792166854444110e-06
54 26 -1.3047161143114115e-05
54 37 -7.8524391633490668e-06
54 54 5.0233578797707901e-05
54 62 -1.1482029614993339e-05
55 28 -1.1603369332548599e-05
55 39 -6.3233261347850795e-06
55 55 4.2669998754035517e-05
55 63 -9.5320033435355412e-06
56 16 -1.1534337274053683e-05
56 42 -6.3581987036842777e-06
56 56 4.1750179762064329e-05
56 61 -9.1792801211802729e-06
57 17 -1.1456752242294614e-05
57 41 -8.3806986731035157e-06
57 57 4.5597837975466161e-05
57 62 -9.9629667949363498e-06
58 18 -9.9716420587732710e-06
58 40 -6.0166024238023224e-06
58 58 3.8199054691358611e-05
58 63 -8.5214833977053687e-06
59 22 -1.0394611345692823e-05
59 43 -7.0034494877405264e-06
59 59 3.9140590315539229e-05
59 60 -7.6454208402678215e-06
60 7 -1.0299873126030314e-05
60 52 -8.9638905370407386e-06
60 59 -7.6454208402678215e-06
60 60 4.2047439188162819e-05
61 5 -1.0874320003026699e-05
61 53 -8.8792166854444110e-06
61 56 -9.1792801211802729e-06
61 61 4.3885669557753605e-05
62 3 -1.1811276710735625e-05
62 54 -1.1482029614993339e-05
62 57 -9.9629667949363498e-06
62 62 4.9574876189084689e-05
63 6 -1.0793634541837240e-05
63 55 -9.5320033435355412e-06
63 58 -8.5214833977053687e-06
63 63 4.3332592013704868e-05
64 4 -8.1784084260039143e-06
64 45 -8.8062583869859187e-06
64 50 -1.3110790384654628e-05
64 64 4.7469496660099361e-05
65 35 -1.2272793412322486e-05
65 49 -9.1165223879307104e-06
65 50 -8.6424906952723546e-06
65 65 4.4929983831999575e-05
66 36 -1.1597240262500702e-05
66 46 -7.4505941734371124e-06
66 51 -7.9603709231570439e-06
66 66 4.1425387610465667e-05
