%%MatrixMarket matrix coordinate real general
66 66 244
1 1 2.4602940268729289e-04
1 2 -1.2470443395896230e-07
1 7 -9.1022063526696359e-08
1 45 -8.4725048309892511e-08
2 1 -1.2470443395896230e-07
2 2 2.1309654529493434e-04
2 25 -7.7358572036667349e-08
2 34 -8.7182478171324384e-08
3 3 1.9405703538319789e-04
3 8 -1.1133916067077552e-07
3 20 -8.2542033433817519e-08
3 62 -9.2118239756788414e-08
4 4 1.9102793763431689e-04
4 6 -1.0138082472602358e-07
4 25 -1.0450165633251595e-07
4 64 -7.2445333006795217e-08
5 5 2.0376423093355220e-04
5 9 -1.1020797527043556e-07
5 30 -8.3031069772247227e-08
5 61 -9.5829321876764085e-08
6 4 -1.0138082472602358e-07
6 6 1.8273133740839573e-04
6 35 -7.8960768941504418e-08
6 63 -9.5924856659843233e-08
7 1 -9.1022063526696359e-08
7 7 1.9574105221704938e-04
7 36 -8.0071395596314205e-08
7 60 -9.7927814590033624e-08
8 3 -1.1133916067077552e-07
8 8 1.7134009233404283e-04
8 47 -6.6765735743834988e-08
8 49 -9.5296753626985355e-08
9 5 -1.1020797527043556e-07
9 9 1.8036625222250962e-04
9 46 -9.8279564596055216e-08
9 48 -6.6736356549952675e-08
10 10 1.9608570154918602e-04
10 19 -8.3479987794563726e-08
10 21 -8.8193978897416401e-08
11 11 2.0413423974403297e-04
11 23 -8.4517142114074176e-08
11 32 -8.6912219162735680e-08
12 12 2.0552283018347242e-04
12 24 -8.1665751274432621e-08
12 31 -8.7619754101335337e-08
13 13 1.9103306589016809e-04
13 15 -8.8851265046862443e-08
13 20 -8.6035772696125846e-08
13 30 -8.5242356873237113e-08
14 14 1.5763985681834211e-04
14 33 -7.3400498235717876e-08
14 34 -7.8016292622143373e-08
15 13 -8.8851265046862443e-08
15 15 2.1913662107248371e-04
15 47 -9.9959386539675514e-08
15 48 -1.0135372394039150e-07
16 16 2.2083872057084196e-04
16 21 -8.9746944625958815e-08
16 56 -1.1286232559086649e-07
17 17 2.0873244444654477e-04
17 23 -8.5857368001822230e-08
17 57 -1.0061370047428014e-07
18 18 2.1140005924265314e-04
18 24 -8.9552553058698392e-08
18 58 -1.0139557853882977e-07
19 10 -8.3479987794563726e-08
19 19 1.8918317670695646e-04
19 22 -9.0200425962988297e-08
19 36 -8.7735433046576681e-08
20 3 -8.2542033433817519e-08
20 13 -8.6035772696125846e-08
20 20 1.8883220092312034e-04
20 23 -9.2450091652032870e-08
21 10 -8.8193978897416401e-08
21 16 -8.9746944625958815e-08
21 21 2.0870613782272054e-04
21 46 -9.6930044724839083e-08
22 19 -9.0200425962988297e-08
22 22 2.0179169869216835e-04
22 59 -1.0290619898428840e-07
23 11 -8.4517142114074176e-08
23 17 -8.5857368001822230e-08
23 20 -9.2450091652032870e-08
23 23 1.9691075783098499e-04
24 12 -8.1665751274432621e-08
24 18 -8.9552553058698392e-08
24 24 1.9020685172997176e-04
24 35 -8.9263550494065007e-08
25 2 -7.7358572036667349e-08
25 4 -1.0450165633251595e-07
25 25 1.9184083223569676e-04
25 33 -8.7004308291154892e-08
26 26 2.3426495808322263e-04
26 31 -8.9079320054306296e-08
26 54 -1.1426807142770417e-07
27 27 1.9842417426289518e-04
27 32 -8.1440559447363094e-08
27 53 -9.8257350674027848e-08
28 28 2.1855825935505527e-04
28 33 -9.5902523315940244e-08
28 55 -1.1326302975752559e-07
29 29 2.0873939847937357e-04
29 34 -8.9023096382465028e-08
29 52 -1.1016006350199669e-07
30 5 -8.3031069772247227e-08
30 13 -8.5242356873237113e-08
30 30 1.9011846878895172e-04
30 32 -9.2648687019827798e-08
31 12 -8.7619754101335337e-08
31 26 -8.9079320054306296e-08
31 31 2.1284122307740861e-04
31 49 -9.5146397390446026e-08
32 11 -8.6912219162735680e-08
32 27 -8.1440559447363094e-08
32 30 -9.2648687019827798e-08
32 32 1.9177781272735109e-04
33 14 -7.3400498235717876e-08
33 25 -8.7004308291154892e-08
33 28 -9.5902523315940244e-08
33 33 1.6942568447339209e-04
34 2 -8.7182478171324384e-08
34 14 -7.8016292622143373e-08
34 29 -8.9023096382465028e-08
34 34 1.7633973191312458e-04
35 6 -7.8960768941504418e-08
35 24 -8.9263550494065007e-08
35 35 1.7623799396850515e-04
35 65 -1.0217813099999563e-07
36 7 -8.0071395596314205e-08
36 19 -8.7735433046576681e-08
36 36 1.8624081980432201e-04
36 66 -1.0787332213780945e-07
37 37 1.8509722803277133e-04
37 41 -1.0919525481758746e-07
37 54 -6.3879736241981612e-08
38 38 1.8340531468617188e-04
38 42 -1.1063883617238549e-07
38 53 -6.8241701101422822e-08
39 39 1.7835352196761162e-04
39 40 -1.1064002154078304e-07
39 55 -6.5287416686700166e-08
40 39 -1.1064002154078304e-07
40 40 1.8337365910983655e-04
40 58 -6.8212838878832031e-08
41 37 -1.0919525481758746e-07
41 41 1.8508855064006000e-04
41 57 -6.8019955391039237e-08
42 38 -1.1063883617238549e-07
42 42 1.7835609152846041e-04
42 56 -6.5823957110045009e-08
43 43 1.7430439538306956e-04
43 44 -1.1208604225361552e-07
43 59 -6.9248306134545159e-08
44 43 -1.1208604225361552e-07
44 44 1.7430061745825278e-04
44 52 -6.5901331714449380e-08
45 1 -8.4725048309892511e-08
45 45 1.9159369388297248e-04
45 51 -9.9826347949042182e-08
45 64 -7.7835290103891293e-08
46 9 -9.8279564596055216e-08
46 21 -9.6930044724839083e-08
46 46 1.6647929850825252e-04
46 66 -7.0136600461597056e-08
47 8 -6.6765735743834988e-08
47 15 -9.9959386539675514e-08
47 47 1.7302145281111649e-04
47 50 -9.8859099732471371e-08
48 9 -6.6736356549952675e-08
48 15 -1.0135372394039150e-07
48 48 1.8199433498885807e-04
48 51 -1.0123776511709818e-07
49 8 -9.5296753626985355e-08
49 31 -9.5146397390446026e-08
49 49 1.6624130694110556e-04
49 65 -7.4091746261160948e-08
50 47 -9.8859099732471371e-08
50 50 1.6968408393273386e-04
50 64 -1.1185253915986984e-07
50 65 -7.1634057810052958e-08
51 45 -9.9826347949042182e-08
51 48 -1.0123776511709818e-07
51 51 1.7317149028322405e-04
51 66 -7.1545983897633864e-08
52 29 -1.1016006350199669e-07
52 44 -6.5901331714449380e-08
52 52 1.5810905520888098e-04
52 60 -8.7759866180272040e-08
53 27 -9.8257350674027848e-08
53 38 -6.8241701101422822e-08
53 53 1.4754204832399456e-04
53 61 -7.8205091483890564e-08
54 26 -1.1426807142770417e-07
54 37 -6.3879736241981612e-08
54 54 1.6509884873983053e-04
54 62 -8.7443647908719222e-08
55 28 -1.1326302975752559e-07
55 39 -6.5287416686700166e-08
55 55 1.6018134579334867e-04
55 63 -8.7736075480917454e-08
56 16 -1.1286232559086649e-07
56 42 -6.5823957110045009e-08
56 56 1.5679540797544606e-04
56 61 -8.3849041779285163e-08
57 17 -1.0061370047428014e-07
57 41 -6.8019955391039237e-08
57 57 1.4546832743739054e-04
57 62 -7.5686010878123824e-08
58 18 -1.0139557853882977e-07
58 40 -6.8212838878832031e-08
58 58 1.4581142669049910e-04
58 63 -7.5025117949064233e-08
59 22 -1.0290619898428840e-07
59 43 -6.9248306134545159e-08
59 59 1.4158407407215338e-04
59 60 -7.4860727749080668e-08
60 7 -9.7927814590033624e-08
60 52 -8.7759866180272040e-08
60 59 -7.4860727749080668e-08
60 60 1.5253875675263109e-04
61 5 -9.5829321876764085e-08
61 53 -7.8205091483890564e-08
61 56 -8.3849041779285163e-08
61 61 1.5475886505460397e-04
62 3 -9.2118239756788414e-08
62 54 -8.7443647908719222e-08
62 57 -7.5686010878123824e-08
62 62 1.5249625443768014e-04
63 6 -9.5924856659843233e-08
63 55 -8.7736075480917454e-08
63 58 -7.5025117949064233e-08
63 63 1.5140379216643695e-04
64 4 -7.2445333006795217e-08
64 45 -7.7835290103891293e-08
64 50 -1.1185253915986984e-07
64 64 1.7003801579375269e-04
65 35 -1.0217813099999563e-07
65 49 -7.4091746261160948e-08
65 50 -7.1634057810052958e-08
65 65 1.4146395558341492e-04
66 36 -1.0787332213780945e-07
66 46 -7.0136600461597056e-08
66 51 -7.1545983897633864e-08
66 66 1.4253292627332005e-04
