%%MatrixMarket matrix coordinate real general
66 66 244
1 1 2.4602913362598591e-04
1 2 -1.2470447084029315e-07
1 7 -9.1022079201109909e-08
1 45 -8.4725053146765061e-08
2 1 -1.2470447084029315e-07
2 2 2.1309539148723611e-04
2 25 -7.7358607394144510e-08
2 34 -8.7182591552327466e-08
3 3 1.9409205787086718e-04
3 8 -1.1133773310660287e-07
3 20 -8.2539905420213002e-08
3 62 -9.2113948375179768e-08
4 4 1.9103050318940423e-04
4 6 -1.0138021701829259e-07
4 25 -1.0450160884106446e-07
4 64 -7.2445275949748599e-08
5 5 2.0378715704291636e-04
5 9 -1.1020727737085645e-07
5 30 -8.3029203140404304e-08
5 61 -9.5826976800298666e-08
6 4 -1.0138021701829259e-07
6 6 1.8275250657552906e-04
6 35 -7.8958983003402681e-08
6 63 -9.5922512564726152e-08
7 1 -9.1022079201109909e-08
7 7 1.9574051786340347e-04
7 36 -8.0071425248196637e-08
7 60 -9.7927881440595272e-08
8 3 -1.1133773310660287e-07
8 8 1.7135426920166337e-04
8 47 -6.6765443456160337e-08
8 49 -9.5294806320238215e-08
9 5 -1.1020727737085645e-07
9 9 1.8036894922181717e-04
9 46 -9.8279504792426339e-08
9 48 -6.6736302617971316e-08
10 10 1.9608050180844425e-04
10 19 -8.3480183019737118e-08
10 21 -8.8194159308861376e-08
11 11 2.0367483405930479e-04
11 23 -8.4499647901981098e-08
11 32 -8.6894013892767516e-08
12 12 2.0359438474441322e-04
12 24 -8.1648902841264515e-08
12 31 -8.7602663113906584e-08
13 13 1.9105208994972580e-04
13 15 -8.8850826098423028e-08
13 20 -8.6033880570736322e-08
13 30 -8.5240456655211326e-08
14 14 1.5763588629294666e-04
14 33 -7.3400653766657496e-08
14 34 -7.8016476942356217e-08
15 13 -8.8850826098423028e-08
15 15 2.1913883306906961e-04
15 47 -9.9959294720961963e-08
15 48 -1.0135366222967429e-07
16 16 2.2084084105230704e-04
16 21 -8.9746971232087508e-08
16 56 -1.1286129200606524e-07
17 17 2.0904918690039520e-04
17 23 -8.5839603351143010e-08
17 57 -1.0058987656231300e-07
18 18 2.1171457254686666e-04
18 24 -8.9534053588645064e-08
18 58 -1.0137310940754181e-07
19 10 -8.3480183019737118e-08
19 19 1.8917892944248169e-04
19 22 -9.0200643231352548e-08
19 36 -8.7735548816443160e-08
20 3 -8.2539905420213002e-08
20 13 -8.6033880570736322e-08
20 20 1.8890086455209006e-04
20 23 -9.2441275107210898e-08
21 10 -8.8194159308861376e-08
21 16 -8.9746971232087508e-08
21 21 2.0870265660071145e-04
21 46 -9.6930142600316490e-08
22 19 -9.0200643231352548e-08
22 22 2.0178607274009012e-04
22 59 -1.0290647924287673e-07
23 11 -8.4499647901981098e-08
23 17 -8.5839603351143010e-08
23 20 -9.2441275107210898e-08
23 23 1.9719983728966635e-04
24 12 -8.1648902841264515e-08
24 18 -8.9534053588645064e-08
24 24 1.9048843717406203e-04
24 35 -8.9254888153196991e-08
25 2 -7.7358607394144510e-08
25 4 -1.0450160884106446e-07
25 25 1.9184005365349257e-04
25 33 -8.7004402204336539e-08
26 26 2.3461659771976717e-04
26 31 -8.9062327976832185e-08
26 54 -1.1424364543503963e-07
27 27 1.9871776259207697e-04
27 32 -8.1423408052709495e-08
27 53 -9.8235064604586495e-08
28 28 2.1856006285673053e-04
28 33 -9.5902558130860999e-08
28 55 -1.1326200983521862e-07
29 29 2.0873359254556389e-04
29 34 -8.9023319143633622e-08
29 52 -1.1016035414688372e-07
30 5 -8.3029203140404304e-08
30 13 -8.5240456655211326e-08
30 30 1.9018866543038339e-04
30 32 -9.2639751675872018e-08
31 12 -8.7602663113906584e-08
31 26 -8.9062327976832185e-08
31 31 2.1313009747003230e-04
31 49 -9.5137669334878067e-08
32 11 -8.6894013892767516e-08
32 27 -8.1423408052709495e-08
32 30 -9.2639751675872018e-08
32 32 1.9206601344705888e-04
33 14 -7.3400653766657496e-08
33 25 -8.7004402204336539e-08
33 28 -9.5902558130860999e-08
33 33 1.6942239629753395e-04
34 2 -8.7182591552327466e-08
34 14 -7.8016476942356217e-08
34 29 -8.9023319143633622e-08
34 34 1.7633543290179228e-04
35 6 -7.8958983003402681e-08
35 24 -8.9254888153196991e-08
35 35 1.7630214879529486e-04
35 65 -1.0217561844829611e-07
36 7 -8.0071425248196637e-08
36 19 -8.7735548816443160e-08
36 36 1.8623987113468705e-04
36 66 -1.0787335902672817e-07
37 37 1.8544860502039333e-04
37 41 -1.0915975451366810e-07
37 54 -6.3863560893484261e-08
38 38 1.8363277442259569e-04
38 42 -1.1062128973616681e-07
38 53 -6.8227198331269407e-08
39 39 1.7737534532987116e-04
39 40 -1.1062252016948034e-07
39 55 -6.5284270404458660e-08
40 39 -1.1062252016948034e-07
40 40 1.8359995854059678e-04
40 58 -6.8198475221579149e-08
41 37 -1.0915975451366810e-07
41 41 1.8544256945336057e-04
41 57 -6.8001454101492183e-08
42 38 -1.1062128973616681e-07
42 42 1.7725796182673799e-04
42 56 -6.5820749132426501e-08
43 43 1.7429820540116857e-04
43 44 -1.1208642128339595e-07
43 59 -6.9248522575837747e-08
44 43 -1.1208642128339595e-07
44 44 1.7429445142696110e-04
44 52 -6.5901530038330245e-08
45 1 -8.4725053146765061e-08
45 45 1.9159370288836648e-04
45 51 -9.9826347632366342e-08
45 64 -7.7835281032279084e-08
46 9 -9.8279504792426339e-08
46 21 -9.6930142600316490e-08
46 46 1.6647877754189148e-04
46 66 -7.0136616605039219e-08
47 8 -6.6765443456160337e-08
47 15 -9.9959294720961963e-08
47 47 1.7302301219167219e-04
47 50 -9.8858997219024259e-08
48 9 -6.6736302617971316e-08
48 15 -1.0135366222967429e-07
48 48 1.8199469392993559e-04
48 51 -1.0123775519567341e-07
49 8 -9.5294806320238215e-08
49 31 -9.5137669334878067e-08
49 49 1.6630016799687230e-04
49 65 -7.4089996333803359e-08
50 47 -9.8858997219024259e-08
50 50 1.6968624388481732e-04
50 64 -1.1185245712754526e-07
50 65 -7.1633617624619795e-08
51 45 -9.9826347632366342e-08
51 48 -1.0123775519567341e-07
51 51 1.7317149336363606e-04
51 66 -7.1545988900616550e-08
52 29 -1.1016035414688372e-07
52 44 -6.5901530038330245e-08
52 52 1.5810471440565256e-04
52 60 -8.7760037509167123e-08
53 27 -9.8235064604586495e-08
53 38 -6.8227198331269407e-08
53 53 1.4779349391244557e-04
53 61 -7.8196563471078060e-08
54 26 -1.1424364543503963e-07
54 37 -6.3863560893484261e-08
54 54 1.6538090895152634e-04
54 62 -8.7431815270567565e-08
55 28 -1.1326200983521862e-07
55 39 -6.5284270404458660e-08
55 55 1.6021527730250090e-04
55 63 -8.7733454577071491e-08
56 16 -1.1286129200606524e-07
56 42 -6.5820749132426501e-08
56 56 1.5682957774715566e-04
56 61 -8.3846408158960575e-08
57 17 -1.0058987656231300e-07
57 41 -6.8001454101492183e-08
57 57 1.4574595910017701e-04
57 62 -7.5675045649120667e-08
58 18 -1.0137310940754181e-07
58 40 -6.8198475221579149e-08
58 58 1.4605544257456857e-04
58 63 -7.5017041046937172e-08
59 22 -1.0290647924287673e-07
59 43 -6.9248522575837747e-08
59 59 1.4157989671546785e-04
59 60 -7.4860877931664140e-08
60 7 -9.7927881440595272e-08
60 52 -8.7760037509167123e-08
60 59 -7.4860877931664140e-08
60 60 1.5253678987428909e-04
61 5 -9.5826976800298666e-08
61 53 -7.8196563471078060e-08
61 56 -8.3846408158960575e-08
61 61 1.5482850084954503e-04
62 3 -9.2113948375179768e-08
62 54 -8.7431815270567565e-08
62 57 -7.5675045649120667e-08
62 62 1.5262679165331620e-04
63 6 -9.5922512564726152e-08
63 55 -8.7733454577071491e-08
63 58 -7.5017041046937172e-08
63 63 1.5146868551241461e-04
64 4 -7.2445275949748599e-08
64 45 -7.7835281032279084e-08
64 50 -1.1185245712754526e-07
64 64 1.7003844229059216e-04
65 35 -1.0217561844829611e-07
65 49 -7.4089996333803359e-08
65 50 -7.1633617624619795e-08
65 65 1.4148168038001553e-04
66 36 -1.0787335902672817e-07
66 46 -7.0136616605039219e-08
66 51 -7.1545988900616550e-08
66 66 1.4253269739934147e-04
