%%MatrixMarket matrix coordinate real general
66 66 244
1 1 2.4603249649514017e-04
1 2 -1.2470390649606631e-07
1 7 -9.1021877466104413e-08
1 45 -8.4724990888215202e-08
2 1 -1.2470390649606631e-07
2 2 2.1311379515562100e-04
2 25 -7.7358002733722416e-08
2 34 -8.7180376475271250e-08
3 3 1.9363334106235885e-04
3 8 -1.1135618220249015e-07
3 20 -8.2571551598686731e-08
3 62 -9.2180502546335487e-08
4 4 1.9100272835786028e-04
4 6 -1.0138811271855404e-07
4 25 -1.0450196134019540e-07
4 64 -7.2445880824598830e-08
5 5 2.0348437087976069e-04
5 9 -1.1021632937671019e-07
5 30 -8.3057701114314801e-08
5 61 -9.5863715563348500e-08
6 4 -1.0138811271855404e-07
6 6 1.8247207111258897e-04
6 35 -7.8986264261263483e-08
6 63 -9.5959174981456204e-08
7 1 -9.1021877466104413e-08
7 7 1.9574749499123479e-04
7 36 -8.0070988450786619e-08
7 60 -9.7926838664982600e-08
8 3 -1.1135618220249015e-07
8 8 1.7117793045563236e-04
8 47 -6.6769017460530347e-08
8 49 -9.5324411520419421e-08
9 5 -1.1021632937671019e-07
9 9 1.8033964984379800e-04
9 46 -9.8280025302258256e-08
9 48 -6.6736878120629500e-08
10 10 1.9621381925641375e-04
10 19 -8.3475671872535042e-08
10 21 -8.8189812694348751e-08
11 11 2.0272457512041415e-04
11 23 -8.4893115670584005e-08
11 32 -8.7305141204333604e-08
12 12 2.0271409142309205e-04
12 24 -8.2031000317924104e-08
12 31 -8.7990786253589291e-08
13 13 1.9080517446222307e-04
13 15 -8.8856421820405438e-08
13 20 -8.6062585061029145e-08
13 30 -8.5269550667281271e-08
14 14 1.5774792987773757e-04
14 33 -7.3396636171742450e-08
14 34 -7.8011997759009071e-08
15 13 -8.8856421820405438e-08
15 15 2.1911527948752734e-04
15 47 -9.9960255490319462e-08
15 48 -1.0135430664243943e-07
16 16 2.2087580280301733e-04
16 21 -8.9744769730019829e-08
16 56 -1.1287559964981440e-07
17 17 2.0575498575254369e-04
17 23 -8.6239507601530620e-08
17 57 -1.0112894682402852e-07
18 18 2.0851329009659888e-04
18 24 -8.9950752563492569e-08
18 58 -1.0189167851757836e-07
19 10 -8.3475671872535042e-08
19 19 1.8926396732372327e-04
19 22 -9.0195726344743172e-08
19 36 -8.7733323072492854e-08
20 3 -8.2571551598686731e-08
20 13 -8.6062585061029145e-08
20 20 1.8782081811687370e-04
20 23 -9.2607872578663783e-08
21 10 -8.8189812694348751e-08
21 16 -8.9744769730019829e-08
21 21 2.0877850832154364e-04
21 46 -9.6928030805296850e-08
22 19 -9.0195726344743172e-08
22 22 2.0192452732219925e-04
22 59 -1.0290009526376739e-07
23 11 -8.4893115670584005e-08
23 17 -8.6239507601530620e-08
23 20 -9.2607872578663783e-08
23 23 1.9635316060046096e-04
24 12 -8.2031000317924104e-08
24 18 -8.9950752563492569e-08
24 24 1.8960205837461686e-04
24 35 -8.9419734324932377e-08
25 2 -7.7358002733722416e-08
25 4 -1.0450196134019540e-07
25 25 1.9185476126736621e-04
25 33 -8.7002321131361695e-08
26 26 2.3157306083596075e-04
26 31 -8.9437369174965214e-08
26 54 -1.1478308695029331e-07
27 27 1.9772069992948056e-04
27 32 -8.1813121181583861e-08
27 53 -9.8754165616763509e-08
28 28 2.1859926443097889e-04
28 33 -9.5899861846412605e-08
28 55 -1.1327610325171151e-07
29 29 2.0887447523672159e-04
29 34 -8.9018265955343492e-08
29 52 -1.1015382923736217e-07
30 5 -8.3057701114314801e-08
30 13 -8.5269550667281271e-08
30 30 1.8907296140155817e-04
30 32 -9.2810459997397408e-08
31 12 -8.7990786253589291e-08
31 26 -8.9437369174965214e-08
31 31 2.1010819730395524e-04
31 49 -9.5304398563457095e-08
32 11 -8.7305141204333604e-08
32 27 -8.1813121181583861e-08
32 30 -9.2810459997397408e-08
32 32 1.9105838101286058e-04
33 14 -7.3396636171742450e-08
33 25 -8.7002321131361695e-08
33 28 -9.5899861846412605e-08
33 33 1.6949774801406693e-04
34 2 -8.7180376475271250e-08
34 14 -7.8011997759009071e-08
34 29 -8.9018265955343492e-08
34 34 1.7642390345123268e-04
35 6 -7.8986264261263483e-08
35 24 -8.9419734324932377e-08
35 35 1.7528220601237593e-04
35 65 -1.0221419995787446e-07
36 7 -8.0070988450786619e-08
36 19 -8.7733323072492854e-08
36 36 1.8625473884753191e-04
36 66 -1.0787279559801028e-07
37 37 1.8222704562425370e-04
37 41 -1.1004084555451803e-07
37 54 -6.4237113950686150e-08
38 38 1.8123996194931792e-04
38 42 -1.1105740405484388e-07
38 53 -6.8574182778388339e-08
39 39 1.7550196298600458e-04
39 40 -1.1105779236013374e-07
39 55 -6.5350032171071959e-08
40 39 -1.1105779236013374e-07
40 40 1.8122883905377022e-04
40 58 -6.8541655649859902e-08
41 37 -1.1004084555451803e-07
41 41 1.8218916060328797e-04
41 57 -6.8428293626606202e-08
42 38 -1.1105740405484388e-07
42 42 1.7550242237966921e-04
42 56 -6.5887709422754386e-08
43 43 1.7445699835172263e-04
43 44 -1.1207669050340877e-07
43 59 -6.9243447571892281e-08
44 43 -1.1207669050340877e-07
44 44 1.7445303631758976e-04
44 52 -6.5896904640039542e-08
45 1 -8.4724990888215202e-08
45 45 1.9159368719583159e-04
45 51 -9.9826346333707669e-08
45 64 -7.7835363446794595e-08
46 9 -9.8280025302258256e-08
46 21 -9.6928030805296850e-08
46 46 1.6648927801741931e-04
46 66 -7.0136324177705300e-08
47 8 -6.6769017460530347e-08
47 15 -9.9960255490319462e-08
47 47 1.7300711707867535e-04
47 50 -9.8860082508452523e-08
48 9 -6.6736878120629500e-08
48 15 -1.0135430664243943e-07
48 48 1.8199140555989497e-04
48 51 -1.0123784360511124e-07
49 8 -9.5324411520419421e-08
49 31 -9.5304398563457095e-08
49 49 1.6536770031730090e-04
49 65 -7.4116697986019646e-08
50 47 -9.8860082508452523e-08
50 50 1.6966278216203761e-04
50 64 -1.1185332699470422e-07
50 65 -7.1639323839797689e-08
51 45 -9.9826346333707669e-08
51 48 -1.0123784360511124e-07
51 51 1.7317155860586140e-04
51 66 -7.1545918551233985e-08
52 29 -1.1015382923736217e-07
52 44 -6.5896904640039542e-08
52 52 1.5819173787572568e-04
52 60 -8.7756797747905106e-08
53 27 -9.8754165616763509e-08
53 38 -6.8574182778388339e-08
53 53 1.4433572951360344e-04
53 61 -7.8368021571094098e-08
54 26 -1.1478308695029331e-07
54 37 -6.4237113950686150e-08
54 54 1.6388004608955544e-04
54 62 -8.7653601066047692e-08
55 28 -1.1327610325171151e-07
55 39 -6.5350032171071959e-08
55 55 1.5968332408568121e-04
55 63 -8.7775840574286942e-08
56 16 -1.1287559964981440e-07
56 42 -6.5887709422754386e-08
56 56 1.5629315450680121e-04
56 61 -8.3889149699028381e-08
57 17 -1.0112894682402852e-07
57 41 -6.8428293626606202e-08
57 57 1.4365676488627396e-04
57 62 -7.5880637439857258e-08
58 18 -1.0189167851757836e-07
58 40 -6.8541655649859902e-08
58 58 1.4459657743179412e-04
58 63 -7.5178884940799842e-08
59 22 -1.0290009526376739e-07
59 43 -6.9243447571892281e-08
59 59 1.4166481664089827e-04
59 60 -7.4858014956122035e-08
60 7 -9.7926838664982600e-08
60 52 -8.7756797747905106e-08
60 59 -7.4858014956122035e-08
60 60 1.5256883677355895e-04
61 5 -9.5863715563348500e-08
61 53 -7.8368021571094098e-08
61 56 -8.3889149699028381e-08
61 61 1.5368472371603796e-04
62 3 -9.2180502546335487e-08
62 54 -8.7653601066047692e-08
62 57 -7.5880637439857258e-08
62 62 1.5240528756566696e-04
63 6 -9.5959174981456204e-08
63 55 -8.7775840574286942e-08
63 58 -7.5178884940799842e-08
63 63 1.5040631010935539e-04
64 4 -7.2445880824598830e-08
64 45 -7.7835363446794595e-08
64 50 -1.1185332699470422e-07
64 64 1.7003450522140996e-04
65 35 -1.0221419995787446e-07
65 49 -7.4116697986019646e-08
65 50 -7.1639323839797689e-08
65 65 1.4124772504859061e-04
66 36 -1.0787279559801028e-07
66 46 -7.0136324177705300e-08
66 51 -7.1545918551233985e-08
66 66 1.4253580995490824e-04
