%%MatrixMarket matrix coordinate real general
66 66 244
1 1 5.6904557769479959e-05
1 2 -1.3253499307688254e-05
1 7 -9.6786102672760150e-06
1 45 -9.3660826261817041e-06
2 1 -1.3253499307688254e-05
2 2 5.2240879727782661e-05
2 25 -8.1494554612120036e-06
2 34 -9.2539224949826930e-06
3 3 5.6768461400956819e-05
3 8 -1.3949325920939737e-05
3 20 -1.0322002970651818e-05
3 62 -1.1784186811431964e-05
4 4 5.0558693204608325e-05
4 6 -1.1432212981403692e-05
4 25 -1.1598072855916710e-05
4 64 -8.1400482249348588e-06
5 5 5.3626581579622573e-05
5 9 -1.2523945339790299e-05
5 30 -9.8400342742616403e-06
5 61 -1.0807177904537732e-05
6 4 -1.1432212981403692e-05
6 6 4.9803524452336828e-05
6 35 -9.2904810237744699e-06
6 63 -1.0720852080899105e-05
7 1 -9.6786102672760150e-06
7 7 4.8176296038366409e-05
7 36 -8.3917834663496152e-06
7 60 -1.0283756406422676e-05
8 3 -1.3949325920939737e-05
8 8 5.2187196986219234e-05
8 47 -8.2762139116430206e-06
8 49 -1.1670705295467788e-05
9 5 -1.2523945339790299e-05
9 9 4.9305823432585643e-05
9 46 -1.0997189887830769e-05
9 48 -7.5067690730983242e-06
10 10 5.5451826827395628e-05
10 19 -8.4812722574809784e-06
10 21 -9.0763559171134060e-06
11 11 5.2774300617405819e-05
11 23 -8.8596961227022972e-06
11 32 -9.0953057867368420e-06
12 12 5.2190227773673932e-05
12 24 -8.4975293120900709e-06
12 31 -9.1415022913280588e-06
13 13 5.1577901250855274e-05
13 15 -1.0726354206184261e-05
13 20 -1.0685581442219879e-05
13 30 -1.0243771686320227e-05
14 14 5.3731576115629938e-05
14 33 -7.5272939323134610e-06
14 34 -7.8938752404663542e-06
15 13 -1.0726354206184261e-05
15 15 5.7295574654497421e-05
15 47 -1.1801778829999656e-05
15 48 -1.1953813210204995e-05
16 16 5.8281477668735471e-05
16 21 -9.1816676196409389e-06
16 56 -1.1417996398181873e-05
17 17 5.8374651306510969e-05
17 23 -9.6455593763889656e-06
17 57 -1.1272616075134153e-05
18 18 5.0924873838214139e-05
18 24 -8.7411526201706228e-06
18 58 -9.7871806736978990e-06
19 10 -8.4812722574809784e-06
19 19 4.5608918447547075e-05
19 22 -9.1895115192936187e-06
19 36 -9.2018672717497981e-06
20 3 -1.0322002970651818e-05
20 13 -1.0685581442219879e-05
20 20 5.2790963538295437e-05
20 23 -1.1950083930803995e-05
21 10 -9.0763559171134060e-06
21 16 -9.1816676196409389e-06
21 21 4.9160070718645970e-05
21 46 -1.0261231250635786e-05
22 19 -9.1895115192936187e-06
22 22 5.7953127896233513e-05
22 59 -1.0385746559970207e-05
23 11 -8.8596961227022972e-06
23 17 -9.6455593763889656e-06
23 20 -1.1950083930803995e-05
23 23 5.1763241793240349e-05
24 12 -8.4975293120900709e-06
24 18 -8.7411526201706228e-06
24 24 4.7823056405997257e-05
24 35 -1.1003673564966057e-05
25 2 -8.1494554612120036e-06
25 4 -1.1598072855916710e-05
25 25 4.7812239319642590e-05
25 33 -9.1445256348613418e-06
26 26 6.0530386745168962e-05
26 31 -1.0035376594540591e-05
26 54 -1.2841611329665144e-05
27 27 4.9815618773791811e-05
27 32 -7.9431357226271610e-06
27 53 -9.4709379983337592e-06
28 28 5.8816569201892658e-05
28 33 -9.7772797535923209e-06
28 55 -1.1489061080828259e-05
29 29 5.8597685796542772e-05
29 34 -9.0359754257086825e-06
29 52 -1.1137218828041276e-05
30 5 -9.8400342742616403e-06
30 13 -1.0243771686320227e-05
30 30 5.0803188120304993e-05
30 32 -1.1456670366051044e-05
31 12 -9.1415022913280588e-06
31 26 -1.0035376594540591e-05
31 31 5.4157376574336150e-05
31 49 -1.2235119606548560e-05
32 11 -9.0953057867368420e-06
32 27 -7.9431357226271610e-06
32 30 -1.1456670366051044e-05
32 32 4.8274698313397157e-05
33 14 -7.5272939323134610e-06
33 25 -9.1445256348613418e-06
33 28 -9.7772797535923209e-06
33 33 4.3155864513039196e-05
34 2 -9.2539224949826930e-06
34 14 -7.8938752404663542e-06
34 29 -9.0359754257086825e-06
34 34 4.3560804740662254e-05
35 6 -9.2904810237744699e-06
35 24 -1.1003673564966057e-05
35 35 5.0417086970578636e-05
35 65 -1.2229561501206385e-05
36 7 -8.3917834663496152e-06
36 19 -9.2018672717497981e-06
36 36 4.7723589633537081e-05
36 66 -1.1557842444525708e-05
37 37 6.1492579835455014e-05
37 41 -1.3250629934262386e-05
37 54 -7.7674160569526353e-06
38 38 4.4458287699683081e-05
38 42 -9.3553641208244338e-06
38 53 -5.9701602924986072e-06
39 39 4.2951015909002227e-05
39 40 -9.3507520672599732e-06
39 55 -6.2352430622412703e-06
40 39 -9.3507520672599732e-06
40 40 4.4440233534043145e-05
40 58 -5.9679277733838346e-06
41 37 -1.3250629934262386e-05
41 41 6.2125547964127245e-05
41 57 -8.2905182139854326e-06
42 38 -9.3553641208244338e-06
42 42 4.3017090543054423e-05
42 56 -6.2682190751275270e-06
43 43 5.5533930519743336e-05
43 44 -1.1199317139478601e-05
43 59 -6.9982635063552634e-06
44 43 -1.1199317139478601e-05
44 44 5.5200376353948562e-05
44 52 -6.6713927035424582e-06
45 1 -9.3660826261817041e-06
45 45 4.8732948901883718e-05
45 51 -1.1059055022941200e-05
45 64 -8.7662081759989751e-06
46 9 -1.0997189887830769e-05
46 21 -1.0261231250635786e-05
46 46 4.5006330954895138e-05
46 66 -7.4080704327581002e-06
47 8 -8.2762139116430206e-06
47 15 -1.1801778829999656e-05
47 47 4.9550705258125322e-05
47 50 -1.1665129299474244e-05
48 9 -7.5067690730983242e-06
48 15 -1.1953813210204995e-05
48 48 4.9390498865185895e-05
48 51 -1.1406883814250932e-05
49 8 -1.1670705295467788e-05
49 31 -1.2235119606548560e-05
49 49 5.0317884366441189e-05
49 65 -9.0762264559956139e-06
50 47 -1.1665129299474244e-05
50 50 5.0977172981312220e-05
50 64 -1.3062115409924542e-05
50 65 -8.6146671493531814e-06
51 45 -1.1059055022941200e-05
51 48 -1.1406883814250932e-05
51 51 4.7943622713827211e-05
51 66 -7.9352409844270455e-06
52 29 -1.1137218828041276e-05
52 44 -6.6713927035424582e-06
52 52 4.2514520419107243e-05
52 60 -8.9464785054093838e-06
53 27 -9.4709379983337592e-06
53 38 -5.9701602924986072e-06
53 53 3.7539086229761952e-05
53 61 -8.6726913747304806e-06
54 26 -1.2841611329665144e-05
54 37 -7.7674160569526353e-06
54 54 4.9962087170264788e-05
54 62 -1.1486230737706671e-05
55 28 -1.1489061080828259e-05
55 39 -6.2352430622412703e-06
55 55 4.2147548755117411e-05
55 63 -9.4310789664767054e-06
56 16 -1.1417996398181873e-05
56 42 -6.2682190751275270e-06
56 56 4.1291879481686332e-05
56 61 -9.0855485461046850e-06
57 17 -1.1272616075134153e-05
57 41 -8.2905182139854326e-06
57 57 4.5344427680926892e-05
57 62 -9.9677261018236913e-06
58 18 -9.7871806736978990e-06
58 40 -5.9679277733838346e-06
58 58 3.7395713046671624e-05
58 63 -8.3241772166834550e-06
59 22 -1.0385746559970207e-05
59 43 -6.9982635063552634e-06
59 59 3.9099061631195400e-05
59 60 -7.6303985256276441e-06
60 7 -1.0283756406422676e-05
60 52 -8.9464785054093838e-06
60 59 -7.6303985256276441e-06
60 60 4.1964165533401785e-05
61 5 -1.0807177904537732e-05
61 53 -8.6726913747304806e-06
61 56 -9.0855485461046850e-06
61 61 4.3351067429304299e-05
62 3 -1.1784186811431964e-05
62 54 -1.1486230737706671e-05
62 57 -9.9677261018236913e-06
62 62 4.9508863632501181e-05
63 6 -1.0720852080899105e-05
63 55 -9.4310789664767054e-06
63 58 -8.3241772166834550e-06
63 63 4.2804278099425350e-05
64 4 -8.1400482249348588e-06
64 45 -8.7662081759989751e-06
64 50 -1.3062115409924542e-05
64 64 4.7250980842715015e-05
65 35 -1.2229561501206385e-05
65 49 -9.0762264559956139e-06
65 50 -8.6146671493531814e-06
65 65 4.4769208223865340e-05
66 36 -1.1557842444525708e-05
66 46 -7.4080704327581002e-06
66 51 -7.9352409844270455e-06
66 66 4.1263693074765284e-05
