%%MatrixMarket matrix coordinate real general
66 66 244
1 1 5.7143126687758616e-05
1 2 -1.3304133704922791e-05
1 7 -9.7157792142291169e-06
1 45 -9.4030590021321151e-06
2 1 -1.3304133704922791e-05
2 2 5.2410553491605563e-05
2 25 -8.2064146299007013e-06
2 34 -9.2751203574708364e-06
3 3 5.6948077541826066e-05
3 8 -1.3988134623393204e-05
3 20 -1.0353375520460509e-05
3 62 -1.1820097930352465e-05
4 4 5.0879591107498973e-05
4 6 -1.1522948901935840e-05
4 25 -1.1664633934859944e-05
4 64 -8.1914924919632622e-06
5 5 5.4041565507993514e-05
5 9 -1.2615114294003758e-05
5 30 -9.9120703725183486e-06
5 61 -1.0897256753107494e-05
6 4 -1.1522948901935840e-05
6 6 5.0229790979776682e-05
6 35 -9.3653928370399422e-06
6 63 -1.0818530895286417e-05
7 1 -9.7157792142291169e-06
7 7 4.8304160673119832e-05
7 36 -8.4187239105370190e-06
7 60 -1.0305316454609533e-05
8 3 -1.3988134623393204e-05
8 8 5.2357428185820453e-05
8 47 -8.2964673420365042e-06
8 49 -1.1736468296524083e-05
9 5 -1.2615114294003758e-05
9 9 4.9605165613980805e-05
9 46 -1.1056120378315931e-05
9 48 -7.5553163984339035e-06
10 10 5.5678709023025307e-05
10 19 -8.5084267937998547e-06
10 21 -9.1265821179962186e-06
11 11 5.4183719722318445e-05
11 23 -9.0747897404861939e-06
11 32 -9.3275323078257297e-06
12 12 5.3589676492281333e-05
12 24 -8.7150705648165298e-06
12 31 -9.3626601489440945e-06
13 13 5.1828281693337594e-05
13 15 -1.0773886811891094e-05
13 20 -1.0732172788701314e-05
13 30 -1.0293522203459732e-05
14 14 5.3976669146041067e-05
14 33 -7.5670466739208162e-06
14 34 -7.9267225263208286e-06
15 13 -1.0773886811891094e-05
15 15 5.7551610888109065e-05
15 47 -1.1865637578624003e-05
15 48 -1.2001594975101199e-05
16 16 5.8881792140183574e-05
16 21 -9.2410135744441185e-06
16 56 -1.1574986480981786e-05
17 17 5.9808401032964019e-05
17 23 -9.8572727844626689e-06
17 57 -1.1523547253846700e-05
18 18 5.2178263671987524e-05
18 24 -8.9433546583769553e-06
18 58 -1.0042350562263586e-05
19 10 -8.5084267937998547e-06
19 19 4.5752561131134022e-05
19 22 -9.2153628041464453e-06
19 36 -9.2331705519024835e-06
20 3 -1.0353375520460509e-05
20 13 -1.0732172788701314e-05
20 20 5.2994873215867969e-05
20 23 -1.1973973800905580e-05
21 10 -9.1265821179962186e-06
21 16 -9.2410135744441185e-06
21 21 4.9480231181675712e-05
21 46 -1.0341766892066660e-05
22 19 -9.2153628041464453e-06
22 22 5.8046234217780227e-05
22 59 -1.0397588983891302e-05
23 11 -9.0747897404861939e-06
23 17 -9.8572727844626689e-06
23 20 -1.1973973800905580e-05
23 23 5.2257902986009856e-05
24 12 -8.7150705648165298e-06
24 18 -8.9433546583769553e-06
24 24 4.8683447833942789e-05
24 35 -1.1139181073010376e-05
25 2 -8.2064146299007013e-06
25 4 -1.1664633934859944e-05
25 25 4.8164311246348974e-05
25 33 -9.2139599738617245e-06
26 26 6.1978730077685016e-05
26 31 -1.0252593733633836e-05
26 54 -1.3121480684295240e-05
27 27 5.1012134369788319e-05
27 32 -8.1215983888365424e-06
27 53 -9.7135139601865608e-06
28 28 5.9407876888370315e-05
28 33 -9.8376008514143680e-06
28 55 -1.1643075222045486e-05
29 29 5.8700165118518661e-05
29 34 -9.0691513666998604e-06
29 52 -1.1149129999306097e-05
30 5 -9.9120703725183486e-06
30 13 -1.0293522203459732e-05
30 30 5.1220140663250708e-05
30 32 -1.1592092296872360e-05
31 12 -9.3626601489440945e-06
31 26 -1.0252593733633836e-05
31 31 5.4691103111433517e-05
31 49 -1.2267750887194253e-05
32 11 -9.3275323078257297e-06
32 27 -8.1215983888365424e-06
32 30 -1.1592092296872360e-05
32 32 4.9118516410646145e-05
33 14 -7.5670466739208162e-06
33 25 -9.2139599738617245e-06
33 28 -9.8376008514143680e-06
33 33 4.3417230110779635e-05
34 2 -9.2751203574708364e-06
34 14 -7.9267225263208286e-06
34 29 -9.0691513666998604e-06
34 34 4.3727172690058654e-05
35 6 -9.3653928370399422e-06
35 24 -1.1139181073010376e-05
35 35 5.0848199006402400e-05
35 65 -1.2287713071783630e-05
36 7 -8.4187239105370190e-06
36 19 -9.2331705519024835e-06
36 36 4.7905110151998399e-05
36 66 -1.1610635571302477e-05
37 37 6.2550979110005816e-05
37 41 -1.3472355627164433e-05
37 54 -7.8822266179354598e-06
38 38 4.4901204227272391e-05
38 42 -9.4877730650204805e-06
38 53 -6.0391814854960303e-06
39 39 4.4145814789509312e-05
39 40 -9.4829871591794357e-06
39 55 -6.3559334544964680e-06
40 39 -9.4829871591794357e-06
40 40 4.4880966094804630e-05
40 58 -6.0363992279044196e-06
41 37 -1.3472355627164433e-05
41 41 6.3173634333527355e-05
41 57 -8.4121830446937738e-06
42 38 -9.4877730650204805e-06
42 42 4.4212566770194798e-05
42 56 -6.3916286047475048e-06
43 43 5.5561260341823036e-05
43 44 -1.1204493536437189e-05
43 59 -7.0051900700326642e-06
44 43 -1.1204493536437189e-05
44 44 5.5228847180917250e-05
44 52 -6.6775664882384658e-06
45 1 -9.4030590021321151e-06
45 45 4.8950862019062079e-05
45 51 -1.1104343432175831e-05
45 64 -8.8199264052677530e-06
46 9 -1.1056120378315931e-05
46 21 -1.0341766892066660e-05
46 46 4.5347301816783044e-05
46 66 -7.4652543862682382e-06
47 8 -8.2964673420365042e-06
47 15 -1.1865637578624003e-05
47 47 4.9824638576960302e-05
47 50 -1.1730334681474447e-05
48 9 -7.5553163984339035e-06
48 15 -1.2001594975101199e-05
48 48 4.9696061887391296e-05
48 51 -1.1479772696536106e-05
49 8 -1.1736468296524083e-05
49 31 -1.2267750887194253e-05
49 49 5.0596844299513537e-05
49 65 -9.1301027799707583e-06
50 47 -1.1730334681474447e-05
50 50 5.1048858980640113e-05
50 64 -1.3127383647286353e-05
50 65 -8.6520483400155735e-06
51 45 -1.1104343432175831e-05
51 48 -1.1479772696536106e-05
51 51 4.8180288774577658e-05
51 66 -7.9689176783495705e-06
52 29 -1.1149129999306097e-05
52 44 -6.6775664882384658e-06
52 52 4.2572971547229655e-05
52 60 -8.9698012938644721e-06
53 27 -9.7135139601865608e-06
53 38 -6.0391814854960303e-06
53 53 3.8631969582118535e-05
53 61 -8.9478752569671934e-06
54 26 -1.3121480684295240e-05
54 37 -7.8822266179354598e-06
54 54 5.0331181670746531e-05
54 62 -1.1480565155162874e-05
55 28 -1.1643075222045486e-05
55 39 -6.3559334544964680e-06
55 55 4.2853818669751068e-05
55 63 -9.5664514755585692e-06
56 16 -1.1574986480981786e-05
56 42 -6.3916286047475048e-06
56 56 4.1916518649700888e-05
56 61 -9.2111340164903240e-06
57 17 -1.1523547253846700e-05
57 41 -8.4121830446937738e-06
57 57 4.5646503122547913e-05
57 62 -9.9612985608705336e-06
58 18 -1.0042350562263586e-05
58 40 -6.0363992279044196e-06
58 58 3.8477826342681366e-05
58 63 -8.5869160806413867e-06
59 22 -1.0397588983891302e-05
59 43 -7.0051900700326642e-06
59 59 3.9154586594669572e-05
59 60 -7.6505205928015973e-06
60 7 -1.0305316454609533e-05
60 52 -8.9698012938644721e-06
60 59 -7.6505205928015973e-06
60 60 4.2076050019144983e-05
61 5 -1.0897256753107494e-05
61 53 -8.9478752569671934e-06
61 56 -9.2111340164903240e-06
61 61 4.4053698905239746e-05
62 3 -1.1820097930352465e-05
62 54 -1.1480565155162874e-05
62 57 -9.9612985608705336e-06
62 62 4.9596041932726901e-05
63 6 -1.0818530895286417e-05
63 55 -9.5664514755585692e-06
63 58 -8.5869160806413867e-06
63 63 4.3517659782380270e-05
64 4 -8.1914924919632622e-06
64 45 -8.8199264052677530e-06
64 50 -1.3127383647286353e-05
64 64 4.7543848080333623e-05
65 35 -1.2287713071783630e-05
65 49 -9.1301027799707583e-06
65 50 -8.6520483400155735e-06
65 65 4.4986854216893339e-05
66 36 -1.1610635571302477e-05
66 46 -7.4652543862682382e-06
66 51 -7.9689176783495705e-06
66 66 4.1481069055923094e-05
