%%MatrixMarket matrix coordinate real general
66 66 244
1 1 5.6861585514474995e-05
1 2 -1.3244236394735078e-05
1 7 -9.6718168397529056e-06
1 45 -9.3593270780917562e-06
2 1 -1.3244236394735078e-05
2 2 5.2208720012199736e-05
2 25 -8.1391918641497843e-06
2 34 -9.2499934824075188e-06
3 3 5.6734738724689068e-05
3 8 -1.3942242416182784e-05
3 20 -1.0316256855663186e-05
3 62 -1.1777281847716175e-05
4 4 5.0500211949708782e-05
4 6 -1.1415816414096253e-05
4 25 -1.1585953735007384e-05
4 64 -8.1306767979899472e-06
5 5 5.3623258431954796e-05
5 9 -1.2507459121505346e-05
5 30 -9.8273450446024203e-06
5 61 -1.0790771186541094e-05
6 4 -1.1415816414096253e-05
6 6 4.9725289878230200e-05
6 35 -9.2772987751139526e-06
6 63 -1.0703094828939803e-05
7 1 -9.6718168397529056e-06
7 7 4.8152803981045932e-05
7 36 -8.3868331871239346e-06
7 60 -1.0279789642789610e-05
8 3 -1.3942242416182784e-05
8 8 5.2156237003041182e-05
8 47 -8.2725501003588430e-06
8 49 -1.1658635429914062e-05
9 5 -1.2507459121505346e-05
9 9 4.9249994856083950e-05
9 46 -1.0986473532936259e-05
9 48 -7.4979071693424578e-06
10 10 5.5410785437038752e-05
10 19 -8.4762928230043948e-06
10 21 -9.0671256683437898e-06
11 11 5.2536916934505483e-05
11 23 -8.8247398110686352e-06
11 32 -9.0571298450021547e-06
12 12 5.1965921246711283e-05
12 24 -8.4618383060840391e-06
12 31 -9.1056261186501924e-06
13 13 5.1532086777101164e-05
13 15 -1.0717672382005894e-05
13 20 -1.0677005251354708e-05
13 30 -1.0234728496416171e-05
14 14 5.3685891843744924e-05
14 33 -7.5199897071367145e-06
14 34 -7.8878954362018889e-06
15 13 -1.0717672382005894e-05
15 15 5.7248801588710744e-05
15 47 -1.1790004577221429e-05
15 48 -1.1945133126245902e-05
16 16 5.8172462999980665e-05
16 21 -9.1707212654140514e-06
16 56 -1.1390208260440019e-05
17 17 5.8142908379402060e-05
17 23 -9.6095928149343085e-06
17 57 -1.1230165209356848e-05
18 18 5.0729928663626625e-05
18 24 -8.7094836295362625e-06
18 58 -9.7467320403645253e-06
19 10 -8.4762928230043948e-06
19 19 4.5583434680259960e-05
19 22 -9.1847721729819128e-06
19 36 -9.1961218560193543e-06
20 3 -1.0316256855663186e-05
20 13 -1.0677005251354708e-05
20 20 5.2750307185688001e-05
20 23 -1.1944288881918096e-05
21 10 -9.0671256683437898e-06
21 16 -9.1707212654140514e-06
21 21 4.9100696438443455e-05
21 46 -1.0246739028541893e-05
22 19 -9.1847721729819128e-06
22 22 5.7935841700836586e-05
22 59 -1.0383550493949033e-05
23 11 -8.8247398110686352e-06
23 17 -9.6095928149343085e-06
23 20 -1.1944288881918096e-05
23 23 5.1674926771242574e-05
24 12 -8.4618383060840391e-06
24 18 -8.7094836295362625e-06
24 24 4.7664699056796048e-05
24 35 -1.0975648242487781e-05
25 2 -8.1391918641497843e-06
25 4 -1.1585953735007384e-05
25 25 4.7750707954128834e-05
25 33 -9.1320109990939510e-06
26 26 6.0287890801013751e-05
26 31 -9.9983108840665960e-06
26 54 -1.2794073592033005e-05
27 27 4.9628064893288070e-05
27 32 -7.9153353247302882e-06
27 53 -9.4326176755853946e-06
28 28 5.8709685779816109e-05
28 33 -9.7661513849173913e-06
28 55 -1.1461617151536595e-05
29 29 5.8578678948178719e-05
29 34 -9.0299326455289427e-06
29 52 -1.1135006090366761e-05
30 5 -9.8273450446024203e-06
30 13 -1.0234728496416171e-05
30 30 5.0720201725825621e-05
30 32 -1.1428586310305077e-05
31 12 -9.1056261186501924e-06
31 26 -9.9983108840665960e-06
31 31 5.4061231169768267e-05
31 49 -1.2227550678054800e-05
32 11 -9.0571298450021547e-06
32 27 -7.9153353247302882e-06
32 30 -1.1428586310305077e-05
32 32 4.8119157643916805e-05
33 14 -7.5199897071367145e-06
33 25 -9.1320109990939510e-06
33 28 -9.7661513849173913e-06
33 33 4.3106365552553177e-05
34 2 -9.2499934824075188e-06
34 14 -7.8878954362018889e-06
34 29 -9.0299326455289427e-06
34 34 4.3530407874755507e-05
35 6 -9.2772987751139526e-06
35 24 -1.0975648242487781e-05
35 35 5.0336615111703103e-05
35 65 -1.2219096864565454e-05
36 7 -8.3868331871239346e-06
36 19 -9.1961218560193543e-06
36 36 4.7692150679039033e-05
36 66 -1.1548211990021261e-05
37 37 6.1301047905295848e-05
37 41 -1.3211427095475879e-05
37 54 -7.7471592712949211e-06
38 38 4.4399654153964130e-05
38 42 -9.3373720446790870e-06
38 53 -5.9598629495531494e-06
39 39 4.2778370448338993e-05
39 40 -9.3327879328181005e-06
39 55 -6.2152993816891644e-06
40 39 -9.3327879328181005e-06
40 40 4.4381957523706694e-05
40 58 -5.9577055172694922e-06
41 37 -1.3211427095475879e-05
41 41 6.1934473783666928e-05
41 57 -8.2690116024873915e-06
42 38 -9.3373720446790870e-06
42 42 4.2844841786389345e-05
42 56 -6.2479167650754915e-06
43 43 5.5528875156305654e-05
43 44 -1.1198361058940426e-05
43 59 -6.9969787947433951e-06
44 43 -1.1198361058940426e-05
44 44 5.5195113086148480e-05
44 52 -6.6702469798130199e-06
45 1 -9.3593270780917562e-06
45 45 4.8693076945785053e-05
45 51 -1.1050762644979603e-05
45 64 -8.7564256621833308e-06
46 9 -1.0986473532936259e-05
46 21 -1.0246739028541893e-05
46 46 4.4944567394251864e-05
46 66 -7.3977960717378660e-06
47 8 -8.2725501003588430e-06
47 15 -1.1790004577221429e-05
47 47 4.9503345862776349e-05
47 50 -1.1653099792914412e-05
48 9 -7.4979071693424578e-06
48 15 -1.1945133126245902e-05
48 48 4.9334676502303407e-05
48 51 -1.1393579434635634e-05
49 8 -1.1658635429914062e-05
49 31 -1.2227550678054800e-05
49 49 5.0264881805944540e-05
49 65 -9.0663374647468030e-06
50 47 -1.1653099792914412e-05
50 50 5.0930168135482332e-05
50 64 -1.3050238966715309e-05
50 65 -8.6078888653239172e-06
51 45 -1.1050762644979603e-05
51 48 -1.1393579434635634e-05
51 51 4.7899942133457115e-05
51 66 -7.9290793990763468e-06
52 29 -1.1135006090366761e-05
52 44 -6.6702469798130199e-06
52 52 4.2503736930800456e-05
52 60 -8.9422191718092314e-06
53 27 -9.4326176755853946e-06
53 38 -5.9598629495531494e-06
53 53 3.7346319192203408e-05
53 61 -8.6216636199581131e-06
54 26 -1.2794073592033005e-05
54 37 -7.7471592712949211e-06
54 54 4.9898848336061252e-05
54 62 -1.1487200918701890e-05
55 28 -1.1461617151536595e-05
55 39 -6.2152993816891644e-06
55 55 4.2028836125946418e-05
55 63 -9.4062497916702205e-06
56 16 -1.1390208260440019e-05
56 42 -6.2479167650754915e-06
56 56 4.1182792815705420e-05
56 61 -9.0622930279109236e-06
57 17 -1.1230165209356848e-05
57 41 -8.2690116024873915e-06
57 57 4.5285433524220792e-05
57 62 -9.9688296340794007e-06
58 18 -9.7467320403645253e-06
58 40 -5.9577055172694922e-06
58 58 3.7202755692454462e-05
58 63 -8.2753295883906283e-06
59 22 -1.0383550493949033e-05
59 43 -6.9969787947433951e-06
59 59 3.9088819085619767e-05
59 60 -7.6267239594687374e-06
60 7 -1.0279789642789610e-05
60 52 -8.9422191718092314e-06
60 59 -7.6267239594687374e-06
60 60 4.1944651408027112e-05
61 5 -1.0790771186541094e-05
61 53 -8.6216636199581131e-06
61 56 -9.0622930279109236e-06
61 61 4.3217275163178229e-05
62 3 -1.1777281847716175e-05
62 54 -1.1487200918701890e-05
62 57 -9.9688296340794007e-06
62 62 4.9491766439207271e-05
63 6 -1.0703094828939803e-05
63 55 -9.4062497916702205e-06
63 58 -8.2753295883906283e-06
63 63 4.2667740793926788e-05
64 4 -8.1306767979899472e-06
64 45 -8.7564256621833308e-06
64 50 -1.3050238966715309e-05
64 64 4.7197539275312369e-05
65 35 -1.2219096864565454e-05
65 49 -9.0663374647468030e-06
65 50 -8.6078888653239172e-06
65 65 4.4728569943132846e-05
66 36 -1.1548211990021261e-05
66 46 -7.3977960717378660e-06
66 51 -7.9290793990763468e-06
66 66 4.1225644665402013e-05
