%%MatrixMarket matrix coordinate real general
66 66 244
1 1 5.6705543651145064e-05
1 2 -1.3210650366527655e-05
1 7 -9.6472043318872893e-06
1 45 -9.3347667546317996e-06
2 1 -1.3210650366527655e-05
2 2 5.2091769711935377e-05
2 25 -8.1023912587839112e-06
2 34 -9.2355535139572154e-06
3 3 5.6612898229494655e-05
3 8 -1.3916594798153981e-05
3 20 -1.0295401333159652e-05
3 62 -1.1751359396210297e-05
4 4 5.0288510359475659e-05
4 6 -1.1356816009483081e-05
4 25 -1.1542036777849760e-05
4 64 -8.0968580907210187e-06
5 5 5.3489497106064654e-05
5 9 -1.2447987738774350e-05
5 30 -9.7825308950201660e-06
5 61 -1.0731049700911668e-05
6 4 -1.1356816009483081e-05
6 6 4.9443645729768776e-05
6 35 -9.2307416906535958e-06
6 63 -1.0638712908900689e-05
7 1 -9.6472043318872893e-06
7 7 4.8067257990119074e-05
7 36 -8.3688223515233000e-06
7 60 -1.0265362974100442e-05
8 3 -1.3916594798153981e-05
8 8 5.2045983275753185e-05
8 47 -8.2593588509725375e-06
8 49 -1.1614889133022194e-05
9 5 -1.2447987738774350e-05
9 9 4.9054755407629537e-05
9 46 -1.0947661361114367e-05
9 48 -7.4659682886750441e-06
10 10 5.5255816789895836e-05
10 19 -8.4581915760925914e-06
10 21 -9.0335976357883948e-06
11 11 5.1770786876670052e-05
11 23 -8.7075140332903286e-06
11 32 -8.9279547614454745e-06
12 12 5.1219308797700354e-05
12 24 -8.3414363735669471e-06
12 31 -8.9856538434690536e-06
13 13 5.1365973161320300e-05
13 15 -1.0686249870919852e-05
13 20 -1.0645788823132958e-05
13 30 -1.0202145049670208e-05
14 14 5.3517466641960237e-05
14 33 -7.4933772715500525e-06
14 34 -7.8662672576131880e-06
15 13 -1.0686249870919852e-05
15 15 5.7079370557974557e-05
15 47 -1.1747249832269843e-05
15 48 -1.1913710061673160e-05
16 16 5.7773812498871816e-05
16 21 -9.1308685237507833e-06
16 56 -1.1291653208884465e-05
17 17 5.7306887730639415e-05
17 23 -9.4855636186767270e-06
17 57 -1.1084279591375065e-05
18 18 5.0101101889757970e-05
18 24 -8.6054312461451678e-06
18 58 -9.6130820201098143e-06
19 10 -8.4581915760925914e-06
19 19 4.5489178793452440e-05
19 22 -9.1675414137379716e-06
19 36 -9.1752255166405988e-06
20 3 -1.0295401333159652e-05
20 13 -1.0645788823132958e-05
20 20 5.2601152630364788e-05
20 23 -1.1919296285492455e-05
21 10 -9.0335976357883948e-06
21 16 -9.1308685237507833e-06
21 21 4.8885080678894464e-05
21 46 -1.0194806681346507e-05
22 19 -9.1675414137379716e-06
22 22 5.7872665604800745e-05
22 59 -1.0375504749895633e-05
23 11 -8.7075140332903286e-06
23 17 -9.4855636186767270e-06
23 20 -1.1919296285492455e-05
23 23 5.1356342225855870e-05
24 12 -8.3414363735669471e-06
24 18 -8.6054312461451678e-06
24 24 4.7089213990888407e-05
24 35 -1.0866167146210661e-05
25 2 -8.1023912587839112e-06
25 4 -1.1542036777849760e-05
25 25 4.7520882723768808e-05
25 33 -9.0871214279711374e-06
26 26 5.9436135945360978e-05
26 31 -9.8701915163947268e-06
26 54 -1.2630381405155628e-05
27 27 4.9030268421186506e-05
27 32 -7.8242455635045976e-06
27 53 -9.3062136817741372e-06
28 28 5.8315914685088413e-05
28 33 -9.7255099562834481e-06
28 55 -1.1363632053879412e-05
29 29 5.8509162621597820e-05
29 34 -9.0080672785454031e-06
29 52 -1.1126881417103653e-05
30 5 -9.7825308950201660e-06
30 13 -1.0202145049670208e-05
30 30 5.0436527001457288e-05
30 32 -1.1318644611754209e-05
31 12 -8.9856538434690536e-06
31 26 -9.8701915163947268e-06
31 31 5.3712631370299734e-05
31 49 -1.2195566802411547e-05
32 11 -8.9279547614454745e-06
32 27 -7.8242455635045976e-06
32 30 -1.1318644611754209e-05
32 32 4.7552950623830598e-05
33 14 -7.4933772715500525e-06
33 25 -9.0871214279711374e-06
33 28 -9.7255099562834481e-06
33 33 4.2926312324454604e-05
34 2 -9.2355535139572154e-06
34 14 -7.8662672576131880e-06
34 29 -9.0080672785454031e-06
34 34 4.3423492836194619e-05
35 6 -9.2307416906535958e-06
35 24 -1.0866167146210661e-05
35 35 5.0046118617655156e-05
35 65 -1.2181502600141314e-05
36 7 -8.3688223515233000e-06
36 19 -9.1752255166405988e-06
36 36 4.7575004276394117e-05
36 66 -1.1513233051447438e-05
37 37 6.0645482871372850e-05
37 41 -1.3072521117101388e-05
37 54 -7.6754744332972124e-06
38 38 4.4228068040159746e-05
38 42 -9.2839824074803378e-06
38 53 -5.9266348829868775e-06
39 39 4.2243703003742861e-05
39 40 -9.2794541414153174e-06
39 55 -6.1475503981787461e-06
40 39 -9.2794541414153174e-06
40 40 4.4211329589108786e-05
40 58 -5.9247010871379025e-06
41 37 -1.3072521117101388e-05
41 41 6.1278683068670845e-05
41 57 -8.1928325589164180e-06
42 38 -9.2839824074803378e-06
42 42 4.2310434281968283e-05
42 56 -6.1793085451804725e-06
43 43 5.5510382897893719e-05
43 44 -1.1194866997317391e-05
43 59 -6.9922727499756152e-06
44 43 -1.1194866997317391e-05
44 44 5.5175864182506777e-05
44 52 -6.6660439929905768e-06
45 1 -9.3347667546317996e-06
45 45 4.8548340375711804e-05
45 51 -1.1020619522015053e-05
45 64 -8.7211245613368174e-06
46 9 -1.0947661361114367e-05
46 21 -1.0194806681346507e-05
46 46 4.4718211062211722e-05
46 66 -7.3609809365403018e-06
47 8 -8.2593588509725375e-06
47 15 -1.1747249832269843e-05
47 47 4.9457113354892365e-05
47 50 -1.1609405355300536e-05
48 9 -7.4659682886750441e-06
48 15 -1.1913710061673160e-05
48 48 4.9132551648786577e-05
48 51 -1.1345625000790885e-05
49 8 -1.1614889133022194e-05
49 31 -1.2195566802411547e-05
49 49 5.0067771537019345e-05
49 65 -9.0304837575722745e-06
50 47 -1.1609405355300536e-05
50 50 5.0757479117993579e-05
50 64 -1.3007213989230377e-05
50 65 -8.5834073119834533e-06
51 45 -1.1020619522015053e-05
51 48 -1.1345625000790885e-05
51 51 4.7747311158986837e-05
51 66 -7.9066776758516836e-06
52 29 -1.1126881417103653e-05
52 44 -6.6660439929905768e-06
52 52 4.2464325615847652e-05
52 60 -8.9267562618675899e-06
53 27 -9.3062136817741372e-06
53 38 -5.9266348829868775e-06
53 53 3.6681749943846169e-05
53 61 -8.4375027154025455e-06
54 26 -1.2630381405155628e-05
54 37 -7.6754744332972124e-06
54 54 4.9679169891272759e-05
54 62 -1.1490400779774695e-05
55 28 -1.1363632053879412e-05
55 39 -6.1475503981787461e-06
55 55 4.1637143345707342e-05
55 63 -9.3143666833155127e-06
56 16 -1.1291653208884465e-05
56 42 -6.1793085451804725e-06
56 56 4.0795032599050078e-05
56 61 -8.9761139186213794e-06
57 17 -1.1084279591375065e-05
57 41 -8.1928325589164180e-06
57 57 4.5080462301383700e-05
57 62 -9.9724660547531196e-06
58 18 -9.6130820201098143e-06
58 40 -5.9247010871379025e-06
58 58 3.6542723844262514e-05
58 63 -8.0987119806613912e-06
59 22 -1.0375504749895633e-05
59 43 -6.9922727499756152e-06
59 59 3.9052007474370459e-05
59 60 -7.6133864232402603e-06
60 7 -1.0265362974100442e-05
60 52 -8.9267562618675899e-06
60 59 -7.6133864232402603e-06
60 60 4.1873804473855882e-05
61 5 -1.0731049700911668e-05
61 53 -8.4375027154025455e-06
61 56 -8.9761139186213794e-06
61 61 4.2749388529473954e-05
62 3 -1.1751359396210297e-05
62 54 -1.1490400779774695e-05
62 57 -9.9724660547531196e-06
62 62 4.9430527383450434e-05
63 6 -1.0638712908900689e-05
63 55 -9.3143666833155127e-06
63 58 -8.0987119806613912e-06
63 63 4.2194968913558364e-05
64 4 -8.0968580907210187e-06
64 45 -8.7211245613368174e-06
64 50 -1.3007213989230377e-05
64 64 4.7004096971927557e-05
65 35 -1.2181502600141314e-05
65 49 -9.0304837575722745e-06
65 50 -8.5834073119834533e-06
65 65 4.4576091863997625e-05
66 36 -1.1513233051447438e-05
66 46 -7.3609809365403018e-06
66 51 -7.9066776758516836e-06
66 66 4.1084775865567338e-05
