%%MatrixMarket matrix coordinate real general
66 66 244
1 1 5.7606471106107274e-05
1 2 -1.3405157030218540e-05
1 7 -9.7900807823845111e-06
1 45 -9.4772055321800163e-06
2 1 -1.3405157030218540e-05
2 2 5.2758941988681975e-05
2 25 -8.3235959172417268e-06
2 34 -9.3161634305985630e-06
3 3 5.7294508561238529e-05
3 8 -1.4065715132541546e-05
3 20 -1.0415239907207826e-05
3 62 -1.1883367683726969e-05
4 4 5.1541564359119279e-05
4 6 -1.1709744087297482e-05
4 25 -1.1799322334857007e-05
4 64 -8.2952597619942304e-06
5 5 5.4929082086879098e-05
5 9 -1.2802136700226824e-05
5 30 -1.0065906033452720e-05
5 61 -1.1082156209304552e-05
6 4 -1.1709744087297482e-05
6 6 5.1139151725025609e-05
6 35 -9.5258491203851762e-06
6 63 -1.1020445827687521e-05
7 1 -9.7900807823845111e-06
7 7 4.8556740676338730e-05
7 36 -8.4719686673419331e-06
7 60 -1.0347730891325433e-05
8 3 -1.4065715132541546e-05
8 8 5.2693053564197787e-05
8 47 -8.3382775416450588e-06
8 49 -1.1862943183043995e-05
9 5 -1.2802136700226824e-05
9 9 5.0208954415667610e-05
9 46 -1.1175674360190074e-05
9 48 -7.6527264557568582e-06
10 10 5.6134811350565307e-05
10 19 -8.5621046801219369e-06
10 21 -9.2261239738288625e-06
11 11 5.8134533264916162e-05
11 23 -9.6649754478708932e-06
11 32 -9.9498811431331783e-06
12 12 5.7538816681621490e-05
12 24 -9.3032913859583008e-06
12 31 -9.9747982693792431e-06
13 13 5.2331515266269415e-05
13 15 -1.0869656123209355e-05
13 20 -1.0821623054492771e-05
13 30 -1.0394395067769268e-05
14 14 5.4469025970674894e-05
14 33 -7.6457085083359835e-06
14 34 -7.9927516676805580e-06
15 13 -1.0869656123209355e-05
15 15 5.8066157184287683e-05
15 47 -1.1991003070331240e-05
15 48 -1.2098748162501431e-05
16 16 6.0068270362435356e-05
16 21 -9.3573573603871744e-06
16 56 -1.1918165696596790e-05
17 17 6.3335053913917360e-05
17 23 -1.0370166563968695e-05
17 57 -1.2136014558166474e-05
18 18 5.6167171400837357e-05
18 24 -9.5695129320029167e-06
18 58 -1.0804926705779952e-05
19 10 -8.5621046801219369e-06
19 19 4.6043093858302891e-05
19 22 -9.2665057167335730e-06
19 36 -9.2951051146356219e-06
20 3 -1.0415239907207826e-05
20 13 -1.0821623054492771e-05
20 20 5.3362201392623019e-05
20 23 -1.1991275819736289e-05
21 10 -9.2261239738288625e-06
21 16 -9.3573573603871744e-06
21 21 5.0106114966451911e-05
21 46 -1.0507639262214564e-05
22 19 -9.2665057167335730e-06
22 22 5.8224878911902896e-05
22 59 -1.0420418028559080e-05
23 11 -9.6649754478708932e-06
23 17 -1.0370166563968695e-05
23 20 -1.1991275819736289e-05
23 23 5.3188158963094694e-05
24 12 -9.3032913859583008e-06
24 18 -9.5695129320029167e-06
24 24 5.0439866666956628e-05
24 35 -1.1313508386004245e-05
25 2 -8.3235959172417268e-06
25 4 -1.1799322334857007e-05
25 25 4.8892938621459703e-05
25 33 -9.3566889760198752e-06
26 26 6.5537643716059534e-05
26 31 -1.0773169975468374e-05
26 54 -1.3797929626286696e-05
27 27 5.4893241809633234e-05
27 32 -8.6831380892173897e-06
27 53 -1.0446506714661368e-05
28 28 6.0574834889275708e-05
28 33 -9.9556333118288881e-06
28 55 -1.1974152998865656e-05
29 29 5.8896409266757962e-05
29 34 -9.1358203803093632e-06
29 52 -1.1172016937006896e-05
30 5 -1.0065906033452720e-05
30 13 -1.0394395067769268e-05
30 30 5.1998189490487604e-05
30 32 -1.1765014238988313e-05
31 12 -9.9747982693792431e-06
31 26 -1.0773169975468374e-05
31 31 5.5890006712890371e-05
31 49 -1.2297810101567912e-05
32 11 -9.9498811431331783e-06
32 27 -8.6831380892173897e-06
32 30 -1.1765014238988313e-05
32 32 5.0832528270630884e-05
33 14 -7.6457085083359835e-06
33 25 -9.3566889760198752e-06
33 28 -9.9556333118288881e-06
33 33 4.3943996655931595e-05
34 2 -9.3161634305985630e-06
34 14 -7.9927516676805580e-06
34 29 -9.1358203803093632e-06
34 34 4.4049735387523762e-05
35 6 -9.5258491203851762e-06
35 24 -1.1313508386004245e-05
35 35 5.1666329011681495e-05
35 65 -1.2408059184596621e-05
36 7 -8.4719686673419331e-06
36 19 -9.2951051146356219e-06
36 36 4.8261904637512386e-05
36 66 -1.1716141492784890e-05
37 37 6.4869506947785595e-05
37 41 -1.3950263062029952e-05
37 54 -8.1312764271264117e-06
38 38 4.7049874092379087e-05
38 42 -1.0064026813835280e-05
38 53 -6.3160514633035472e-06
39 39 4.8410299563368529e-05
39 40 -1.0058523307552030e-05
39 55 -6.6683419325265718e-06
40 39 -1.0058523307552030e-05
40 40 4.7023072385768685e-05
40 58 -6.3115560183810540e-06
41 37 -1.3950263062029952e-05
41 41 6.5484015058516918e-05
41 57 -8.6750291539172216e-06
42 38 -1.0064026813835280e-05
42 42 4.8481553564511523e-05
42 56 -6.7141140296910550e-06
43 43 5.5614150221731606e-05
43 44 -1.1214534674458428e-05
43 59 -7.0185458793493366e-06
44 43 -1.1214534674458428e-05
44 44 5.5284021895878050e-05
44 52 -6.6894653780647485e-06
45 1 -9.4772055321800163e-06
45 45 4.9396708988159793e-05
45 51 -1.1195121366155580e-05
45 64 -8.9282680524258978e-06
46 9 -1.1175674360190074e-05
46 21 -1.0507639262214564e-05
46 46 4.6048743724672962e-05
46 66 -7.5832072002363827e-06
47 8 -8.3382775416450588e-06
47 15 -1.1991003070331240e-05
47 47 5.0345578329812642e-05
47 50 -1.1858231742457495e-05
48 9 -7.6527264557568582e-06
48 15 -1.2098748162501431e-05
48 48 5.0109152703244178e-05
48 51 -1.1625911000046726e-05
49 8 -1.1862943183043995e-05
49 31 -1.2297810101567912e-05
49 49 5.1095916767804240e-05
49 65 -9.2337820979238751e-06
50 47 -1.1858231742457495e-05
50 50 5.1582382587123456e-05
50 64 -1.3259164542339533e-05
50 65 -8.7288184920342455e-06
51 45 -1.1195121366155580e-05
51 48 -1.1625911000046726e-05
51 51 4.8647970239548382e-05
51 66 -8.0363950190103563e-06
52 29 -1.1172016937006896e-05
52 44 -6.6894653780647485e-06
52 52 4.2687860766080334e-05
52 60 -9.0162149422391390e-06
53 27 -1.0446506714661368e-05
53 38 -6.3160514633035472e-06
53 53 4.0987898769555022e-05
53 61 -9.4149813296856706e-06
54 26 -1.3797929626286696e-05
54 37 -8.1312764271264117e-06
54 54 5.1212205469334930e-05
54 62 -1.1470965596550743e-05
55 28 -1.1974152998865656e-05
55 39 -6.6683419325265718e-06
55 55 4.4275658993789136e-05
55 63 -9.8560618402094874e-06
56 16 -1.1918165696596790e-05
56 42 -6.7141140296910550e-06
56 56 4.3341758231788598e-05
56 61 -9.4768693382889291e-06
57 17 -1.2136014558166474e-05
57 41 -8.6750291539172216e-06
57 57 4.6359344551384725e-05
57 62 -9.9495691233009147e-06
58 18 -1.0804926705779952e-05
58 40 -6.3115560183810540e-06
58 58 4.0812751291458524e-05
58 63 -9.0297037854190600e-06
59 22 -1.0420418028559080e-05
59 43 -7.0185458793493366e-06
59 59 3.9263337578646155e-05
59 60 -7.6905655879323532e-06
60 7 -1.0347730891325433e-05
60 52 -9.0162149422391390e-06
60 59 -7.6905655879323532e-06
60 60 4.2299867280138910e-05
61 5 -1.1082156209304552e-05
61 53 -9.4149813296856706e-06
61 56 -9.4768693382889291e-06
61 61 4.5430384211262195e-05
62 3 -1.1883367683726969e-05
62 54 -1.1470965596550743e-05
62 57 -9.9495691233009147e-06
62 62 4.9743187963026560e-05
63 6 -1.1020445827687521e-05
63 55 -9.8560618402094874e-06
63 58 -9.0297037854190600e-06
63 63 4.4921485856483652e-05
64 4 -8.2952597619942304e-06
64 45 -8.9282680524258978e-06
64 50 -1.3259164542339533e-05
64 64 4.8142423273371255e-05
65 35 -1.2408059184596621e-05
65 49 -9.2337820979238751e-06
65 50 -8.7288184920342455e-06
65 65 4.5286071855988742e-05
66 36 -1.1716141492784890e-05
66 46 -7.5832072002363827e-06
66 51 -8.0363950190103563e-06
66 66 4.1921816548523533e-05
