%%MatrixMarket matrix coordinate real general
66 66 244
1 1 5.7095770311226740e-05
1 2 -1.3294499753540861e-05
1 7 -9.7087027712081074e-06
1 45 -9.3960211195106503e-06
2 1 -1.3294499753540861e-05
2 2 5.2378329028347081e-05
2 25 -8.1954565529515776e-06
2 34 -9.2711285586189267e-06
3 3 5.6915047334401711e-05
3 8 -1.3980739080703287e-05
3 20 -1.0347413698077158e-05
3 62 -1.1813490895550755e-05
4 4 5.0818345384744541e-05
4 6 -1.1505543345786355e-05
4 25 -1.1651904303448471e-05
4 64 -8.1816708138592080e-06
5 5 5.3960435840282821e-05
5 9 -1.2597613882252943e-05
5 30 -9.8980237846774822e-06
5 61 -1.0880024541538990e-05
6 4 -1.1505543345786355e-05
6 6 5.0145959326775599e-05
6 35 -9.3507633578334163e-06
6 63 -1.0799826333323232e-05
7 1 -9.7087027712081074e-06
7 7 4.8279904622980741e-05
7 36 -8.4136132114840124e-06
7 60 -1.0301231954295711e-05
8 3 -1.3980739080703287e-05
8 8 5.2324954787636821e-05
8 47 -8.2925827297690470e-06
8 49 -1.1724037784770258e-05
9 5 -1.2597613882252943e-05
9 9 4.9548991252134771e-05
9 46 -1.1044862039189976e-05
9 48 -7.5460487979181415e-06
10 10 5.5633750470875047e-05
10 19 -8.5032692932505251e-06
10 21 -9.1170447463938945e-06
11 11 5.3890876595286567e-05
11 23 -9.0304559723894896e-06
11 32 -9.2800048386047189e-06
12 12 5.3305376996293150e-05
12 24 -8.6704775758899893e-06
12 31 -9.3170085574204116e-06
13 13 5.1780670443630763e-05
13 15 -1.0764834628636988e-05
13 20 -1.0723371986806094e-05
13 30 -1.0284021663902443e-05
14 14 5.3930986955504377e-05
14 33 -7.5595051822249852e-06
14 34 -7.9204572320343934e-06
15 13 -1.0764834628636988e-05
15 15 5.7502851153139248e-05
15 47 -1.1853549718477297e-05
15 48 -1.1992461537821218e-05
16 16 5.8768718964966267e-05
16 21 -9.2297774020500547e-06
16 56 -1.1544428638811650e-05
17 17 5.9518464985684208e-05
17 23 -9.8149013558217589e-06
17 57 -1.1473200227733738e-05
18 18 5.1910222044823483e-05
18 24 -8.9006222790856003e-06
18 58 -9.9888612401887861e-06
19 10 -8.5032692932505251e-06
19 19 4.5724602455279089e-05
19 22 -9.2104509443267405e-06
19 36 -9.2272276189111698e-06
20 3 -1.0347413698077158e-05
20 13 -1.0723371986806094e-05
20 20 5.2957761176854120e-05
20 23 -1.1970385687778656e-05
21 10 -9.1170447463938945e-06
21 16 -9.2297774020500547e-06
21 21 4.9422153010665392e-05
21 46 -1.0326272589978631e-05
22 19 -9.2104509443267405e-06
22 22 5.8028861327572519e-05
22 59 -1.0395355600721315e-05
23 11 -9.0304559723894896e-06
23 17 -9.8149013558217589e-06
23 20 -1.1970385687778656e-05
23 23 5.2161624076848898e-05
24 12 -8.6704775758899893e-06
24 18 -8.9006222790856003e-06
24 24 4.8518124119620193e-05
24 35 -1.1115826377572359e-05
25 2 -8.1954565529515776e-06
25 4 -1.1651904303448471e-05
25 25 4.8096572966369305e-05
25 33 -9.2006059344446179e-06
26 26 6.1690263332792123e-05
26 31 -1.0209247848688606e-05
26 54 -1.3065476986423692e-05
27 27 5.0756732547574270e-05
27 32 -8.0837721404712872e-06
27 53 -9.6625810207072393e-06
28 28 5.9296604391622819e-05
28 33 -9.8261949806683167e-06
28 55 -1.1613200010638445e-05
29 29 5.8681074338369515e-05
29 34 -9.0628249672644745e-06
29 52 -1.1146885760486713e-05
30 5 -9.8980237846774822e-06
30 13 -1.0284021663902443e-05
30 30 5.1144339277259177e-05
30 32 -1.1568796508346353e-05
31 12 -9.3170085574204116e-06
31 26 -1.0209247848688606e-05
31 31 5.4587851067327294e-05
31 49 -1.2262624998777103e-05
32 11 -9.2800048386047189e-06
32 27 -8.0837721404712872e-06
32 30 -1.1568796508346353e-05
32 32 4.8958288096917892e-05
33 14 -7.5595051822249852e-06
33 25 -9.2006059344446179e-06
33 28 -9.8261949806683167e-06
33 33 4.3368535946410531e-05
34 2 -9.2711285586189267e-06
34 14 -7.9204572320343934e-06
34 29 -9.0628249672644745e-06
34 34 4.3695504984667852e-05
35 6 -9.3507633578334163e-06
35 24 -1.1115826377572359e-05
35 35 5.0768877946997300e-05
35 65 -1.2276504234305940e-05
36 7 -8.4136132114840124e-06
36 19 -9.2272276189111698e-06
36 36 4.7869107522876167e-05
36 66 -1.1600576378419421e-05
37 37 6.2345200158269421e-05
37 41 -1.3429234355913112e-05
37 54 -7.8598376053209845e-06
38 38 4.4798062652784030e-05
38 42 -9.4573472113696421e-06
38 53 -6.0240213532808517e-06
39 39 4.3881406558518854e-05
39 40 -9.4526023872318594e-06
39 55 -6.3313027463547487e-06
40 39 -9.4526023872318594e-06
40 40 4.4778394526328650e-05
40 58 -6.0213562569123640e-06
41 37 -1.3429234355913112e-05
41 41 6.2973608040470589e-05
41 57 -8.3885174308676024e-06
42 38 -9.4573472113696421e-06
42 42 4.3947840981657513e-05
42 56 -6.3663919691218047e-06
43 43 5.5556100514060591e-05
43 44 -1.1203515302089150e-05
43 59 -7.0038845377463217e-06
44 43 -1.1203515302089150e-05
44 44 5.5223469782959227e-05
44 52 -6.6764032834640253e-06
45 1 -9.3960211195106503e-06
45 45 4.8909367486148732e-05
45 51 -1.1095716035221830e-05
45 64 -8.8096662756560053e-06
46 9 -1.1044862039189976e-05
46 21 -1.0326272589978631e-05
46 46 4.5280556838313686e-05
46 66 -7.4542444124013643e-06
47 8 -8.2925827297690470e-06
47 15 -1.1853549718477297e-05
47 47 4.9771454852402347e-05
47 50 -1.1717993702564059e-05
48 9 -7.5460487979181415e-06
48 15 -1.1992461537821218e-05
48 48 4.9637873993853729e-05
48 51 -1.1465856780271678e-05
49 8 -1.1724037784770258e-05
49 31 -1.2262624998777103e-05
49 49 5.0545240729111563e-05
49 65 -9.1199162688517923e-06
50 47 -1.1717993702564059e-05
50 50 5.1014216836633484e-05
50 64 -1.3114919010607443e-05
50 65 -8.6448681857473695e-06
51 45 -1.1095716035221830e-05
51 48 -1.1465856780271678e-05
51 51 4.8136558176693595e-05
51 66 -7.9625032250976863e-06
52 29 -1.1146885760486713e-05
52 44 -6.6764032834640253e-06
52 52 4.2561918457710163e-05
52 60 -8.9653649194755777e-06
53 27 -9.6625810207072393e-06
53 38 -6.0240213532808517e-06
53 53 3.8419899719767513e-05
53 61 -8.8964480325942646e-06
54 26 -1.3065476986423692e-05
54 37 -7.8598376053209845e-06
54 54 5.0257667199805424e-05
54 62 -1.1481664577875511e-05
55 28 -1.1613200010638445e-05
55 39 -6.3313027463547487e-06
55 55 4.2716183765291669e-05
55 63 -9.5405724856877872e-06
56 16 -1.1544428638811650e-05
56 42 -6.3663919691218047e-06
56 56 4.1790694202373833e-05
56 61 -9.1872112374010878e-06
57 17 -1.1473200227733738e-05
57 41 -8.3885174308676024e-06
57 57 4.5612854961427009e-05
57 62 -9.9625518292486836e-06
58 18 -9.9888612401887861e-06
58 40 -6.0213562569123640e-06
58 58 3.8266713035964212e-05
58 63 -8.5379192737941459e-06
59 22 -1.0395355600721315e-05
59 43 -7.0038845377463217e-06
59 59 3.9144086155435193e-05
59 60 -7.6466929171059795e-06
60 7 -1.0301231954295711e-05
60 52 -8.9653649194755777e-06
60 59 -7.6466929171059795e-06
60 60 4.2054576522295433e-05
61 5 -1.0880024541538990e-05
61 53 -8.8964480325942646e-06
61 56 -9.1872112374010878e-06
61 61 4.3929444230214665e-05
62 3 -1.1813490895550755e-05
62 54 -1.1481664577875511e-05
62 57 -9.9625518292486836e-06
62 62 4.9580210361512372e-05
63 6 -1.0799826333323232e-05
63 55 -9.5405724856877872e-06
63 58 -8.5379192737941459e-06
63 63 4.3378828091823368e-05
64 4 -8.1816708138592080e-06
64 45 -8.8096662756560053e-06
64 50 -1.3114919010607443e-05
64 64 4.7488026117035614e-05
65 35 -1.2276504234305940e-05
65 49 -9.1199162688517923e-06
65 50 -8.6448681857473695e-06
65 65 4.4944014370512493e-05
66 36 -1.1600576378419421e-05
66 46 -7.4542444124013643e-06
66 51 -7.9625032250976863e-06
66 66 4.1439271250350056e-05
