%%MatrixMarket matrix coordinate real general
66 66 244
1 1 5.7111531769107578e-05
1 2 -1.3297706537880849e-05
1 7 -9.7110580416535255e-06
1 45 -9.3983632125306615e-06
2 1 -1.3297706537880849e-05
2 2 5.2389048779050246e-05
2 25 -8.1990912568591494e-06
2 34 -9.2724590064360927e-06
3 3 5.6926047953174062e-05
3 8 -1.3983200171726164e-05
3 20 -1.0349398614997127e-05
3 62 -1.1815696823684648e-05
4 4 5.0838707430720479e-05
4 6 -1.1511317600887027e-05
4 25 -1.1656139277310577e-05
4 64 -8.1849386347724224e-06
5 5 5.3987391146571706e-05
5 9 -1.2603417286396951e-05
5 30 -9.9026813990394345e-06
5 61 -1.0885741480515281e-05
6 4 -1.1511317600887027e-05
6 6 5.0172127715647987e-05
6 35 -9.3556189001265901e-06
6 63 -1.0806033281012074e-05
7 1 -9.7110580416535255e-06
7 7 4.8287980919062360e-05
7 36 -8.4153149208567972e-06
7 60 -1.0302592089363636e-05
8 3 -1.3983200171726164e-05
8 8 5.2335759075281750e-05
8 47 -8.2938739262082693e-06
8 49 -1.1728180562866285e-05
9 5 -1.2603417286396951e-05
9 9 4.9567659991347918e-05
9 46 -1.1048606803661458e-05
9 48 -7.5491317467562607e-06
10 10 5.5648721860463175e-05
10 19 -8.5049863653463360e-06
10 21 -9.1202208574622497e-06
11 11 5.3987339771702903e-05
11 23 -9.0450141532341764e-06
11 32 -9.2956281250021860e-06
12 12 5.3403328891799256e-05
12 24 -8.6851424696794380e-06
12 31 -9.3320063558475090e-06
13 13 5.1796516044673434e-05
13 15 -1.0767846624393049e-05
13 20 -1.0726304988956621e-05
13 30 -1.0287181266512701e-05
14 14 5.3946193141114066e-05
14 33 -7.5620159819101784e-06
14 34 -7.9225417061203645e-06
15 13 -1.0767846624393049e-05
15 15 5.7519072561406742e-05
15 47 -1.1857573451479363e-05
15 48 -1.1995499395613663e-05
16 16 5.8806383087112257e-05
16 21 -9.2335220539270158e-06
16 56 -1.1554566944263303e-05
17 17 5.9612793909148855e-05
17 23 -9.8288825947050382e-06
17 57 -1.1489806330260482e-05
18 18 5.1998778197449608e-05
18 24 -8.9146067817553138e-06
18 58 -1.0006387835185159e-05
19 10 -8.5049863653463360e-06
19 19 4.5733910662505126e-05
19 22 -9.2120862750223190e-06
19 36 -9.2292062901716591e-06
20 3 -1.0349398614997127e-05
20 13 -1.0726304988956621e-05
20 20 5.2970173987049427e-05
20 23 -1.1971626809533650e-05
21 10 -9.1202208574622497e-06
21 16 -9.2335220539270158e-06
21 21 4.9441487869376072e-05
21 46 -1.0331423289003717e-05
22 19 -9.2120862750223190e-06
22 22 5.8034649132650959e-05
22 59 -1.0396099949824869e-05
23 11 -9.0450141532341764e-06
23 17 -9.8288825947050382e-06
23 20 -1.1971626809533650e-05
23 23 5.2193513239612282e-05
24 12 -8.6851424696794380e-06
24 18 -8.9146067817553138e-06
24 24 4.8573612766710417e-05
24 35 -1.1123726759653743e-05
25 2 -8.1990912568591494e-06
25 4 -1.1656139277310577e-05
25 25 4.8118218017709059e-05
25 33 -9.2050360936990414e-06
26 26 6.1789277287541833e-05
26 31 -1.0223552326595323e-05
26 54 -1.3083951983136403e-05
27 27 5.0842884872799700e-05
27 32 -8.0961461449506132e-06
27 53 -9.6792690078293060e-06
28 28 5.9333671229698989e-05
28 33 -9.8299962262246344e-06
28 55 -1.1623119631849515e-05
29 29 5.8687434931743875e-05
29 34 -9.0649299031923849e-06
29 52 -1.1147633861887644e-05
30 5 -9.9026813990394345e-06
30 13 -1.0287181266512701e-05
30 30 5.1169635695873034e-05
30 32 -1.1576671522873717e-05
31 12 -9.3320063558475090e-06
31 26 -1.0223552326595323e-05
31 31 5.4622088461613048e-05
31 49 -1.2264384738079321e-05
32 11 -9.2956281250021860e-06
32 27 -8.0961461449506132e-06
32 30 -1.1576671522873717e-05
32 32 4.9012602360462715e-05
33 14 -7.5620159819101784e-06
33 25 -9.2050360936990414e-06
33 28 -9.8299962262246344e-06
33 33 4.3384738470181859e-05
34 2 -9.2724590064360927e-06
34 14 -7.9225417061203645e-06
34 29 -9.0649299031923849e-06
34 34 4.3706042985980306e-05
35 6 -9.3556189001265901e-06
35 24 -1.1123726759653743e-05
35 35 5.0795350361212275e-05
35 65 -1.2280228878981530e-05
36 7 -8.4153149208567972e-06
36 19 -9.2292062901716591e-06
36 36 4.7881086958967328e-05
36 66 -1.1603917615803006e-05
37 37 6.2414771444862691e-05
37 41 -1.3443548602670634e-05
37 54 -7.8672672914737829e-06
38 38 4.4831102708800230e-05
38 42 -9.4671599518595502e-06
38 53 -6.0289403852341456e-06
39 39 4.3966704714001732e-05
39 40 -9.4624001887899146e-06
39 55 -6.3394089073372335e-06
40 39 -9.4624001887899146e-06
40 40 4.4811285914061485e-05
40 58 -6.0262357424157977e-06
41 37 -1.3443548602670634e-05
41 41 6.3039688397992667e-05
41 57 -8.3963713812922205e-06
42 38 -9.4671599518595502e-06
42 42 4.4033454718000724e-05
42 56 -6.3746964386200494e-06
43 43 5.5557819746015802e-05
43 44 -1.1203841198937724e-05
43 59 -7.0043196453588599e-06
44 43 -1.1203841198937724e-05
44 44 5.5225261398208038e-05
44 52 -6.6767909763182104e-06
45 1 -9.3983632125306615e-06
45 45 4.8923175523546888e-05
45 51 -1.1098587160935974e-05
45 64 -8.8130799906249875e-06
46 9 -1.1048606803661458e-05
46 21 -1.0331423289003717e-05
46 46 4.5302745276103432e-05
46 66 -7.4579048983048666e-06
47 8 -8.2938739262082693e-06
47 15 -1.1857573451479363e-05
47 47 4.9789411940709077e-05
47 50 -1.1722101786467220e-05
48 9 -7.5491317467562607e-06
48 15 -1.1995499395613663e-05
48 48 4.9657237613553442e-05
48 51 -1.1470486162723303e-05
49 8 -1.1728180562866285e-05
49 31 -1.2264384738079321e-05
49 49 5.0562491387889696e-05
49 65 -9.1233110028348817e-06
50 47 -1.1722101786467220e-05
50 50 5.1015000428785288e-05
50 64 -1.3119062467398774e-05
50 65 -8.6472555224348917e-06
51 45 -1.1098587160935974e-05
51 48 -1.1470486162723303e-05
51 51 4.8151110343737538e-05
51 66 -7.9646387143923520e-06
52 29 -1.1147633861887644e-05
52 44 -6.6767909763182104e-06
52 52 4.2565600561915597e-05
52 60 -8.9668414848654614e-06
53 27 -9.6792690078293060e-06
53 38 -6.0289403852341456e-06
53 53 3.8488529010901275e-05
53 61 -8.9136422079863250e-06
54 26 -1.3083951983136403e-05
54 37 -7.8672672914737829e-06
54 54 5.0281945601383113e-05
54 62 -1.1481298725234806e-05
55 28 -1.1623119631849515e-05
55 39 -6.3394089073372335e-06
55 55 4.2764811598677938e-05
55 63 -9.5491695342789862e-06
56 16 -1.1554566944263303e-05
56 42 -6.3746964386200494e-06
56 56 4.1831475300535759e-05
56 61 -9.1951729651089417e-06
57 17 -1.1489806330260482e-05
57 41 -8.3963713812922205e-06
57 57 4.5623982345945420e-05
57 62 -9.9621353337010689e-06
58 18 -1.0006387835185159e-05
58 40 -6.0262357424157977e-06
58 58 3.8335848567111141e-05
58 63 -8.5543028689158326e-06
59 22 -1.0396099949824869e-05
59 43 -7.0043196453588599e-06
59 59 3.9147584102079770e-05
59 60 -7.6479668827720767e-06
60 7 -1.0302592089363636e-05
60 52 -8.9668414848654614e-06
60 59 -7.6479668827720767e-06
60 60 4.2061723994351601e-05
61 5 -1.0885741480515281e-05
61 53 -8.9136422079863250e-06
61 56 -9.1951729651089417e-06
61 61 4.3970861584953584e-05
62 3 -1.1815696823684648e-05
62 54 -1.1481298725234806e-05
62 57 -9.9621353337010689e-06
62 62 4.9585516646649291e-05
63 6 -1.0806033281012074e-05
63 55 -9.5491695342789862e-06
63 58 -8.5543028689158326e-06
63 63 4.3425082222905891e-05
64 4 -8.1849386347724224e-06
64 45 -8.8130799906249875e-06
64 50 -1.3119062467398774e-05
64 64 4.7506595028866371e-05
65 35 -1.2280228878981530e-05
65 49 -9.1233110028348817e-06
65 50 -8.6472555224348917e-06
65 65 4.4958263546383331e-05
66 36 -1.1603917615803006e-05
66 46 -7.4579048983048666e-06
66 51 -7.9646387143923520e-06
66 66 4.1453181033991215e-05
