%%MatrixMarket matrix coordinate real general
66 66 244
1 1 5.7478144497626220e-05
1 2 -1.3377376418701548e-05
1 7 -9.7696339427392549e-06
1 45 -9.4567150291913996e-06
2 1 -1.3377376418701548e-05
2 2 5.2660418871872586e-05
2 25 -8.2909880842006920e-06
2 34 -9.3049577706675405e-06
3 3 5.7198794041408997e-05
3 8 -1.4044379248599454e-05
3 20 -1.0398364294814566e-05
3 62 -1.1867011271256691e-05
4 4 5.1357943951238568e-05
4 6 -1.1657553980653977e-05
4 25 -1.1761940856179246e-05
4 64 -8.2665993265953118e-06
5 5 5.4682684739832736e-05
5 9 -1.2749940670532707e-05
5 30 -1.0022743989735733e-05
5 61 -1.1030300791632004e-05
6 4 -1.1657553980653977e-05
6 6 5.0887045152583620e-05
6 35 -9.4807145371828933e-06
6 63 -1.0963683927504304e-05
7 1 -9.7696339427392549e-06
7 7 4.8487450369488182e-05
7 36 -8.4573553138808792e-06
7 60 -1.0336110724157532e-05
8 3 -1.4044379248599454e-05
8 8 5.2601331495161745e-05
8 47 -8.3265530515659214e-06
8 49 -1.1829036546005752e-05
9 5 -1.2749940670532707e-05
9 9 5.0042160688067717e-05
9 46 -1.1142438078797260e-05
9 48 -7.6259270163353216e-06
10 10 5.6007764358861315e-05
10 19 -8.5474348236444281e-06
10 21 -9.1988111595463052e-06
11 11 5.6864395754559118e-05
11 23 -9.4764145194774761e-06
11 32 -9.7526467184572604e-06
12 12 5.6260446560864303e-05
12 24 -9.1160888923005813e-06
12 31 -9.7784083502379674e-06
13 13 5.2196518575578102e-05
13 15 -1.0843193676550808e-05
13 20 -1.0797640409159654e-05
13 30 -1.0366538861010282e-05
14 14 5.4334235085136875e-05
14 33 -7.6241642655980146e-06
14 34 -7.9745753852156222e-06
15 13 -1.0843193676550808e-05
15 15 5.7924037741344273e-05
15 47 -1.1956833375068238e-05
15 48 -1.2071775433744742e-05
16 16 5.9745888590652453e-05
16 21 -9.3256108877968076e-06
16 56 -1.1819418432149525e-05
17 17 6.2255755748668202e-05
17 23 -1.0215695186980339e-05
17 57 -1.1951130297159472e-05
18 18 5.4805831413931558e-05
18 24 -9.3572926205283301e-06
18 58 -1.0550090487689431e-05
19 10 -8.5474348236444281e-06
19 19 4.5963705335467868e-05
19 22 -9.2525197596299419e-06
19 36 -9.2781089386145209e-06
20 3 -1.0398364294814566e-05
20 13 -1.0797640409159654e-05
20 20 5.3268179428825969e-05
20 23 -1.1989360985606853e-05
21 10 -9.1988111595463052e-06
21 16 -9.3256108877968076e-06
21 21 4.9929679154915611e-05
21 46 -1.0461486149889890e-05
22 19 -9.2525197596299419e-06
22 22 5.8176392468541159e-05
22 59 -1.0414239052981727e-05
23 11 -9.4764145194774761e-06
23 17 -1.0215695186980339e-05
23 20 -1.1989360985606853e-05
23 23 5.3049603911091897e-05
24 12 -9.1160888923005813e-06
24 18 -9.3572926205283301e-06
24 24 4.9934470549289935e-05
24 35 -1.1278111928797637e-05
25 2 -8.2909880842006920e-06
25 4 -1.1761940856179246e-05
25 25 4.8690606030976511e-05
25 33 -9.3169853072934157e-06
26 26 6.4458437969252958e-05
26 31 -1.0617199679656502e-05
26 54 -1.3594713603380309e-05
27 27 5.3554199059051661e-05
27 32 -8.4915117818567402e-06
27 53 -1.0200293639919748e-05
28 28 6.0257781515320478e-05
28 33 -9.9234794420050548e-06
28 55 -1.1879621739485639e-05
29 29 5.8843169479502093e-05
29 34 -9.1174649530559565e-06
29 52 -1.1165827568251039e-05
30 5 -1.0022743989735733e-05
30 13 -1.0366538861010282e-05
30 30 5.1793377718074398e-05
30 32 -1.1730066137254784e-05
31 12 -9.7784083502379674e-06
31 26 -1.0617199679656502e-05
31 31 5.5531206663691410e-05
31 49 -1.2292913738988992e-05
32 11 -9.7526467184572604e-06
32 27 -8.4915117818567402e-06
32 30 -1.1730066137254784e-05
32 32 5.0340543341300577e-05
33 14 -7.6241642655980146e-06
33 25 -9.3169853072934157e-06
33 28 -9.9234794420050548e-06
33 33 4.3797321828021265e-05
34 2 -9.3049577706675405e-06
34 14 -7.9745753852156222e-06
34 29 -9.1174649530559565e-06
34 34 4.3958809962822495e-05
35 6 -9.4807145371828933e-06
35 24 -1.1278111928797637e-05
35 35 5.1443153260847083e-05
35 65 -1.2374460840363319e-05
36 7 -8.4573553138808792e-06
36 19 -9.2781089386145209e-06
36 36 4.8168440772442054e-05
36 66 -1.1687126523515333e-05
37 37 6.4205351740228157e-05
37 41 -1.3814603167140190e-05
37 54 -8.0603194817783153e-06
38 38 4.6187779936325949e-05
38 42 -9.8430362659533705e-06
38 53 -6.2090732407293164e-06
39 39 4.6916809069489664e-05
39 40 -9.8377858430885857e-06
39 55 -6.5723321935775231e-06
40 39 -9.8377858430885857e-06
40 40 4.6163088145029319e-05
40 58 -6.2051241590697584e-06
41 37 -1.3814603167140190e-05
41 41 6.4822332832754491e-05
41 57 -8.6003011541305898e-06
42 38 -9.8430362659533705e-06
42 42 4.6986176252864477e-05
42 56 -6.6146394563295375e-06
43 43 5.5599823136311554e-05
43 44 -1.1211814152199039e-05
43 59 -7.0149270378693100e-06
44 43 -1.1211814152199039e-05
44 44 5.5269065796102306e-05
44 52 -6.6862388981477199e-06
45 1 -9.4567150291913996e-06
45 45 4.9276287222391088e-05
45 51 -1.1170007768084364e-05
45 64 -8.8983481219162901e-06
46 9 -1.1142438078797260e-05
46 21 -1.0461486149889890e-05
46 46 4.5846330515258399e-05
46 66 -7.5503849181435012e-06
47 8 -8.3265530515659214e-06
47 15 -1.1956833375068238e-05
47 47 5.0201625789570394e-05
47 50 -1.1823398807467602e-05
48 9 -7.6259270163353216e-06
48 15 -1.2071775433744742e-05
48 48 5.0029653637770298e-05
48 51 -1.1585719844159154e-05
49 8 -1.1829036546005752e-05
49 31 -1.2292913738988992e-05
49 49 5.0965935313392394e-05
49 65 -9.2059799361893251e-06
50 47 -1.1823398807467602e-05
50 50 5.1435310973429500e-05
50 64 -1.3222661744325096e-05
50 65 -8.7073824692001688e-06
51 45 -1.1170007768084364e-05
51 48 -1.1585719844159154e-05
51 51 4.8521420346036182e-05
51 66 -8.0177409482358786e-06
52 29 -1.1165827568251039e-05
52 44 -6.6862388981477199e-06
52 52 4.2655931187517811e-05
52 60 -9.0034954843698523e-06
53 27 -1.0200293639919748e-05
53 38 -6.2090732407293164e-06
53 53 4.0313847687919924e-05
53 61 -9.3038237070759775e-06
54 26 -1.3594713603380309e-05
54 37 -8.0603194817783153e-06
54 54 5.0948680789605232e-05
54 62 -1.1472975731874874e-05
55 28 -1.1879621739485639e-05
55 39 -6.5723321935775231e-06
55 55 4.3866944538800435e-05
55 63 -9.7719592322032287e-06
56 16 -1.1819418432149525e-05
56 42 -6.6146394563295375e-06
56 56 4.2924452026539982e-05
56 61 -9.3999296422437983e-06
57 17 -1.1951130297159472e-05
57 41 -8.6003011541305898e-06
57 57 4.6112129772250036e-05
57 62 -9.9522632962635139e-06
58 18 -1.0550090487689431e-05
58 40 -6.2051241590697584e-06
58 58 4.0143836680488454e-05
58 63 -8.9247255574813338e-06
59 22 -1.0414239052981727e-05
59 43 -7.0149270378693100e-06
59 59 3.9233392948035169e-05
59 60 -7.6795911737135797e-06
60 7 -1.0336110724157532e-05
60 52 -9.0034954843698523e-06
60 59 -7.6795911737135797e-06
60 60 4.2238611825532563e-05
61 5 -1.1030300791632004e-05
61 53 -9.3038237070759775e-06
61 56 -9.3999296422437983e-06
61 61 4.5058613642916985e-05
62 3 -1.1867011271256691e-05
62 54 -1.1472975731874874e-05
62 57 -9.9522632962635139e-06
62 62 4.9706383360613262e-05
63 6 -1.0963683927504304e-05
63 55 -9.7719592322032287e-06
63 58 -8.9247255574813338e-06
63 63 4.4535110671686652e-05
64 4 -8.2665993265953118e-06
64 45 -8.8983481219162901e-06
64 50 -1.3222661744325096e-05
64 64 4.7977672626728151e-05
65 35 -1.2374460840363319e-05
65 49 -9.2059799361893251e-06
65 50 -8.7073824692001688e-06
65 65 4.5300078221311532e-05
66 36 -1.1687126523515333e-05
66 46 -7.5503849181435012e-06
66 51 -8.0177409482358786e-06
66 66 4.1805905840290185e-05
