%%MatrixMarket matrix coordinate real general
66 66 244
1 1 2.4603279892556365e-04
1 2 -1.2470382632798038e-07
1 7 -9.1021858135483523e-08
1 45 -8.4724985126213320e-08
2 1 -1.2470382632798038e-07
2 2 2.1311658253401569e-04
2 25 -7.7357904462862126e-08
2 34 -8.7179878236604543e-08
3 3 1.9358768468198776e-04
3 8 -1.1135797045969696e-07
3 20 -8.2575832600471950e-08
3 62 -9.2190323947404738e-08
4 4 1.9100104820697657e-04
4 6 -1.0138888506515052e-07
4 25 -1.0450193853907996e-07
4 64 -7.2445915768913185e-08
5 5 2.0345384658308104e-04
5 9 -1.1021721157501136e-07
5 30 -8.3061738896722714e-08
5 61 -9.5869156246132918e-08
6 4 -1.0138888506515052e-07
6 6 1.8244363393048847e-04
6 35 -7.8990135084796728e-08
6 63 -9.5964588727447632e-08
7 1 -9.1021858135483523e-08
7 7 1.9574818291842006e-04
7 36 -8.0070930453682692e-08
7 60 -9.7926685401847011e-08
8 3 -1.1135797045969696e-07
8 8 1.7116215878447690e-04
8 47 -6.6769326997056735e-08
8 49 -9.5328610821213127e-08
9 5 -1.1021721157501136e-07
9 9 1.8033785748146165e-04
9 46 -9.8280022358760862e-08
9 48 -6.6736912017008854e-08
10 10 1.9626008239168968e-04
10 19 -8.3474308701466155e-08
10 21 -8.8188462278715824e-08
11 11 2.0230310920333144e-04
11 23 -8.5010440768102380e-08
11 32 -8.7427889893344952e-08
12 12 2.0230395454798008e-04
12 24 -8.2145436331173106e-08
12 31 -8.8106638108588598e-08
13 13 1.9078106669075719e-04
13 15 -8.8856950576668623e-08
13 20 -8.6066623797223633e-08
13 30 -8.5273706313512509e-08
14 14 1.5779166329482719e-04
14 33 -7.3395273134903841e-08
14 34 -7.8010539046587201e-08
15 13 -8.8856950576668623e-08
15 15 2.1911387717877970e-04
15 47 -9.9960310260122881e-08
15 48 -1.0135434329594089e-07
16 16 2.2091068889574546e-04
16 21 -8.9743701742575812e-08
16 56 -1.1287680836181836e-07
17 17 2.0537779898442376e-04
17 23 -8.6356978507491436e-08
17 57 -1.0128781389029739e-07
18 18 2.0818407265659454e-04
18 24 -9.0073045416279338e-08
18 58 -1.0204631217935559e-07
19 10 -8.3474308701466155e-08
19 19 1.8928371249399709e-04
19 22 -9.0194275584036812e-08
19 36 -8.7732833912055721e-08
20 3 -8.2575832600471950e-08
20 13 -8.6066623797223633e-08
20 20 1.8765889530385208e-04
20 23 -9.2644316939021970e-08
21 10 -8.8188462278715824e-08
21 16 -8.9743701742575812e-08
21 21 2.0879723902291926e-04
21 46 -9.6927525363501268e-08
22 19 -9.0194275584036812e-08
22 22 2.0197074840181420e-04
22 59 -1.0289819911966174e-07
23 11 -8.5010440768102380e-08
23 17 -8.6356978507491436e-08
23 20 -9.2644316939021970e-08
23 23 1.9497674365686178e-04
24 12 -8.2145436331173106e-08
24 18 -9.0073045416279338e-08
24 24 1.8825114399279245e-04
24 35 -8.9456008812601594e-08
25 2 -7.7357904462862126e-08
25 4 -1.0450193853907996e-07
25 25 1.9185736252063325e-04
25 33 -8.7001803447185513e-08
26 26 2.3155952846968080e-04
26 31 -8.9543969778403272e-08
26 54 -1.1493631238258748e-07
27 27 1.9492461038421230e-04
27 32 -8.1929812974562677e-08
27 53 -9.8912359737691778e-08
28 28 2.1863456487266575e-04
28 33 -9.5898564784076427e-08
28 55 -1.1327728152634847e-07
29 29 2.0892064533918395e-04
29 34 -8.9016779376302911e-08
29 52 -1.1015192827048454e-07
30 5 -8.3061738896722714e-08
30 13 -8.5273706313512509e-08
30 30 1.8890314562721027e-04
30 32 -9.2848062838445977e-08
31 12 -8.8106638108588598e-08
31 26 -8.9543969778403272e-08
31 31 2.0879135084465530e-04
31 49 -9.5340661724927875e-08
32 11 -8.7427889893344952e-08
32 27 -8.1929812974562677e-08
32 30 -9.2848062838445977e-08
32 32 1.8966105912228957e-04
33 14 -7.3395273134903841e-08
33 25 -8.7001803447185513e-08
33 28 -9.5898564784076427e-08
33 33 1.6951752656618919e-04
34 2 -8.7179878236604543e-08
34 14 -7.8010539046587201e-08
34 29 -8.9016779376302911e-08
34 34 1.7644526471307891e-04
35 6 -7.8990135084796728e-08
35 24 -8.9456008812601594e-08
35 35 1.7512673921095897e-04
35 65 -1.0221973058242687e-07
36 7 -8.0070930453682692e-08
36 19 -8.7732833912055721e-08
36 36 1.8625695040048909e-04
36 66 -1.0787271612575323e-07
37 37 1.8098273708258420e-04
37 41 -1.1033228086192836e-07
37 54 -6.4349250807989450e-08
38 38 1.8082360018641938e-04
38 42 -1.1120150482263245e-07
38 53 -6.8683031585040628e-08
39 39 1.7693368544913663e-04
39 40 -1.1120173820014409e-07
39 55 -6.5366081210916478e-08
40 39 -1.1120173820014409e-07
40 40 1.8081669017716754e-04
40 58 -6.8649246147654082e-08
41 37 -1.1033228086192836e-07
41 41 1.8094705947278253e-04
41 57 -6.8556821765527449e-08
42 38 -1.1120150482263245e-07
42 42 1.7693405409308118e-04
42 56 -6.5904029189305609e-08
43 43 1.7451146921167735e-04
43 44 -1.1207335064935302e-07
43 59 -6.9241899399124859e-08
44 43 -1.1207335064935302e-07
44 44 1.7450757527857420e-04
44 52 -6.5895500254911213e-08
45 1 -8.4724985126213320e-08
45 45 1.9159369425262587e-04
45 51 -9.9826345768575638e-08
45 64 -7.7835366433400580e-08
46 9 -9.8280022358760862e-08
46 21 -9.6927525363501268e-08
46 46 1.6649122181777376e-04
46 66 -7.0136275596879361e-08
47 8 -6.6769326997056735e-08
47 15 -9.9960310260122881e-08
47 47 1.7300627357988164e-04
47 50 -9.8860146163656348e-08
48 9 -6.6736912017008854e-08
48 15 -1.0135434329594089e-07
48 48 1.8199128257860871e-04
48 51 -1.0123784659273582e-07
49 8 -9.5328610821213127e-08
49 31 -9.5340661724927875e-08
49 49 1.6522649770270631e-04
49 65 -7.4120479147943564e-08
50 47 -9.8860146163656348e-08
50 50 1.6966132108058295e-04
50 64 -1.1185337828748676e-07
50 65 -7.1639880174499110e-08
51 45 -9.9826345768575638e-08
51 48 -1.0123784659273582e-07
51 51 1.7317157306504980e-04
51 66 -7.1545911086171129e-08
52 29 -1.1015192827048454e-07
52 44 -6.5895500254911213e-08
52 52 1.5821201541511647e-04
52 60 -8.7756106613267017e-08
53 27 -9.8912359737691778e-08
53 38 -6.8683031585040628e-08
53 53 1.4485851937890242e-04
53 61 -7.8407342556772734e-08
54 26 -1.1493631238258748e-07
54 37 -6.4349250807989450e-08
54 54 1.6254740870153044e-04
54 62 -8.7700290209857062e-08
55 28 -1.1327728152634847e-07
55 39 -6.5366081210916478e-08
55 55 1.5960712568891498e-04
55 63 -8.7782381592771435e-08
56 16 -1.1287680836181836e-07
56 42 -6.5904029189305609e-08
56 56 1.5621612228887297e-04
56 61 -8.3895783885374442e-08
57 17 -1.0128781389029739e-07
57 41 -6.8556821765527449e-08
57 57 1.4411660878520659e-04
57 62 -7.5924644601105751e-08
58 18 -1.0204631217935559e-07
58 40 -6.8649246147654082e-08
58 58 1.4331117440781390e-04
58 63 -7.5215801262279381e-08
59 22 -1.0289819911966174e-07
59 43 -6.9241899399124859e-08
59 59 1.4168496743083232e-04
59 60 -7.4857396702064701e-08
60 7 -9.7926685401847011e-08
60 52 -8.7756106613267017e-08
60 59 -7.4857396702064701e-08
60 60 1.5257388472194241e-04
61 5 -9.5869156246132918e-08
61 53 -7.8407342556772734e-08
61 56 -8.3895783885374442e-08
61 61 1.5350175059003891e-04
62 3 -9.2190323947404738e-08
62 54 -8.7700290209857062e-08
62 57 -7.5924644601105751e-08
62 62 1.5206302696697431e-04
63 6 -9.5964588727447632e-08
63 55 -8.7782381592771435e-08
63 58 -7.5215801262279381e-08
63 63 1.5023712096254549e-04
64 4 -7.2445915768913185e-08
64 45 -7.7835366433400580e-08
64 50 -1.1185337828748676e-07
64 64 1.7003435541543054e-04
65 35 -1.0221973058242687e-07
65 49 -7.4120479147943564e-08
65 50 -7.1639880174499110e-08
65 65 1.4122415413796659e-04
66 36 -1.0787271612575323e-07
66 46 -7.0136275596879361e-08
66 51 -7.1545911086171129e-08
66 66 1.4253613256081621e-04
