%%MatrixMarket matrix coordinate real general
66 66 244
1 1 5.7907211839698757e-05
1 2 -1.3467578600997623e-05
1 7 -9.8360443236693791e-06
1 45 -9.5239394588639450e-06
2 1 -1.3467578600997623e-05
2 2 5.2981025064501472e-05
2 25 -8.3975070915000358e-06
2 34 -9.3416524462306491e-06
3 3 5.7498901919792348e-05
3 8 -1.4113429252937132e-05
3 20 -1.0452617322762022e-05
3 62 -1.1917358084405241e-05
4 4 5.1957981503680974e-05
4 6 -1.1829620720317458e-05
4 25 -1.1884806197805051e-05
4 64 -8.3597468444157270e-06
5 5 5.5500141057856605e-05
5 9 -1.2921873003671344e-05
5 30 -1.0163091291491210e-05
5 61 -1.1201487037138465e-05
6 4 -1.1829620720317458e-05
6 6 5.1724466917909598e-05
6 35 -9.6272537296974184e-06
6 63 -1.1151260912002294e-05
7 1 -9.8360443236693791e-06
7 7 4.8713224082119978e-05
7 36 -8.5047409668099734e-06
7 60 -1.0374125872419608e-05
8 3 -1.4113429252937132e-05
8 8 5.2901475985391849e-05
8 47 -8.3653301959290763e-06
8 49 -1.1935886983953220e-05
9 5 -1.2921873003671344e-05
9 9 5.0597081370854326e-05
9 46 -1.1251892306795496e-05
9 48 -7.7127228890265115e-06
10 10 5.6406069124548318e-05
10 19 -8.5946534468141782e-06
10 21 -9.2875416253168853e-06
11 11 6.1641234285588612e-05
11 23 -1.0179024189882125e-05
11 32 -1.0483521581682414e-05
12 12 6.1080777106242574e-05
12 24 -9.8136965345929198e-06
12 31 -1.0514379031842775e-05
13 13 5.2637663087219163e-05
13 15 -1.0929428109356025e-05
13 20 -1.0873502118412112e-05
13 30 -1.0456860968335315e-05
14 14 5.4766693502835410e-05
14 33 -7.6941556547150959e-06
14 34 -8.0331869209717353e-06
15 13 -1.0929428109356025e-05
15 15 5.8388499240587927e-05
15 47 -1.2066733529959981e-05
15 48 -1.2160477613322420e-05
16 16 6.0816710719754020e-05
16 21 -9.4281037623251263e-06
16 56 -1.2153590474386859e-05
17 17 6.6019187236876034e-05
17 23 -1.0754247495216406e-05
17 57 -1.2596217663928642e-05
18 18 6.0391822436652993e-05
18 24 -1.0214084955673194e-05
18 58 -1.1566574604984983e-05
19 10 -8.5946534468141782e-06
19 19 4.6219574774234473e-05
19 22 -9.2976326674807968e-06
19 36 -9.3332089755474466e-06
20 3 -1.0452617322762022e-05
20 13 -1.0873502118412112e-05
20 20 5.3570516299759121e-05
20 23 -1.1994451590063500e-05
21 10 -9.2875416253168853e-06
21 16 -9.4281037623251263e-06
21 21 5.0501250822652744e-05
21 46 -1.0612027789500857e-05
22 19 -9.2976326674807968e-06
22 22 5.8329830901977326e-05
22 59 -1.0434038697313822e-05
23 11 -1.0179024189882125e-05
23 17 -1.0754247495216406e-05
23 20 -1.1994451590063500e-05
23 23 5.4079508158752038e-05
24 12 -9.8136965345929198e-06
24 18 -1.0214084955673194e-05
24 24 5.1736978448575567e-05
24 35 -1.1366853780920809e-05
25 2 -8.3975070915000358e-06
25 4 -1.1884806197805051e-05
25 25 4.9353879973695704e-05
25 33 -9.4465005246692550e-06
26 26 6.8220389055794018e-05
26 31 -1.1158155975124920e-05
26 54 -1.4300278244526668e-05
27 27 5.9069929369490362e-05
27 32 -9.2722370066082549e-06
27 53 -1.1189915572462158e-05
28 28 6.1310604599635175e-05
28 33 -1.0027275708962660e-05
28 55 -1.2198362689052579e-05
29 29 5.9011762228745963e-05
29 34 -9.1767226716092678e-06
29 52 -1.1185684178727413e-05
30 5 -1.0163091291491210e-05
30 13 -1.0456860968335315e-05
30 30 5.2435764457635345e-05
30 32 -1.1817540042206155e-05
31 12 -1.0514379031842775e-05
31 26 -1.1158155975124920e-05
31 31 5.6822523017378612e-05
31 49 -1.2306629339272009e-05
32 11 -1.0483521581682414e-05
32 27 -9.2722370066082549e-06
32 30 -1.1817540042206155e-05
32 32 5.2093392030885860e-05
33 14 -7.6941556547150959e-06
33 25 -9.4465005246692550e-06
33 28 -1.0027275708962660e-05
33 33 4.4272519545144461e-05
34 2 -9.3416524462306491e-06
34 14 -8.0331869209717353e-06
34 29 -9.1767226716092678e-06
34 34 4.4252217292436956e-05
35 6 -9.6272537296974184e-06
35 24 -1.1366853780920809e-05
35 35 5.1933557526073816e-05
35 65 -1.2484207695337897e-05
36 7 -8.5047409668099734e-06
36 19 -9.3332089755474466e-06
36 36 4.8481991833791792e-05
36 66 -1.1781567700589289e-05
37 37 6.6392662851235093e-05
37 41 -1.4259580581973590e-05
37 54 -8.2940292524271836e-06
38 38 5.0578326609883415e-05
38 42 -1.0891990851563772e-05
38 53 -6.7455862314444958e-06
39 39 5.2813123142871962e-05
39 40 -1.0885894096988149e-05
39 55 -6.9032508429191618e-06
40 39 -1.0885894096988149e-05
40 40 5.0546273570466458e-05
40 58 -6.7397549955469187e-06
41 37 -1.4259580581973590e-05
41 41 6.6990013398157631e-05
41 57 -8.8459244838041725e-06
42 38 -1.0891990851563772e-05
42 42 5.2889781325802798e-05
42 56 -6.9583337207561661e-06
43 43 5.5645714241670921e-05
43 44 -1.1220507509199658e-05
43 59 -7.0265660142780610e-06
44 43 -1.1220507509199658e-05
44 44 5.5316976273517849e-05
44 52 -6.6966420251253861e-06
45 1 -9.5239394588639450e-06
45 45 4.9679866065712042e-05
45 51 -1.1252372332097205e-05
45 64 -8.9956369650721241e-06
46 9 -1.1251892306795496e-05
46 21 -1.0612027789500857e-05
46 46 4.6489831921622636e-05
46 66 -7.6574809770916878e-06
47 8 -8.3653301959290763e-06
47 15 -1.2066733529959981e-05
47 47 5.0671767063233213e-05
47 50 -1.1935344288237300e-05
48 9 -7.7127228890265115e-06
48 15 -1.2160477613322420e-05
48 48 5.0500004637073732e-05
48 51 -1.1715899378015796e-05
49 8 -1.1935886983953220e-05
49 31 -1.2306629339272009e-05
49 49 5.1206050127911110e-05
49 65 -9.2935323165143395e-06
50 47 -1.1935344288237300e-05
50 50 5.1913679440855699e-05
50 64 -1.3341782618955491e-05
50 65 -8.7778270310044397e-06
51 45 -1.1252372332097205e-05
51 48 -1.1715899378015796e-05
51 51 4.8934670411200176e-05
51 66 -8.0788590159438903e-06
52 29 -1.1185684178727413e-05
52 44 -6.6966420251253861e-06
52 52 4.2758976747351402e-05
52 60 -9.0445589277924277e-06
53 27 -1.1189915572462158e-05
53 38 -6.7455862314444958e-06
53 53 4.2700207961815711e-05
53 61 -9.6042418742762432e-06
54 26 -1.4300278244526668e-05
54 37 -8.2940292524271836e-06
54 54 5.1864615412608355e-05
54 62 -1.1469864114176511e-05
55 28 -1.2198362689052579e-05
55 39 -6.9032508429191618e-06
55 55 4.5278485053227628e-05
55 63 -1.0058129078961066e-05
56 16 -1.2153590474386859e-05
56 42 -6.9583337207561661e-06
56 56 4.4351678823916053e-05
56 61 -9.6616115991943536e-06
57 17 -1.2596217663928642e-05
57 41 -8.8459244838041725e-06
57 57 4.6977026271039158e-05
57 62 -9.9466493817636409e-06
58 18 -1.1566574604984983e-05
58 40 -6.7397549955469187e-06
58 58 4.2520233387225283e-05
58 63 -9.2084912112536665e-06
59 22 -1.0434038697313822e-05
59 43 -7.0265660142780610e-06
59 59 3.9330812980004718e-05
59 60 -7.7150146788369286e-06
60 7 -1.0374125872419608e-05
60 52 -9.0445589277924277e-06
60 59 -7.7150146788369286e-06
60 60 4.2436590165124166e-05
61 5 -1.1201487037138465e-05
61 53 -9.6042418742762432e-06
61 56 -9.6616115991943536e-06
61 61 4.6249012576202128e-05
62 3 -1.1917358084405241e-05
62 54 -1.1469864114176511e-05
62 57 -9.9466493817636409e-06
62 62 4.9827724406219915e-05
63 6 -1.1151260912002294e-05
63 55 -1.0058129078961066e-05
63 58 -9.2084912112536665e-06
63 63 4.5771270554045157e-05
64 4 -8.3597468444157270e-06
64 45 -8.9956369650721241e-06
64 50 -1.3341782618955491e-05
64 64 4.8515499236633010e-05
65 35 -1.2484207695337897e-05
65 49 -9.2935323165143395e-06
65 50 -8.7778270310044397e-06
65 65 4.5568936116840669e-05
66 36 -1.1781567700589289e-05
66 46 -7.6574809770916878e-06
66 51 -8.0788590159438903e-06
66 66 4.2198052144489442e-05
