%%MatrixMarket matrix coordinate real general
66 66 244
1 1 5.8057780207503499e-05
1 2 -1.3500170732148894e-05
1 7 -9.8600491843033642e-06
1 45 -9.5487235529032569e-06
2 1 -1.3500170732148894e-05
2 2 5.3096155016651155e-05
2 25 -8.4358185827647094e-06
2 34 -9.3555056982566219e-06
3 3 5.7600539323647357e-05
3 8 -1.4137777165715380e-05
3 20 -1.0471500411006249e-05
3 62 -1.1933454608140677e-05
4 4 5.2176235854559973e-05
4 6 -1.1893157319022951e-05
4 25 -1.1930308426137173e-05
4 64 -8.3929847733649489e-06
5 5 5.5796338555917675e-05
5 9 -1.2985406093985018e-05
5 30 -1.0212488904458735e-05
5 61 -1.1264335376665440e-05
6 4 -1.1893157319022951e-05
6 6 5.2034251120245187e-05
6 35 -9.6786745150402097e-06
6 63 -1.1220090080858523e-05
7 1 -9.8600491843033642e-06
7 7 4.8795986152652088e-05
7 36 -8.5218013734527926e-06
7 60 -1.0388241619761768e-05
8 3 -1.4137777165715380e-05
8 8 5.3010220732838863e-05
8 47 -8.3797233916659088e-06
8 49 -1.1971523829579591e-05
9 5 -1.2985406093985018e-05
9 9 5.0805027800505454e-05
9 46 -1.1292680355614492e-05
9 48 -7.7434462466082845e-06
10 10 5.6548469319269016e-05
10 19 -8.6112067531935886e-06
10 21 -9.3194917925944022e-06
11 11 6.3840523298948498e-05
11 23 -1.0496314063239027e-05
11 32 -1.0811351435697811e-05
12 12 6.3321277073121769e-05
12 24 -1.0130123087284131e-05
12 31 -1.0850542694864868e-05
13 13 5.2794977782567630e-05
13 15 -1.0960410657047099e-05
13 20 -1.0899091780645218e-05
13 30 -1.0488822362513602e-05
14 14 5.4920064755135223e-05
14 33 -7.7193768382054633e-06
14 34 -8.0536949749388126e-06
15 13 -1.0960410657047099e-05
15 15 5.8560198736079624e-05
15 47 -1.2105164786429155e-05
15 48 -1.2193143196780581e-05
16 16 6.1214419204213701e-05
16 21 -9.4644623321827744e-06
16 56 -1.2283518314409537e-05
17 17 6.7537494056782573e-05
17 23 -1.0967774629930431e-05
17 57 -1.2851957162619405e-05
18 18 6.3421528469546784e-05
18 24 -1.0667646178361744e-05
18 58 -1.2096582204811011e-05
19 10 -8.6112067531935886e-06
19 19 4.6309711705731587e-05
19 22 -9.3135515527488471e-06
19 36 -9.3530156766601518e-06
20 3 -1.0471500411006249e-05
20 13 -1.0899091780645218e-05
20 20 5.3672569921846638e-05
20 23 -1.1999052372518059e-05
21 10 -9.3194917925944022e-06
21 16 -9.4644623321827744e-06
21 21 5.0704979466246134e-05
21 46 -1.0665872801652404e-05
22 19 -9.3135515527488471e-06
22 22 5.8382675397144324e-05
22 59 -1.0440980718897336e-05
23 11 -1.0496314063239027e-05
23 17 -1.0967774629930431e-05
23 20 -1.1999052372518059e-05
23 23 5.4616619483655617e-05
24 12 -1.0130123087284131e-05
24 18 -1.0667646178361744e-05
24 24 5.2560741716289196e-05
24 35 -1.1388149578079979e-05
25 2 -8.4358185827647094e-06
25 4 -1.1930308426137173e-05
25 25 4.9596103728708170e-05
25 33 -9.4928669031572323e-06
26 26 6.9721647477691544e-05
26 31 -1.1370435476711379e-05
26 54 -1.4577231245043440e-05
27 27 6.2098967124108812e-05
27 32 -9.6925019674399159e-06
27 53 -1.1713775191889320e-05
28 28 6.1701889396739536e-05
28 33 -1.0064113341694497e-05
28 55 -1.2322029923266137e-05
29 29 5.9069763226649551e-05
29 34 -9.1975436640188571e-06
29 52 -1.1192701629263936e-05
30 5 -1.0212488904458735e-05
30 13 -1.0488822362513602e-05
30 30 5.2647958894984377e-05
30 32 -1.1838597513411578e-05
31 12 -1.0850542694864868e-05
31 26 -1.1370435476711379e-05
31 31 5.7385666008266522e-05
31 49 -1.2313937197348608e-05
32 11 -1.0811351435697811e-05
32 27 -9.6925019674399159e-06
32 30 -1.1838597513411578e-05
32 32 5.2894054705703752e-05
33 14 -7.7193768382054633e-06
33 25 -9.4928669031572323e-06
33 28 -1.0064113341694497e-05
33 33 4.4442113561266137e-05
34 2 -9.3555056982566219e-06
34 14 -8.0536949749388126e-06
34 29 -9.1975436640188571e-06
34 34 4.4355563914741920e-05
35 6 -9.6786745150402097e-06
35 24 -1.1388149578079979e-05
35 35 5.2153792840579159e-05
35 65 -1.2523686274398117e-05
36 7 -8.5218013734527926e-06
36 19 -9.3530156766601518e-06
36 36 4.8599795493229577e-05
36 66 -1.1815677402620306e-05
37 37 6.7169083182698394e-05
37 41 -1.4415713087162611e-05
37 54 -8.3767333963850639e-06
38 38 5.4069851959365049e-05
38 42 -1.1643657709286995e-05
38 53 -7.1666876048814071e-06
39 39 5.5611414389983590e-05
39 40 -1.1637536975343516e-05
39 55 -7.0251055649496655e-06
40 39 -1.1637536975343516e-05
40 40 5.4037279263785800e-05
40 58 -7.1602418612507707e-06
41 37 -1.4415713087162611e-05
41 41 6.7756353030668372e-05
41 57 -8.9325114547159240e-06
42 38 -1.1643657709286995e-05
42 42 5.5691373080899900e-05
42 56 -7.0854381997955182e-06
43 43 5.5661702862849216e-05
43 44 -1.1223501864051541e-05
43 59 -7.0306992450571934e-06
44 43 -1.1223501864051541e-05
44 44 5.5333660612545332e-05
44 52 -6.7003772705752406e-06
45 1 -9.5487235529032569e-06
45 45 4.9824073106027291e-05
45 51 -1.1282737185543754e-05
45 64 -9.0304287850468008e-06
46 9 -1.1292680355614492e-05
46 21 -1.0665872801652404e-05
46 46 4.6722698477496196e-05
46 66 -7.6957970936852188e-06
47 8 -8.3797233916659088e-06
47 15 -1.2105164786429155e-05
47 47 5.0833876455262742e-05
47 50 -1.1974381116363219e-05
48 9 -7.7434462466082845e-06
48 15 -1.2193143196780581e-05
48 48 5.0700011556492321e-05
48 51 -1.1762022614977728e-05
49 8 -1.1971523829579591e-05
49 31 -1.2313937197348608e-05
49 49 5.1343507696757769e-05
49 65 -9.3226290465461940e-06
50 47 -1.1974381116363219e-05
50 50 5.2086519984641543e-05
50 64 -1.3384847612725709e-05
50 65 -8.8036035887170275e-06
51 45 -1.1282737185543754e-05
51 48 -1.1762022614977728e-05
51 51 4.9090650765792171e-05
51 66 -8.1013337545944427e-06
52 29 -1.1192701629263936e-05
52 44 -6.7003772705752406e-06
52 52 4.2795431551342160e-05
52 60 -9.0590358371166461e-06
53 27 -1.1713775191889320e-05
53 38 -7.1666876048814071e-06
53 53 4.3836751333930779e-05
53 61 -9.6760342324231860e-06
54 26 -1.4577231245043440e-05
54 37 -8.3767333963850639e-06
54 54 5.2226380754914384e-05
54 62 -1.1471750496439040e-05
55 28 -1.2322029923266137e-05
55 39 -7.0251055649496655e-06
55 55 4.5626017662532163e-05
55 63 -1.0167629874499258e-05
56 16 -1.2283518314409537e-05
56 42 -7.0854381997955182e-06
56 56 4.4905944915179350e-05
56 61 -9.7618654621786265e-06
57 17 -1.2851957162619405e-05
57 41 -8.9325114547159240e-06
57 57 4.7319615157443849e-05
57 62 -9.9474428032830540e-06
58 18 -1.2096582204811011e-05
58 40 -7.1602418612507707e-06
58 58 4.3653159310527183e-05
58 63 -9.2768813816064275e-06
59 22 -1.0440980718897336e-05
59 43 -7.0306992450571934e-06
59 59 3.9365217730751160e-05
59 60 -7.7274967209880945e-06
60 7 -1.0388241619761768e-05
60 52 -9.0590358371166461e-06
60 59 -7.7274967209880945e-06
60 60 4.2506799652158518e-05
61 5 -1.1264335376665440e-05
61 53 -9.6760342324231860e-06
61 56 -9.7618654621786265e-06
61 61 4.6663853722666383e-05
62 3 -1.1933454608140677e-05
62 54 -1.1471750496439040e-05
62 57 -9.9474428032830540e-06
62 62 4.9875576562180207e-05
63 6 -1.1220090080858523e-05
63 55 -1.0167629874499258e-05
63 58 -9.2768813816064275e-06
63 63 4.6203296951309968e-05
64 4 -8.3929847733649489e-06
64 45 -9.0304287850468008e-06
64 50 -1.3384847612725709e-05
64 64 4.8711650152517138e-05
65 35 -1.2523686274398117e-05
65 49 -9.3226290465461940e-06
65 50 -8.8036035887170275e-06
65 65 4.5713223138833258e-05
66 36 -1.1815677402620306e-05
66 46 -7.6957970936852188e-06
66 51 -8.1013337545944427e-06
66 66 4.2343874257235112e-05
