%%MatrixMarket matrix coordinate real general
66 66 244
1 1 5.7206965408846412e-05
1 2 -1.3317114351544015e-05
1 7 -9.7253167497009252e-06
1 45 -9.4125582079512087e-06
2 1 -1.3317114351544015e-05
2 2 5.2453969667697253e-05
2 25 -8.2212630776039380e-06
2 34 -9.2804728096677663e-06
3 3 5.6992449909509454e-05
3 8 -1.3998109286851281e-05
3 20 -1.0361402874256431e-05
3 62 -1.1828854615035435e-05
4 4 5.0962321860989539e-05
4 6 -1.1546524398746372e-05
4 25 -1.1681814977162262e-05
4 64 -8.2047568259704001e-06
5 5 5.4151419845422070e-05
5 9 -1.2638801748507629e-05
5 30 -9.9312210939829301e-06
5 61 -1.0920578946295386e-05
6 4 -1.1546524398746372e-05
6 6 5.0348257319917923e-05
6 35 -9.3853323638367435e-06
6 63 -1.0843870783061317e-05
7 1 -9.7253167497009252e-06
7 7 4.8336808102642663e-05
7 36 -8.4256019417560527e-06
7 60 -1.0310811636703609e-05
8 3 -1.3998109286851281e-05
8 8 5.2401273221091742e-05
8 47 -8.3017253563361092e-06
8 49 -1.1753164405766511e-05
9 5 -1.2638801748507629e-05
9 9 4.9681041409596341e-05
9 46 -1.1071345492476560e-05
9 48 -7.5678133726272427e-06
10 10 5.5739190075288424e-05
10 19 -8.5153702863131547e-06
10 21 -9.1394126748440244e-06
11 11 5.4604352341391070e-05
11 23 -9.1373737783861457e-06
11 32 -9.3943851441061880e-06
12 12 5.4005416336022619e-05
12 24 -8.7778879508366068e-06
12 31 -9.4271957125686503e-06
13 13 5.1892514117859976e-05
13 15 -1.0786150860239539e-05
13 20 -1.0744000871520481e-05
13 30 -1.0306410021935794e-05
14 14 5.4038267254851062e-05
14 33 -7.5772294829226222e-06
14 34 -7.9351962335516074e-06
15 13 -1.0786150860239539e-05
15 15 5.7617527916822346e-05
15 47 -1.1881948923372093e-05
15 48 -1.2013938081487132e-05
16 16 5.9033925436902798e-05
16 21 -9.2561000060811741e-06
16 56 -1.1616732917037140e-05
17 17 6.0205944874033951e-05
17 23 -9.9160659292199535e-06
17 57 -1.1593491071397380e-05
18 18 5.2561250607054193e-05
18 24 -9.0046484036266219e-06
18 58 -1.0118673664141432e-05
19 10 -8.5153702863131547e-06
19 19 4.5790202569655637e-05
19 22 -9.2219751564654514e-06
19 36 -9.2411706764203694e-06
20 3 -1.0361402874256431e-05
20 13 -1.0744000871520481e-05
20 20 5.3046142317266946e-05
20 23 -1.1978162223042971e-05
21 10 -9.1394126748440244e-06
21 16 -9.2561000060811741e-06
21 21 4.9558487305592026e-05
21 46 -1.0362766587267613e-05
22 19 -9.2219751564654514e-06
22 22 5.8069567888910283e-05
22 59 -1.0400584536108060e-05
23 11 -9.1373737783861457e-06
23 17 -9.9160659292199535e-06
23 20 -1.1978162223042971e-05
23 23 5.2389928874184745e-05
24 12 -8.7778879508366068e-06
24 18 -9.0046484036266219e-06
24 24 4.8899744312763781e-05
24 35 -1.1168842274392775e-05
25 2 -8.2212630776039380e-06
25 4 -1.1681814977162262e-05
25 25 4.8258436393185495e-05
25 33 -9.2320496916655678e-06
26 26 6.2381588542588997e-05
26 31 -1.0312661424650146e-05
26 54 -1.3199199963462216e-05
27 27 5.1387060093669022e-05
27 32 -8.1760384921524071e-06
27 53 -9.7863851811975124e-06
28 28 5.9557655643769398e-05
28 33 -9.8529647687627409e-06
28 55 -1.1683842030687290e-05
29 29 5.8725822404263238e-05
29 34 -9.0777085178102952e-06
29 52 -1.1152138324617449e-05
30 5 -9.9312210939829301e-06
30 13 -1.0306410021935794e-05
30 30 5.1321689543160633e-05
30 32 -1.1621616087071940e-05
31 12 -9.4271957125686503e-06
31 26 -1.0312661424650146e-05
31 31 5.4832274535594446e-05
31 49 -1.2273909613844861e-05
32 11 -9.3943851441061880e-06
32 27 -8.1760384921524071e-06
32 30 -1.1621616087071940e-05
32 32 4.9330402176318463e-05
33 14 -7.5772294829226222e-06
33 25 -9.2320496916655678e-06
33 28 -9.8529647687627409e-06
33 33 4.3482859027796428e-05
34 2 -9.2804728096677663e-06
34 14 -7.9351962335516074e-06
34 29 -9.0777085178102952e-06
34 34 4.3767944595361202e-05
35 6 -9.3853323638367435e-06
35 24 -1.1168842274392775e-05
35 35 5.0954760888980092e-05
35 65 -1.2302906434993755e-05
36 7 -8.4256019417560527e-06
36 19 -9.2411706764203694e-06
36 36 4.7953601149594906e-05
36 66 -1.1624208921028648e-05
37 37 6.2831164914433301e-05
37 41 -1.3531246258259571e-05
37 54 -7.9127529051055009e-06
38 38 4.5059764111879872e-05
38 42 -9.5335914925493404e-06
38 53 -6.0615995013943738e-06
39 39 4.4534035836403239e-05
39 40 -9.5287443840654392e-06
39 55 -6.3905150169720418e-06
40 39 -9.5287443840654392e-06
40 40 4.5038925800375000e-05
40 58 -6.0586404478262914e-06
41 37 -1.3531246258259571e-05
41 41 6.3457365792102336e-05
41 57 -8.4445198237817545e-06
42 38 -9.5335914925493404e-06
42 42 4.4601025938019672e-05
42 56 -6.4270838756110198e-06
43 43 5.5568187473117394e-05
43 44 -1.1205807473920609e-05
43 59 -7.0069412300941617e-06
44 43 -1.1205807473920609e-05
44 44 5.5236067997571858e-05
44 52 -6.6791265007829965e-06
45 1 -9.4125582079512087e-06
45 45 4.9008019694283682e-05
45 51 -1.1115973977007840e-05
45 64 -8.8337812134082533e-06
46 9 -1.1071345492476560e-05
46 21 -1.0362766587267613e-05
46 46 4.5435195289401330e-05
46 66 -7.4801783554123411e-06
47 8 -8.3017253563361092e-06
47 15 -1.1881948923372093e-05
47 47 4.9890040619876466e-05
47 50 -1.1746983266967149e-05
48 9 -7.5678133726272427e-06
48 15 -1.2013938081487132e-05
48 48 4.9774530859805118e-05
48 51 -1.1498534862665326e-05
49 8 -1.1753164405766511e-05
49 31 -1.2273909613844861e-05
49 49 5.0662823589349819e-05
49 65 -9.1437856885723421e-06
50 47 -1.1746983266967149e-05
50 50 5.1117365724287625e-05
50 64 -1.3144217333078532e-05
50 65 -8.6617626342677746e-06
51 45 -1.1115973977007840e-05
51 48 -1.1498534862665326e-05
51 51 4.8239248256420450e-05
51 66 -7.9775643347739476e-06
52 29 -1.1152138324617449e-05
52 44 -6.6791265007829965e-06
52 52 4.2587821213587696e-05
52 60 -8.9757801128523646e-06
53 27 -9.7863851811975124e-06
53 38 -6.0615995013943738e-06
53 53 3.8919914049574824e-05
53 61 -9.0159732120936272e-06
54 26 -1.3199199963462216e-05
54 37 -7.9127529051055009e-06
54 54 5.0432921977284253e-05
54 62 -1.1479092415158897e-05
55 28 -1.1683842030687290e-05
55 39 -6.3905150169720418e-06
55 55 4.3031605494559048e-05
55 63 -9.6016123266300220e-06
56 16 -1.1616732917037140e-05
56 42 -6.4270838756110198e-06
56 56 4.2090108096606053e-05
56 61 -9.2435984619146746e-06
57 17 -1.1593491071397380e-05
57 41 -8.4445198237817545e-06
57 57 4.5692872827891379e-05
57 62 -9.9596064708925833e-06
58 18 -1.0118673664141432e-05
58 40 -6.0586404478262914e-06
58 58 3.8761841293442284e-05
58 63 -8.6517342916515586e-06
59 22 -1.0400584536108060e-05
59 43 -7.0069412300941617e-06
59 59 3.9168694270473267e-05
59 60 -7.6556791572423504e-06
60 7 -1.0310811636703609e-05
60 52 -8.9757801128523646e-06
60 59 -7.6556791572423504e-06
60 60 4.2104983761436993e-05
61 5 -1.0920578946295386e-05
61 53 -9.0159732120936272e-06
61 56 -9.2435984619146746e-06
61 61 4.4234668423419293e-05
62 3 -1.1828854615035435e-05
62 54 -1.1479092415158897e-05
62 57 -9.9596064708925833e-06
62 62 4.9616880766223810e-05
63 6 -1.0843870783061317e-05
63 55 -9.6016123266300220e-06
63 58 -8.6517342916515586e-06
63 63 4.3696876439984576e-05
64 4 -8.2047568259704001e-06
64 45 -8.8337812134082533e-06
64 50 -1.3144217333078532e-05
64 64 4.7620233437019641e-05
65 35 -1.2302906434993755e-05
65 49 -9.1437856885723421e-06
65 50 -8.6617626342677746e-06
65 65 4.5044749451710399e-05
66 36 -1.1624208921028648e-05
66 46 -7.4801783554123411e-06
66 51 -7.9775643347739476e-06
66 66 4.1537483374679143e-05
