%%MatrixMarket matrix coordinate real general
66 66 244
1 1 2.4602793759050194e-04
1 2 -1.2470462639692726e-07
1 7 -9.1022148292200493e-08
1 45 -8.4725074334840200e-08
2 1 -1.2470462639692726e-07
2 2 2.1309058590496155e-04
2 25 -7.7358750444329970e-08
2 34 -8.7183043719359278e-08
3 3 1.9424564377966088e-04
3 8 -1.1133144645064042e-07
3 20 -8.2530849657437521e-08
3 62 -9.2095985150178735e-08
4 4 1.9104238381699145e-04
4 6 -1.0137754491352882e-07
4 25 -1.0450137348131634e-07
4 64 -7.2445009669403723e-08
5 5 2.0388743306034692e-04
5 9 -1.1020420718306608e-07
5 30 -8.3021318951755470e-08
5 61 -9.5817139990918809e-08
6 4 -1.0137754491352882e-07
6 6 1.8284500971783613e-04
6 35 -7.8951439350932984e-08
6 63 -9.5912678825213170e-08
7 1 -9.1022148292200493e-08
7 7 1.9573817261647820e-04
7 36 -8.0071551708736756e-08
7 60 -9.7928162090895245e-08
8 3 -1.1133144645064042e-07
8 8 1.7141744925717209e-04
8 47 -6.6764133237683038e-08
8 49 -9.5286562707945145e-08
9 5 -1.1020420718306608e-07
9 9 1.8038142574966363e-04
9 46 -9.8279215647953009e-08
9 48 -6.6736051434664932e-08
10 10 1.9606087240794411e-04
10 19 -8.3480936524924381e-08
10 21 -8.8194844137373041e-08
11 11 2.0480250303429680e-04
11 23 -8.4432186549516500e-08
11 32 -8.6823867277113292e-08
12 12 2.0470428902290465e-04
12 24 -8.1583709987585294e-08
12 31 -8.7536097671919624e-08
13 13 1.9113577819548141e-04
13 15 -8.8848883501822475e-08
13 20 -8.6025867332385217e-08
13 30 -8.5232433096147042e-08
14 14 1.5762119064209094e-04
14 33 -7.3401234445438942e-08
14 34 -7.8017181391279337e-08
15 13 -8.8848883501822475e-08
15 15 2.1914915698132599e-04
15 47 -9.9958863645518814e-08
15 48 -1.0135337220707244e-07
16 16 2.2085317958516450e-04
16 21 -8.9746988644928926e-08
16 56 -1.1285687330478473e-07
17 17 2.0798079261842020e-04
17 23 -8.5770165036301221e-08
17 57 -1.0049693808980232e-07
18 18 2.1060677306951106e-04
18 24 -8.9462414760119734e-08
18 58 -1.0128585871539937e-07
19 10 -8.3480936524924381e-08
19 19 1.8916209861205533e-04
19 22 -9.0201486415122130e-08
19 36 -8.7736012509626653e-08
20 3 -8.2530849657437521e-08
20 13 -8.6025867332385217e-08
20 20 1.8918885084340131e-04
20 23 -9.2406060448108268e-08
21 10 -8.8194844137373041e-08
21 16 -8.9746988644928926e-08
21 21 2.0868933450224315e-04
21 46 -9.6930515823789553e-08
22 19 -9.0201486415122130e-08
22 22 2.0176458941458192e-04
22 59 -1.0290756499328633e-07
23 11 -8.4432186549516500e-08
23 17 -8.5770165036301221e-08
23 20 -9.2406060448108268e-08
23 23 1.9834657132750258e-04
24 12 -8.1583709987585294e-08
24 18 -8.9462414760119734e-08
24 24 1.9160424635135645e-04
24 35 -8.9220353476656883e-08
25 2 -7.7358750444329970e-08
25 4 -1.0450137348131634e-07
25 25 1.9183704843373346e-04
25 33 -8.7004758053001922e-08
26 26 2.3596548259792612e-04
26 31 -8.8995987414418444e-08
26 54 -1.1414880787119701e-07
27 27 1.9982551266293445e-04
27 32 -8.1357323635564315e-08
27 53 -9.8148684275855833e-08
28 28 2.1857102811666615e-04
28 33 -9.5902591386780609e-08
28 55 -1.1325764800840136e-07
29 29 2.0871135781936232e-04
29 34 -8.9024182467706185e-08
29 52 -1.1016148386407828e-07
30 5 -8.3021318951755470e-08
30 13 -8.5232433096147042e-08
30 30 1.9048202277894942e-04
30 32 -9.2604138166822303e-08
31 12 -8.7536097671919624e-08
31 26 -8.8995987414418444e-08
31 31 2.1159498584050125e-04
31 49 -9.5102370670192961e-08
32 11 -8.6823867277113292e-08
32 27 -8.1357323635564315e-08
32 30 -9.2604138166822303e-08
32 32 1.9320701302759166e-04
33 14 -7.3401234445438942e-08
33 25 -8.7004758053001922e-08
33 28 -9.5902591386780609e-08
33 33 1.6940999012936863e-04
34 2 -8.7183043719359278e-08
34 14 -7.8017181391279337e-08
34 29 -8.9024182467706185e-08
34 34 1.7631850973366526e-04
35 6 -7.8951439350932984e-08
35 24 -8.9220353476656883e-08
35 35 1.7657033117634275e-04
35 65 -1.0216501892064080e-07
36 7 -8.0071551708736756e-08
36 19 -8.7736012509626653e-08
36 36 1.8623589153505038e-04
36 66 -1.0787351458473691e-07
37 37 1.8677586905306803e-04
37 41 -1.0902600773875180e-07
37 54 -6.3801587138878677e-08
38 38 1.8447359431428766e-04
38 42 -1.1055434306738095e-07
38 53 -6.8171148699280361e-08
39 39 1.7673326164613346e-04
39 40 -1.1055574952117076e-07
39 55 -6.5271629200381242e-08
40 39 -1.1055574952117076e-07
40 40 1.8443607809827769e-04
40 58 -6.8143160712684166e-08
41 37 -1.0902600773875180e-07
41 41 1.8678142297658861e-04
41 57 -6.7930692782754895e-08
42 38 -1.1055434306738095e-07
42 42 1.7673685471896559e-04
42 56 -6.5807862316654392e-08
43 43 1.7427488264879995e-04
43 44 -1.1208784911332452e-07
43 59 -6.9249354264228911e-08
44 43 -1.1208784911332452e-07
44 44 1.7427123297720701e-04
44 52 -6.5902293349735134e-08
45 1 -8.4725074334840200e-08
45 45 1.9159375982378364e-04
45 51 -9.9826345278934637e-08
45 64 -7.7835236455281338e-08
46 9 -9.8279215647953009e-08
46 21 -9.6930515823789553e-08
46 46 1.6647683621372609e-04
46 66 -7.0136679695809933e-08
47 8 -6.6764133237683038e-08
47 15 -9.9958863645518814e-08
47 47 1.7303039613253635e-04
47 50 -9.8858517872831090e-08
48 9 -6.6736051434664932e-08
48 15 -1.0135337220707244e-07
48 48 1.8199645312810050e-04
48 51 -1.0123770609655028e-07
49 8 -9.5286562707945145e-08
49 31 -9.5102370670192961e-08
49 49 1.6654634054143137e-04
49 65 -7.4082604463354771e-08
50 47 -9.8858517872831090e-08
50 50 1.6969625378385948e-04
50 64 -1.1185207368943451e-07
50 65 -7.1631680261435270e-08
51 45 -9.9826345278934637e-08
51 48 -1.0123770609655028e-07
51 51 1.7317152623469765e-04
51 66 -7.1546010041058010e-08
52 29 -1.1016148386407828e-07
52 44 -6.5902293349735134e-08
52 52 1.5808751361511941e-04
52 60 -8.7760725946011403e-08
53 27 -9.8148684275855833e-08
53 38 -6.8171148699280361e-08
53 53 1.4694487664209944e-04
53 61 -7.8162032799272550e-08
54 26 -1.1414880787119701e-07
54 37 -6.3801587138878677e-08
54 54 1.6650145126948242e-04
54 62 -8.7384413773364943e-08
55 28 -1.1325764800840136e-07
55 39 -6.5271629200381242e-08
55 55 1.6035722551628918e-04
55 63 -8.7722569822474956e-08
56 16 -1.1285687330478473e-07
56 42 -6.5807862316654392e-08
56 56 1.5697246652080751e-04
56 61 -8.3835478562584311e-08
57 17 -1.0049693808980232e-07
57 41 -6.7930692782754895e-08
57 57 1.4684292865119219e-04
57 62 -7.5631285990392227e-08
58 18 -1.0128585871539937e-07
58 40 -6.8143160712684166e-08
58 58 1.4520086906835263e-04
58 63 -7.4984565629377273e-08
59 22 -1.0290756499328633e-07
59 43 -6.9249354264228911e-08
59 59 1.4156340362777201e-04
59 60 -7.4861480202607467e-08
60 7 -9.7928162090895245e-08
60 52 -8.7760725946011403e-08
60 59 -7.4861480202607467e-08
60 60 1.5252863543527550e-04
61 5 -9.5817139990918809e-08
61 53 -7.8162032799272550e-08
61 56 -8.3835478562584311e-08
61 61 1.5511680075005295e-04
62 3 -9.2095985150178735e-08
62 54 -8.7384413773364943e-08
62 57 -7.5631285990392227e-08
62 62 1.5316770827929294e-04
63 6 -9.5912678825213170e-08
63 55 -8.7722569822474956e-08
63 58 -7.4984565629377273e-08
63 63 1.5173750946586472e-04
64 4 -7.2445009669403723e-08
64 45 -7.7835236455281338e-08
64 50 -1.1185207368943451e-07
64 64 1.7004052602634362e-04
65 35 -1.0216501892064080e-07
65 49 -7.4082604463354771e-08
65 50 -7.1631680261435270e-08
65 65 1.4155923026023447e-04
66 36 -1.0787351458473691e-07
66 46 -7.0136679695809933e-08
66 51 -7.1546010041058010e-08
66 66 1.4253171110733843e-04
