%%MatrixMarket matrix coordinate real general
66 66 244
1 1 2.4603306058558168e-04
1 2 -1.2470371777234456e-07
1 7 -9.1021840643231031e-08
1 45 -8.4724980179898766e-08
2 1 -1.2470371777234456e-07
2 2 2.1312049777208637e-04
2 25 -7.7357763757596443e-08
2 34 -8.7178655979547303e-08
3 3 1.9354555328053835e-04
3 8 -1.1135959832213695e-07
3 20 -8.2581412096050878e-08
3 62 -9.2204036979677732e-08
4 4 1.9100002758669742e-04
4 6 -1.0138959205352752e-07
4 25 -1.0450186750312512e-07
4 64 -7.2445936583700031e-08
5 5 2.0342548876129719e-04
5 9 -1.1021801714662996e-07
5 30 -8.3067176470184894e-08
5 61 -9.5876731025398821e-08
6 4 -1.0138959205352752e-07
6 6 1.8241712681215430e-04
6 35 -7.8995357018046644e-08
6 63 -9.5972105809605636e-08
7 1 -9.1021840643231031e-08
7 7 1.9574881621852567e-04
7 36 -8.0070855716110155e-08
7 60 -9.7926473348347694e-08
8 3 -1.1135959832213695e-07
8 8 1.7114847743812786e-04
8 47 -6.6769591670046968e-08
8 49 -9.5334330931130208e-08
9 5 -1.1021801714662996e-07
9 9 1.8033675650168358e-04
9 46 -9.8279975935405833e-08
9 48 -6.6736932549490723e-08
10 10 1.9653930729484319e-04
10 19 -8.3467525854149137e-08
10 21 -8.8181682420776256e-08
11 11 1.9670821081089015e-04
11 23 -8.5584574093248453e-08
11 32 -8.8028312396187676e-08
12 12 1.9674115919445667e-04
12 24 -8.2707535032618758e-08
12 31 -8.8675437030750461e-08
13 13 1.9075903175454933e-04
13 15 -8.8857426402033319e-08
13 20 -8.6072063983236012e-08
13 30 -8.5279353848514397e-08
14 14 1.5810110385151686e-04
14 33 -7.3387491407988442e-08
14 34 -7.8002323889476848e-08
15 13 -8.8857426402033319e-08
15 15 2.1911300065540260e-04
15 47 -9.9960343812770269e-08
15 48 -1.0135436575712455e-07
16 16 2.2115875695628482e-04
16 21 -8.9737815963443249e-08
16 56 -1.1287231546514814e-07
17 17 2.0029094659740777e-04
17 23 -8.6926301908955900e-08
17 57 -1.0206076191294191e-07
18 18 2.0347956784542737e-04
18 24 -9.0664978910555215e-08
18 58 -1.0280604037127519e-07
19 10 -8.3467525854149137e-08
19 19 1.8933316720990627e-04
19 22 -9.0187190846987234e-08
19 36 -8.7731661682147683e-08
20 3 -8.2581412096050878e-08
20 13 -8.6072063983236012e-08
20 20 1.8743100174089112e-04
20 23 -9.2731178522707945e-08
21 10 -8.8181682420776256e-08
21 16 -8.9737815963443249e-08
21 21 2.0884442989601239e-04
21 46 -9.6926301158864970e-08
22 19 -9.0187190846987234e-08
22 22 2.0224363384225541e-04
22 59 -1.0288893729906477e-07
23 11 -8.5584574093248453e-08
23 17 -8.6926301908955900e-08
23 20 -9.2731178522707945e-08
23 23 1.9393806361553049e-04
24 12 -8.2707535032618758e-08
24 18 -9.0664978910555215e-08
24 24 1.8718310876144180e-04
24 35 -8.9542865446641939e-08
25 2 -7.7357763757596443e-08
25 4 -1.0450186750312512e-07
25 25 1.9186115317298581e-04
25 33 -8.7000496379818385e-08
26 26 2.2656490578211794e-04
26 31 -9.0037069981210668e-08
26 54 -1.1564666440274630e-07
27 27 1.9118903471136990e-04
27 32 -8.2506986242107931e-08
27 53 -9.9705696000130445e-08
28 28 2.1888363237493943e-04
28 33 -9.5891463857025759e-08
28 55 -1.1327272883876383e-07
29 29 2.0918720126996885e-04
29 34 -8.9009701472846165e-08
29 52 -1.1014285210497876e-07
30 5 -8.3067176470184894e-08
30 13 -8.5279353848514397e-08
30 30 1.8866233032395851e-04
30 32 -9.2938481876434631e-08
31 12 -8.8675437030750461e-08
31 26 -9.0037069981210668e-08
31 31 2.0813526236192336e-04
31 49 -9.5425674653959072e-08
32 11 -8.8028312396187676e-08
32 27 -8.2506986242107931e-08
32 30 -9.2938481876434631e-08
32 32 1.8847099058938701e-04
33 14 -7.3387491407988442e-08
33 25 -8.7000496379818385e-08
33 28 -9.5891463857025759e-08
33 33 1.6957011790181086e-04
34 2 -8.7178655979547303e-08
34 14 -7.8002323889476848e-08
34 29 -8.9009701472846165e-08
34 34 1.7650075255779335e-04
35 6 -7.8995357018046644e-08
35 24 -8.9542865446641939e-08
35 35 1.7490573646697984e-04
35 65 -1.0222725574559874e-07
36 7 -8.0070855716110155e-08
36 19 -8.7731661682147683e-08
36 36 1.8626004852286479e-04
36 66 -1.0787260940411206e-07
37 37 1.7624257630705005e-04
37 41 -1.1194708776235484e-07
37 54 -6.4891058725582260e-08
38 38 1.7623700667083160e-04
38 42 -1.1200057087702073e-07
38 53 -6.9253334594054949e-08
39 39 1.7483149304964565e-04
39 40 -1.1200057090019079e-07
39 55 -6.5406011617914264e-08
40 39 -1.1200057090019079e-07
40 40 1.7623696879764960e-04
40 58 -6.9214858701560295e-08
41 37 -1.1194708776235484e-07
41 41 1.7624651020364083e-04
41 57 -6.9177671784541738e-08
42 38 -1.1200057087702073e-07
42 42 1.7483203279785453e-04
42 56 -6.5944598531324084e-08
43 43 1.7482575048597993e-04
43 44 -1.1205409947337353e-07
43 59 -6.9234356718331073e-08
44 43 -1.1205409947337353e-07
44 44 1.7482240131919783e-04
44 52 -6.5888667281567263e-08
45 1 -8.4724980179898766e-08
45 45 1.9159369771790420e-04
45 51 -9.9826345352656150e-08
45 64 -7.7835367775659717e-08
46 9 -9.8279975935405833e-08
46 21 -9.6926301158864970e-08
46 46 1.6649407863277170e-04
46 66 -7.0136207944506015e-08
47 8 -6.6769591670046968e-08
47 15 -9.9960343812770269e-08
47 47 1.7300577673304550e-04
47 50 -9.8860185732450323e-08
48 9 -6.6736932549490723e-08
48 15 -1.0135436575712455e-07
48 48 1.8199122590889109e-04
48 51 -1.0123784781930924e-07
49 8 -9.5334330931130208e-08
49 31 -9.5425674653959072e-08
49 49 1.6502670038164439e-04
49 65 -7.4125575577303728e-08
50 47 -9.8860185732450323e-08
50 50 1.6966038813771378e-04
50 64 -1.1185341022507224e-07
50 65 -7.1640389091688451e-08
51 45 -9.9826345352656150e-08
51 48 -1.0123784781930924e-07
51 51 1.7317158536015752e-04
51 66 -7.1545904175605858e-08
52 29 -1.1014285210497876e-07
52 44 -6.5888667281567263e-08
52 52 1.5826311748324453e-04
52 60 -8.7754506025561537e-08
53 27 -9.9705696000130445e-08
53 38 -6.9253334594054949e-08
53 53 1.4308046247373383e-04
53 61 -7.8506546188049477e-08
54 26 -1.1564666440274630e-07
54 37 -6.4891058725582260e-08
54 54 1.6121191518785006e-04
54 62 -8.7808222944183390e-08
55 28 -1.1327272883876383e-07
55 39 -6.5406011617914264e-08
55 55 1.5951858011603853e-04
55 63 -8.7791329331640065e-08
56 16 -1.1287231546514814e-07
56 42 -6.5944598531324084e-08
56 56 1.5612616244454412e-04
56 61 -8.3904923479981934e-08
57 17 -1.0206076191294191e-07
57 41 -6.9177671784541738e-08
57 57 1.4231037232397873e-04
57 62 -7.6028497801719729e-08
58 18 -1.0280604037127519e-07
58 40 -6.9214858701560295e-08
58 58 1.4167482894061889e-04
58 63 -7.5308947775894497e-08
59 22 -1.0288893729906477e-07
59 43 -6.9234356718331073e-08
59 59 1.4173647619108260e-04
59 60 -7.4855948680833385e-08
60 7 -9.7926473348347694e-08
60 52 -8.7754506025561537e-08
60 59 -7.4855948680833385e-08
60 60 1.5258117791469613e-04
61 5 -9.5876731025398821e-08
61 53 -7.8506546188049477e-08
61 56 -8.3904923479981934e-08
61 61 1.5323356431102921e-04
62 3 -9.2204036979677732e-08
62 54 -8.7808222944183390e-08
62 57 -7.6028497801719729e-08
62 62 1.5156558266332583e-04
63 6 -9.5972105809605636e-08
63 55 -8.7791329331640065e-08
63 58 -7.5308947775894497e-08
63 63 1.4998986065165547e-04
64 4 -7.2445936583700031e-08
64 45 -7.7835367775659717e-08
64 50 -1.1185341022507224e-07
64 64 1.7003428793959619e-04
65 35 -1.0222725574559874e-07
65 49 -7.4125575577303728e-08
65 50 -7.1640389091688451e-08
65 65 1.4120224178446733e-04
66 36 -1.0787260940411206e-07
66 46 -7.0136207944506015e-08
66 51 -7.1545904175605858e-08
66 66 1.4253643165055993e-04
