%%MatrixMarket matrix coordinate real general
66 66 244
1 1 5.7509956246848009e-05
1 2 -1.3384266337948209e-05
1 7 -9.7747042002955202e-06
1 45 -9.4617850435905622e-06
2 1 -1.3384266337948209e-05
2 2 5.2684823999825931e-05
2 25 -8.2990410093741629e-06
2 34 -9.3077372197553157e-06
3 3 5.7222624135986710e-05
3 8 -1.4049670668475434e-05
3 20 -1.0402558717248641e-05
3 62 -1.1871138518449371e-05
4 4 5.1402382485158773e-05
4 6 -1.1670431545751973e-05
4 25 -1.1771160235449957e-05
4 64 -8.2736974966537285e-06
5 5 5.4745418123584386e-05
5 9 -1.2762794920317051e-05
5 30 -1.0033417247236364e-05
5 61 -1.1043052095903135e-05
6 4 -1.1670431545751973e-05
6 6 5.0949789486681321e-05
6 35 -9.4918702796439847e-06
6 63 -1.0977664466631074e-05
7 1 -9.7747042002955202e-06
7 7 4.8504625128897474e-05
7 36 -8.4609777813206339e-06
7 60 -1.0338991055684203e-05
8 3 -1.4049670668475434e-05
8 8 5.2624066371357862e-05
8 47 -8.3294416102222820e-06
8 49 -1.1837518816863262e-05
9 5 -1.2762794920317051e-05
9 9 5.0084587974489128e-05
9 46 -1.1150621711584790e-05
9 48 -7.6325751749926535e-06
10 10 5.6039338695987635e-05
10 19 -8.5510774506809801e-06
10 21 -9.2055845963279763e-06
11 11 5.7167898003363378e-05
11 23 -9.5210508044618109e-06
11 32 -9.7994376865976100e-06
12 12 5.6559523202775916e-05
12 24 -9.1604380202735034e-06
12 31 -9.8248316319598192e-06
13 13 5.2231921836667325e-05
13 15 -1.0849734324827191e-05
13 20 -1.0803630254387574e-05
13 30 -1.0373433245622157e-05
14 14 5.4367035964896971e-05
14 33 -7.6295065179186938e-06
14 34 -7.9790765909724264e-06
15 13 -1.0849734324827191e-05
15 15 5.7959185186811488e-05
15 47 -1.1965323765061330e-05
15 48 -1.2078439154465643e-05
16 16 5.9825564653649010e-05
16 21 -9.3334951115991685e-06
16 56 -1.1843580648183996e-05
17 17 6.2519598759990240e-05
17 23 -1.0252988510987420e-05
17 57 -1.1995744283292039e-05
18 18 5.5115333254973201e-05
18 24 -9.4064348192157669e-06
18 58 -1.0609367859682299e-05
19 10 -8.5510774506809801e-06
19 19 4.5983427157936257e-05
19 22 -9.2559914473238283e-06
19 36 -9.2823232886679158e-06
20 3 -1.0402558717248641e-05
20 13 -1.0803630254387574e-05
20 20 5.3291521603489596e-05
20 23 -1.1989970267801040e-05
21 10 -9.2055845963279763e-06
21 16 -9.3334951115991685e-06
21 21 4.9973444886192661e-05
21 46 -1.0472890200921860e-05
22 19 -9.2559914473238283e-06
22 22 5.8188455496532114e-05
22 59 -1.0415776663673618e-05
23 11 -9.5210508044618109e-06
23 17 -1.0252988510987420e-05
23 20 -1.1989970267801040e-05
23 23 5.3094344228048250e-05
24 12 -9.1604380202735034e-06
24 18 -9.4064348192157669e-06
24 24 5.0057753864872049e-05
24 35 -1.1287710317975875e-05
25 2 -8.2990410093741629e-06
25 4 -1.1771160235449957e-05
25 25 4.8739060192196478e-05
25 33 -9.3267932845814161e-06
26 26 6.4713051189916538e-05
26 31 -1.0654946451909322e-05
26 54 -1.3643864777923258e-05
27 27 5.3867727673380696e-05
27 32 -8.5357801563696470e-06
27 53 -1.0257458502661257e-05
28 28 6.0336086973797609e-05
28 33 -9.9314635412688359e-06
28 55 -1.1902779154478059e-05
29 29 5.8856411313457557e-05
29 34 -9.1220093654358222e-06
29 52 -1.1167368011555352e-05
30 5 -1.0033417247236364e-05
30 13 -1.0373433245622157e-05
30 30 5.1844937568790854e-05
30 32 -1.1739554377111765e-05
31 12 -9.8248316319598192e-06
31 26 -1.0654946451909322e-05
31 31 5.5617530274961521e-05
31 49 -1.2294290659061160e-05
32 11 -9.7994376865976100e-06
32 27 -8.5357801563696470e-06
32 30 -1.1739554377111765e-05
32 32 5.0460604699928309e-05
33 14 -7.6295065179186938e-06
33 25 -9.3267932845814161e-06
33 28 -9.9314635412688359e-06
33 33 4.3833686379132484e-05
34 2 -9.3077372197553157e-06
34 14 -7.9790765909724264e-06
34 29 -9.1220093654358222e-06
34 34 4.3981366990157784e-05
35 6 -9.4918702796439847e-06
35 24 -1.1287710317975875e-05
35 35 5.1499809300038588e-05
35 65 -1.2382764648026576e-05
36 7 -8.4609777813206339e-06
36 19 -9.2823232886679158e-06
36 36 4.8191946775101840e-05
36 66 -1.1694320886403903e-05
37 37 6.4368296490091556e-05
37 41 -1.3848003578603758e-05
37 54 -8.0777501587351456e-06
38 38 4.6374428429568535e-05
38 42 -9.8919762678988577e-06
38 53 -6.2325230791937203e-06
39 39 4.7260880986470080e-05
39 40 -9.8866639914708487e-06
39 55 -6.5954440832898745e-06
40 39 -9.8866639914708487e-06
40 40 4.6349247506906503e-05
40 58 -6.2284428902840219e-06
41 37 -1.3848003578603758e-05
41 41 6.4987745471169447e-05
41 57 -8.6186906439436542e-06
42 38 -9.8919762678988577e-06
42 42 4.7330701732696266e-05
42 56 -6.6385721551962289e-06
43 43 5.5603389114804312e-05
43 44 -1.1212491440282051e-05
43 59 -7.0158270481096227e-06
44 43 -1.1212491440282051e-05
44 44 5.5272787695065358e-05
44 52 -6.6870411101559277e-06
45 1 -9.4617850435905622e-06
45 45 4.9306083061282345e-05
45 51 -1.1176221056880494e-05
45 64 -8.9057567024920755e-06
46 9 -1.1150621711584790e-05
46 21 -1.0472890200921860e-05
46 46 4.5897818039243086e-05
46 66 -7.5584946004018168e-06
47 8 -8.3294416102222820e-06
47 15 -1.1965323765061330e-05
47 47 5.0237409233834171e-05
47 50 -1.1832055728716932e-05
48 9 -7.6325751749926535e-06
48 15 -1.2078439154465643e-05
48 48 5.0019371096404328e-05
48 51 -1.1595688262636904e-05
49 8 -1.1837518816863262e-05
49 31 -1.2294290659061160e-05
49 49 5.0998629953802706e-05
49 65 -9.2129351889169128e-06
50 47 -1.1832055728716932e-05
50 50 5.1471730171970056e-05
50 64 -1.3231696103942953e-05
50 65 -8.7126744508275155e-06
51 45 -1.1176221056880494e-05
51 48 -1.1595688262636904e-05
51 51 4.8552751995280586e-05
51 66 -8.0223571496443675e-06
52 29 -1.1167368011555352e-05
52 44 -6.6870411101559277e-06
52 52 4.2663758049132778e-05
52 60 -9.0066522995690939e-06
53 27 -1.0257458502661257e-05
53 38 -6.2325230791937203e-06
53 53 4.0475373657964685e-05
53 61 -9.3328724294460771e-06
54 26 -1.3643864777923258e-05
54 37 -8.0777501587351456e-06
54 54 5.1012624353442270e-05
54 62 -1.1472410919188414e-05
55 28 -1.1902779154478059e-05
55 39 -6.5954440832898745e-06
55 55 4.3963045670966953e-05
55 63 -9.7924551724586678e-06
56 16 -1.1843580648183996e-05
56 42 -6.6385721551962289e-06
56 56 4.3023232921157186e-05
56 61 -9.4186746328255154e-06
57 17 -1.1995744283292039e-05
57 41 -8.6186906439436542e-06
57 57 4.6171699361311724e-05
57 62 -9.9515374029398808e-06
58 18 -1.0609367859682299e-05
58 40 -6.2284428902840219e-06
58 58 4.0309645439381937e-05
58 63 -8.9521775559208701e-06
59 22 -1.0415776663673618e-05
59 43 -7.0158270481096227e-06
59 59 3.9240709683579844e-05
59 60 -7.6823150121070844e-06
60 7 -1.0338991055684203e-05
60 52 -9.0066522995690939e-06
60 59 -7.6823150121070844e-06
60 60 4.2253822420508170e-05
61 5 -1.1043052095903135e-05
61 53 -9.3328724294460771e-06
61 56 -9.4186746328255154e-06
61 61 4.5151934265972652e-05
62 3 -1.1871138518449371e-05
62 54 -1.1472410919188414e-05
62 57 -9.9515374029398808e-06
62 62 4.9715575001618091e-05
63 6 -1.0977664466631074e-05
63 55 -9.7924551724586678e-06
63 58 -8.9521775559208701e-06
63 63 4.4631417689574836e-05
64 4 -8.2736974966537285e-06
64 45 -8.9057567024920755e-06
64 50 -1.3231696103942953e-05
64 64 4.8017729488254374e-05
65 35 -1.2382764648026576e-05
65 49 -9.2129351889169128e-06
65 50 -8.7126744508275155e-06
65 65 4.5276796328054907e-05
66 36 -1.1694320886403903e-05
66 46 -7.5584946004018168e-06
66 51 -8.0223571496443675e-06
66 66 4.1834603871534814e-05
