%%MatrixMarket matrix coordinate real general
66 66 244
1 1 5.6804565212519536e-05
1 2 -1.3231967377905578e-05
1 7 -9.6628221497570025e-06
1 45 -9.3503573437749625e-06
2 1 -1.3231967377905578e-05
2 2 5.2166024749744532e-05
2 25 -8.1256511112074792e-06
2 34 -9.2447502727591931e-06
3 3 5.6689859957963847e-05
3 8 -1.3932852860403900e-05
3 20 -1.0308632354063057e-05
3 62 -1.1767969950169991e-05
4 4 5.0422740991951364e-05
4 6 -1.1394157487497982e-05
4 25 -1.1569883429530895e-05
4 64 -8.1182666893946458e-06
5 5 5.3617649379865485e-05
5 9 -1.2485636363320205e-05
5 30 -9.8107446480003686e-06
5 61 -1.0768971627061539e-05
6 4 -1.1394157487497982e-05
6 6 4.9621970597947329e-05
6 35 -9.2600682409909435e-06
6 63 -1.0679564210069783e-05
7 1 -9.6628221497570025e-06
7 7 4.8121589371452991e-05
7 36 -8.3802524031091091e-06
7 60 -1.0274526592961621e-05
8 3 -1.3932852860403900e-05
8 8 5.2115277506223796e-05
8 47 -8.2677086414774504e-06
8 49 -1.1642636037038279e-05
9 5 -1.2485636363320205e-05
9 9 4.9177658774839442e-05
9 46 -1.0972275579772172e-05
9 48 -7.4862172611270425e-06
10 10 5.5354237850703772e-05
10 19 -8.4696800147807587e-06
10 21 -9.0548753046993474e-06
11 11 5.2248603820553133e-05
11 23 -8.7801902732313162e-06
11 32 -9.0082556550111558e-06
12 12 5.1678310787860225e-05
12 24 -8.4162706869510918e-06
12 31 -9.0600260565848239e-06
13 13 5.1471330724737204e-05
13 15 -1.0706160011010688e-05
13 20 -1.0665605007965847e-05
13 30 -1.0222765208357041e-05
14 14 5.3624366651265820e-05
14 33 -7.5102854404556728e-06
14 34 -7.8799747319361026e-06
15 13 -1.0706160011010688e-05
15 15 5.7186831375269020e-05
15 47 -1.1774410743867468e-05
15 48 -1.1933616554406033e-05
16 16 5.8025841386496148e-05
16 21 -9.1561741536545797e-06
16 56 -1.1353783542106070e-05
17 17 5.7824923208172881e-05
17 23 -9.5631176824765868e-06
17 57 -1.1175404030979677e-05
18 18 5.0486549251293987e-05
18 24 -8.6695705738558673e-06
18 58 -9.6955995131061538e-06
19 10 -8.4696800147807587e-06
19 19 4.5549585280420775e-05
19 22 -9.1784769424940733e-06
19 36 -9.1884862938782761e-06
20 3 -1.0308632354063057e-05
20 13 -1.0665605007965847e-05
20 20 5.2695578422759955e-05
20 23 -1.1935899898304630e-05
21 10 -9.0548753046993474e-06
21 16 -9.1561741536545797e-06
21 21 4.9021904000237593e-05
21 46 -1.0227624009391755e-05
22 19 -9.1784769424940733e-06
22 22 5.7912826929994868e-05
22 59 -1.0380622305888006e-05
23 11 -8.7801902732313162e-06
23 17 -9.5631176824765868e-06
23 20 -1.1935899898304630e-05
23 23 5.1558256020691345e-05
24 12 -8.4162706869510918e-06
24 18 -8.6695705738558673e-06
24 24 4.7452878876270675e-05
24 35 -1.0936994084354748e-05
25 2 -8.1256511112074792e-06
25 4 -1.1569883429530895e-05
25 25 4.7667920771611331e-05
25 33 -9.1154977901431376e-06
26 26 5.9962622171350755e-05
26 31 -9.9503899353277891e-06
26 54 -1.2732730204720089e-05
27 27 4.9395134042901037e-05
27 32 -7.8803092148953243e-06
27 53 -9.3841689282695833e-06
28 28 5.8565942669326739e-05
28 33 -9.7513428739264560e-06
28 55 -1.1425517383756753e-05
29 29 5.8553365982864301e-05
29 34 -9.0219259862529350e-06
29 52 -1.1132053723000664e-05
30 5 -9.8107446480003686e-06
30 13 -1.0222765208357041e-05
30 30 5.0617332795215464e-05
30 32 -1.1389811730432227e-05
31 12 -9.0600260565848239e-06
31 26 -9.9503899353277891e-06
31 31 5.3933993261274295e-05
31 49 -1.2216694923660608e-05
32 11 -9.0082556550111558e-06
32 27 -7.8803092148953243e-06
32 30 -1.1389811730432227e-05
32 32 4.7910766080770855e-05
33 14 -7.5102854404556728e-06
33 25 -9.1154977901431376e-06
33 28 -9.7513428739264560e-06
33 33 4.3040600679713063e-05
34 2 -9.2447502727591931e-06
34 14 -7.8799747319361026e-06
34 29 -9.0219259862529350e-06
34 34 4.3490107768866116e-05
35 6 -9.2600682409909435e-06
35 24 -1.0936994084354748e-05
35 35 5.0231063569216237e-05
35 65 -1.2205292024973988e-05
36 7 -8.3802524031091091e-06
36 19 -9.1884862938782761e-06
36 36 4.7650382169155242e-05
36 66 -1.1535430548731836e-05
37 37 6.1060666940157711e-05
37 41 -1.3160035290142222e-05
37 54 -7.7206221144195149e-06
38 38 4.4330203913245302e-05
38 42 -9.3158457291900369e-06
38 53 -5.9470274306601120e-06
39 39 4.2566743198794145e-05
39 40 -9.3112822636121006e-06
39 55 -6.1897289342914949e-06
40 39 -9.3112822636121006e-06
40 40 4.4312887353696163e-05
40 58 -5.9449640041631471e-06
41 37 -1.3160035290142222e-05
41 41 6.1687989511688361e-05
41 57 -8.2408280907877737e-06
42 38 -9.3158457291900369e-06
42 42 4.2633495935825430e-05
42 56 -6.2219597046475493e-06
43 43 5.5522141943463420e-05
43 44 -1.1197088417267331e-05
43 59 -6.9952657773622917e-06
44 43 -1.1197088417267331e-05
44 44 5.5188104553170308e-05
44 52 -6.6687189809634187e-06
45 1 -9.3503573437749625e-06
45 45 4.8640186013495035e-05
45 51 -1.1039761293134139e-05
45 64 -8.7434719643517463e-06
46 9 -1.0972275579772172e-05
46 21 -1.0227624009391755e-05
46 46 4.4861458962079458e-05
46 66 -7.3842469234942891e-06
47 8 -8.2677086414774504e-06
47 15 -1.1774410743867468e-05
47 47 4.9461382986539482e-05
47 50 -1.1637165645732974e-05
48 9 -7.4862172611270425e-06
48 15 -1.1933616554406033e-05
48 48 4.9260717865768524e-05
48 51 -1.1376028972085938e-05
49 8 -1.1642636037038279e-05
49 31 -1.2216694923660608e-05
49 49 5.0193703164004737e-05
49 65 -9.0532256806615852e-06
50 47 -1.1637165645732974e-05
50 50 5.0867905818617819e-05
50 64 -1.3034499422458762e-05
50 65 -8.5989220688989831e-06
51 45 -1.1039761293134139e-05
51 48 -1.1376028972085938e-05
51 51 4.7844188610792740e-05
51 66 -7.9209057934860546e-06
52 29 -1.1132053723000664e-05
52 44 -6.6687189809634187e-06
52 52 4.2489383017060945e-05
52 60 -8.9365689749548624e-06
53 27 -9.3841689282695833e-06
53 38 -5.9470274306601120e-06
53 53 3.7100457632422788e-05
53 61 -8.5540726493121488e-06
54 26 -1.2732730204720089e-05
54 37 -7.7206221144195149e-06
54 54 4.9816877328201914e-05
54 62 -1.1488429865877541e-05
55 28 -1.1425517383756753e-05
55 39 -6.1897289342914949e-06
55 55 4.1878954914194146e-05
55 63 -9.3729802313900517e-06
56 16 -1.1353783542106070e-05
56 42 -6.2219597046475493e-06
56 56 4.1042472482530861e-05
56 61 -9.0311816273994781e-06
57 17 -1.1175404030979677e-05
57 41 -8.2408280907877737e-06
57 57 4.5208920562056439e-05
57 62 -9.9702301986839379e-06
58 18 -9.6955995131061538e-06
58 40 -5.9449640041631471e-06
58 58 3.6962194778393124e-05
58 63 -8.2105540584581904e-06
59 22 -1.0380622305888006e-05
59 43 -6.9952657773622917e-06
59 59 3.9075186045915125e-05
59 60 -7.6218495706510198e-06
60 7 -1.0274526592961621e-05
60 52 -8.9365689749548624e-06
60 59 -7.6218495706510198e-06
60 60 4.1918767861039680e-05
61 5 -1.0768971627061539e-05
61 53 -8.5540726493121488e-06
61 56 -9.0311816273994781e-06
61 61 4.3051240213085004e-05
62 3 -1.1767969950169991e-05
62 54 -1.1488429865877541e-05
62 57 -9.9702301986839379e-06
62 62 4.9469697458836050e-05
63 6 -1.0679564210069783e-05
63 55 -9.3729802313900517e-06
63 58 -8.2105540584581904e-06
63 63 4.2500284273299117e-05
64 4 -8.1182666893946458e-06
64 45 -8.7434719643517463e-06
64 50 -1.3034499422458762e-05
64 64 4.7126724142517674e-05
65 35 -1.2205292024973988e-05
65 49 -9.0532256806615852e-06
65 50 -8.5989220688989831e-06
65 65 4.4672699471856529e-05
66 36 -1.1535430548731836e-05
66 46 -7.3842469234942891e-06
66 51 -7.9209057934860546e-06
66 66 4.1175241528315371e-05
