%%MatrixMarket matrix coordinate real general
66 66 244
1 1 5.8195356239850940e-05
1 2 -1.3529910060221320e-05
1 7 -9.8819752109170411e-06
1 45 -9.5716892456906665e-06
2 1 -1.3529910060221320e-05
2 2 5.3203813721387430e-05
2 25 -8.4718858790042820e-06
2 34 -9.3685499670551180e-06
3 3 5.7694793783732613e-05
3 8 -1.4159845774172722e-05
3 20 -1.0488509164449771e-05
3 62 -1.1947469678624800e-05
4 4 5.2392797537632001e-05
4 6 -1.1954542386206284e-05
4 25 -1.1974228022682049e-05
4 64 -8.4236286099635314e-06
5 5 5.6084188239547539e-05
5 9 -1.3046876893660198e-05
5 30 -1.0258301190729045e-05
5 61 -1.1324353549413760e-05
6 4 -1.1954542386206284e-05
6 6 5.2328967617771733e-05
6 35 -9.7262515888835423e-06
6 63 -1.1285708439241701e-05
7 1 -9.8819752109170411e-06
7 7 4.8871548029016468e-05
7 36 -8.5374716578410232e-06
7 60 -1.0401085534784865e-05
8 3 -1.4159845774172722e-05
8 8 5.3109762938270105e-05
8 47 -8.3930774548309375e-06
8 49 -1.2003482292829009e-05
9 5 -1.3046876893660198e-05
9 9 5.1004835296887527e-05
9 46 -1.1332240935552475e-05
9 48 -7.7716203996205120e-06
10 10 5.6684798498388404e-05
10 19 -8.6262985238822531e-06
10 21 -9.3500485517884275e-06
11 11 6.6184761527839068e-05
11 23 -1.0830850394349458e-05
11 32 -1.1156634482272158e-05
12 12 6.5728782293065455e-05
12 24 -1.0465929170436992e-05
12 31 -1.1207767986069204e-05
13 13 5.2938291846671037e-05
13 15 -1.0989151372742807e-05
13 20 -1.0922095820399807e-05
13 30 -1.0518134059464799e-05
14 14 5.5065957764916315e-05
14 33 -7.7436206608964995e-06
14 34 -8.0724521855634293e-06
15 13 -1.0989151372742807e-05
15 15 5.8721916818957622e-05
15 47 -1.2140058850311179e-05
15 48 -1.2223543567438612e-05
16 16 6.1606761229338319e-05
16 21 -9.4989577596227054e-06
16 56 -1.2415096953138862e-05
17 17 6.9021252734810539e-05
17 23 -1.1175998277303402e-05
17 57 -1.3100991824548604e-05
18 18 6.7045367762252176e-05
18 24 -1.1202800351513937e-05
18 58 -1.2719168481243755e-05
19 10 -8.6262985238822531e-06
19 19 4.6391979740594219e-05
19 22 -9.3281113095550632e-06
19 36 -9.3711780306620717e-06
20 3 -1.0488509164449771e-05
20 13 -1.0922095820399807e-05
20 20 5.3770587705144047e-05
20 23 -1.2007195581304189e-05
21 10 -9.3500485517884275e-06
21 16 -9.4989577596227054e-06
21 21 5.0897909246038647e-05
21 46 -1.0716309090360388e-05
22 19 -9.3281113095550632e-06
22 22 5.8430419759508166e-05
22 59 -1.0447169802776332e-05
23 11 -1.0830850394349458e-05
23 17 -1.1175998277303402e-05
23 20 -1.2007195581304189e-05
23 23 5.5179831729806211e-05
24 12 -1.0465929170436992e-05
24 18 -1.1202800351513937e-05
24 24 5.3495889987610886e-05
24 35 -1.1411976098584746e-05
25 2 -8.4718858790042820e-06
25 4 -1.1974228022682049e-05
25 25 4.9825635261856077e-05
25 33 -9.5362955413395241e-06
26 26 7.1180422601677156e-05
26 31 -1.1576328469122543e-05
26 54 -1.4845480427286933e-05
27 27 6.5773988162469896e-05
27 32 -1.0194492832413848e-05
27 53 -1.2336502698985723e-05
28 28 6.2088267782773460e-05
28 33 -1.0099221057663773e-05
28 55 -1.2447495839158040e-05
29 29 5.9122281372547373e-05
29 34 -9.2166287992786924e-06
29 52 -1.1198959464715533e-05
30 5 -1.0258301190729045e-05
30 13 -1.0518134059464799e-05
30 30 5.2852754450571970e-05
30 32 -1.1862306198285176e-05
31 12 -1.1207767986069204e-05
31 26 -1.1576328469122543e-05
31 31 5.7977551073700619e-05
31 49 -1.2324813900621727e-05
32 11 -1.1156634482272158e-05
32 27 -1.0194492832413848e-05
32 30 -1.1862306198285176e-05
32 32 5.3803925505208251e-05
33 14 -7.7436206608964995e-06
33 25 -9.5362955413395241e-06
33 28 -1.0099221057663773e-05
33 33 4.4603285943570159e-05
34 2 -9.3685499670551180e-06
34 14 -8.0724521855634293e-06
34 29 -9.2166287992786924e-06
34 34 4.4450376772997976e-05
35 6 -9.7262515888835423e-06
35 24 -1.1411976098584746e-05
35 35 5.2369594246890857e-05
35 65 -1.2560341439711445e-05
36 7 -8.5374716578410232e-06
36 19 -9.3711780306620717e-06
36 36 4.8704625550427864e-05
36 66 -1.1847277595707402e-05
37 37 6.7874456047351664e-05
37 41 -1.4557955653872659e-05
37 54 -8.4524406163368562e-06
38 38 5.9824626784468337e-05
38 42 -1.2808877967275931e-05
38 53 -7.8492709389151943e-06
39 39 5.8681472437633966e-05
39 40 -1.2803771965705201e-05
39 55 -7.1365945316819743e-06
40 39 -1.2803771965705201e-05
40 40 5.9795443255720437e-05
40 58 -7.8426711106064577e-06
41 37 -1.4557955653872659e-05
41 41 6.8452454409339083e-05
41 57 -9.0116115418906260e-06
42 38 -1.2808877967275931e-05
42 42 5.8764558994046095e-05
42 56 -7.2020441587611168e-06
43 43 5.5675938573736300e-05
43 44 -1.1226168726116728e-05
43 59 -7.0343869088978671e-06
44 43 -1.1226168726116728e-05
44 44 5.5348530131291553e-05
44 52 -6.7037137732957726e-06
45 1 -9.5716892456906665e-06
45 45 4.9957712377626489e-05
45 51 -1.1310943920829695e-05
45 64 -9.0626193400327324e-06
46 9 -1.1332240935552475e-05
46 21 -1.0716309090360388e-05
46 46 4.6944773188018266e-05
46 66 -7.7317556831250514e-06
47 8 -8.3930774548309375e-06
47 15 -1.2140058850311179e-05
47 47 5.0980163618484534e-05
47 50 -1.2009774836953798e-05
48 9 -7.7716203996205120e-06
48 15 -1.2223543567438612e-05
48 48 5.0879450320042152e-05
48 51 -1.1804435900019113e-05
49 8 -1.2003482292829009e-05
49 31 -1.2324813900621727e-05
49 49 5.1470824675639870e-05
49 65 -9.3486183056751339e-06
50 47 -1.2009774836953798e-05
50 50 5.2250590530478341e-05
50 64 -1.3424735845797060e-05
50 65 -8.8278321058495532e-06
51 45 -1.1310943920829695e-05
51 48 -1.1804435900019113e-05
51 51 4.9234932668426936e-05
51 66 -8.1221759295845630e-06
52 29 -1.1198959464715533e-05
52 44 -6.7037137732957726e-06
52 52 4.2828079602279769e-05
52 60 -9.0720767953829857e-06
53 27 -1.2336502698985723e-05
53 38 -7.8492709389151943e-06
53 53 4.5325898176383519e-05
53 61 -9.7427886784798839e-06
54 26 -1.4845480427286933e-05
54 37 -8.4524406163368562e-06
54 54 5.2410501649977453e-05
54 62 -1.1475028090420807e-05
55 28 -1.2447495839158040e-05
55 39 -7.1365945316819743e-06
55 55 4.6169931886787508e-05
55 63 -1.0274416374112350e-05
56 16 -1.2415096953138862e-05
56 42 -7.2020441587611168e-06
56 56 4.5455818089406186e-05
56 61 -9.8598239228889333e-06
57 17 -1.3100991824548604e-05
57 41 -9.0116115418906260e-06
57 57 4.7652611246963740e-05
57 62 -9.9496849402287673e-06
58 18 -1.2719168481243755e-05
58 40 -7.8426711106064577e-06
58 58 4.5137170467075783e-05
58 63 -9.3409198643624800e-06
59 22 -1.0447169802776332e-05
59 43 -7.0343869088978671e-06
59 59 3.9396006909466374e-05
59 60 -7.7387405480848984e-06
60 7 -1.0401085534784865e-05
60 52 -9.0720767953829857e-06
60 59 -7.7387405480848984e-06
60 60 4.2570075828067567e-05
61 5 -1.1324353549413760e-05
61 53 -9.7427886784798839e-06
61 56 -9.8598239228889333e-06
61 61 4.7071294748461312e-05
62 3 -1.1947469678624800e-05
62 54 -1.1475028090420807e-05
62 57 -9.9496849402287673e-06
62 62 4.9920335396018307e-05
63 6 -1.1285708439241701e-05
63 55 -1.0274416374112350e-05
63 58 -9.3409198643624800e-06
63 63 4.6629665313650096e-05
64 4 -8.4236286099635314e-06
64 45 -9.0626193400327324e-06
64 50 -1.3424735845797060e-05
64 64 4.8738701264910690e-05
65 35 -1.2560341439711445e-05
65 49 -9.3486183056751339e-06
65 50 -8.8278321058495532e-06
65 65 4.5847679663352654e-05
66 36 -1.1847277595707402e-05
66 46 -7.7317556831250514e-06
66 51 -8.1221759295845630e-06
66 66 4.2475842969541219e-05
