%%MatrixMarket matrix coordinate real general
66 66 244
1 1 2.4603257001053853e-04
1 2 -1.2470388847620374e-07
1 7 -9.1021872809945323e-08
1 45 -8.4724989488562647e-08
2 1 -1.2470388847620374e-07
2 2 2.1311441627250660e-04
2 25 -7.7357980970049597e-08
2 34 -8.7180273658542919e-08
3 3 1.9362240040656799e-04
3 8 -1.1135661223522677e-07
3 20 -8.2572521210064995e-08
3 62 -9.2182693961768004e-08
4 4 1.9100229186988057e-04
4 6 -1.0138829821029807e-07
4 25 -1.0450195808736329e-07
4 64 -7.2445889946604284e-08
5 5 2.0347706831856877e-04
5 9 -1.1021654136081758e-07
5 30 -8.3058609234743376e-08
5 61 -9.5864930415444014e-08
6 4 -1.0138829821029807e-07
6 6 1.8246527312300418e-04
6 35 -7.8987134614152026e-08
6 63 -9.5960384353312792e-08
7 1 -9.1021872809945323e-08
7 7 1.9574766005838623e-04
7 36 -8.0070975279456754e-08
7 60 -9.7926804385212298e-08
8 3 -1.1135661223522677e-07
8 8 1.7117409487951238e-04
8 47 -6.6769093030714183e-08
8 49 -9.5325354978227368e-08
9 5 -1.1021654136081758e-07
9 9 1.8033918515749690e-04
9 46 -9.8280026617084313e-08
9 48 -6.6736886945647085e-08
10 10 1.9622254284740851e-04
10 19 -8.3475407942447932e-08
10 21 -8.8189551845724080e-08
11 11 2.0219339139314915e-04
11 23 -8.4915825030749087e-08
11 32 -8.7328894050318151e-08
12 12 2.0218541271897436e-04
12 24 -8.2053141017554621e-08
12 31 -8.8013216154081234e-08
13 13 1.9079938255976139e-04
13 15 -8.8856549370201061e-08
13 20 -8.6063493888869833e-08
13 30 -8.5270483797486258e-08
14 14 1.5775599157479315e-04
14 33 -7.3396377274008444e-08
14 34 -7.8011719605077665e-08
15 13 -8.8856549370201061e-08
15 15 2.1911491589184928e-04
15 47 -9.9960269770907263e-08
15 48 -1.0135431619868779e-07
16 16 2.2088193554516667e-04
16 21 -8.9744571320700193e-08
16 56 -1.1287592270347892e-07
17 17 2.0522333062551181e-04
17 23 -8.6262414311832852e-08
17 57 -1.0116007008617522e-07
18 18 2.0798402771701844e-04
18 24 -8.9974703585955388e-08
18 58 -1.0192187144781105e-07
19 10 -8.3475407942447932e-08
19 19 1.8926802290801303e-04
19 22 -9.0195444400071625e-08
19 36 -8.7733221729803908e-08
20 3 -8.2572521210064995e-08
20 13 -8.6063493888869833e-08
20 20 1.8778472848319852e-04
20 23 -9.2615399761319027e-08
21 10 -8.8189551845724080e-08
21 16 -8.9744571320700193e-08
21 21 2.0878233870060150e-04
21 46 -9.6927926732785132e-08
22 19 -9.0195444400071625e-08
22 22 2.0193329092550085e-04
22 59 -1.0289972706433311e-07
23 11 -8.4915825030749087e-08
23 17 -8.6262414311832852e-08
23 20 -9.2615399761319027e-08
23 23 1.9607060326803398e-04
24 12 -8.2053141017554621e-08
24 18 -8.9974703585955388e-08
24 24 1.8932490020414969e-04
24 35 -8.9427218971750403e-08
25 2 -7.7357980970049597e-08
25 4 -1.0450195808736329e-07
25 25 1.9185533355114460e-04
25 33 -8.7002215281762929e-08
26 26 2.3103756091716985e-04
26 31 -8.9458297105749626e-08
26 54 -1.1481314676033873e-07
27 27 1.9719510239010971e-04
27 32 -8.1835564364214836e-08
27 53 -9.8784602998593697e-08
28 28 2.1860549763290876e-04
28 33 -9.5899620756193855e-08
28 55 -1.1327641944415754e-07
29 29 2.0888325932925990e-04
29 34 -8.9017976590428871e-08
29 52 -1.1015345883060578e-07
30 5 -8.3058609234743376e-08
30 13 -8.5270483797486258e-08
30 30 1.8903518825060013e-04
30 32 -9.2818214562498910e-08
31 12 -8.8013216154081234e-08
31 26 -8.9458297105749626e-08
31 31 2.0983708669376584e-04
31 49 -9.5311904057229036e-08
32 11 -8.7328894050318151e-08
32 27 -8.1835564364214836e-08
32 30 -9.2818214562498910e-08
32 32 1.9077200308258274e-04
33 14 -7.3396377274008444e-08
33 25 -8.7002215281762929e-08
33 28 -9.5899620756193855e-08
33 33 1.6950175262356719e-04
34 2 -8.7180273658542919e-08
34 14 -7.8011719605077665e-08
34 29 -8.9017976590428871e-08
34 34 1.7642826210028506e-04
35 6 -7.8987134614152026e-08
35 24 -8.9427218971750403e-08
35 35 1.7524763618373252e-04
35 65 -1.0221544142774959e-07
36 7 -8.0070975279456754e-08
36 19 -8.7733221729803908e-08
36 36 1.8625523233308934e-04
36 66 -1.0787277770734638e-07
37 37 1.8161139825745437e-04
37 41 -1.1009689644208194e-07
37 54 -6.4258994775031810e-08
38 38 1.8077118387969671e-04
38 42 -1.1108504718307768e-07
38 53 -6.8595239835106664e-08
39 39 1.7534350214293219e-04
39 40 -1.1108540375414643e-07
39 55 -6.5353340481927487e-08
40 39 -1.1108540375414643e-07
40 40 1.8076098088151078e-04
40 58 -6.8562386615907010e-08
41 37 -1.1009689644208194e-07
41 41 1.8157364016097764e-04
41 57 -6.8453500581286840e-08
42 38 -1.1108504718307768e-07
42 42 1.7534393131502386e-04
42 56 -6.5891074169128360e-08
43 43 1.7446731130860499e-04
43 44 -1.1207605818986978e-07
43 59 -6.9243147833588758e-08
44 43 -1.1207605818986978e-07
44 44 1.7446335848390838e-04
44 52 -6.5896632593204489e-08
45 1 -8.4724989488562647e-08
45 45 1.9159368887680631e-04
45 51 -9.9826346197816903e-08
45 64 -7.7835364276021070e-08
46 9 -9.8280026617084313e-08
46 21 -9.6927926732785132e-08
46 46 1.6648970430717145e-04
46 66 -7.0136313385315603e-08
47 8 -6.6769093030714183e-08
47 15 -9.9960269770907263e-08
47 47 1.7300689495085473e-04
47 50 -9.8860099052077175e-08
48 9 -6.6736886945647085e-08
48 15 -1.0135431619868779e-07
48 48 1.8199137139665274e-04
48 51 -1.0123784444889145e-07
49 8 -9.5325354978227368e-08
49 31 -9.5311904057229036e-08
49 49 1.6533626014342273e-04
49 65 -7.4117548643293628e-08
50 47 -9.8860099052077175e-08
50 50 1.6966240515548818e-04
50 64 -1.1185334030916354e-07
50 65 -7.1639457510802915e-08
51 45 -9.9826346197816903e-08
51 48 -1.0123784444889145e-07
51 51 1.7317156210061051e-04
51 66 -7.1545916766775408e-08
52 29 -1.1015345883060578e-07
52 44 -6.5896632593204489e-08
52 52 1.5819589931558158e-04
52 60 -8.7756653754632937e-08
53 27 -9.8784602998593697e-08
53 38 -6.8595239835106664e-08
53 53 1.4592506282669007e-04
53 61 -7.8376164785334140e-08
54 26 -1.1481314676033873e-07
54 37 -6.4258994775031810e-08
54 54 1.6360633475834648e-04
54 62 -8.7663298187946385e-08
55 28 -1.1327641944415754e-07
55 39 -6.5353340481927487e-08
55 55 1.5966609121834235e-04
55 63 -8.7777295737710829e-08
56 16 -1.1287592270347892e-07
56 42 -6.5891074169128360e-08
56 56 1.5627574134770958e-04
56 61 -8.3890624194943712e-08
57 17 -1.0116007008617522e-07
57 41 -6.8453500581286840e-08
57 57 1.4522448076666951e-04
57 62 -7.5889907985556722e-08
58 18 -1.0192187144781105e-07
58 40 -6.8562386615907010e-08
58 58 1.4433515001985089e-04
58 63 -7.5186438902515613e-08
59 22 -1.0289972706433311e-07
59 43 -6.9243147833588758e-08
59 59 1.4166894041032029e-04
59 60 -7.4857886408392453e-08
60 7 -9.7926804385212298e-08
60 52 -8.7756653754632937e-08
60 59 -7.4857886408392453e-08
60 60 1.5256995469979651e-04
61 5 -9.5864930415444014e-08
61 53 -7.8376164785334140e-08
61 56 -8.3890624194943712e-08
61 61 1.5364433468365176e-04
62 3 -9.2182693961768004e-08
62 54 -8.7663298187946385e-08
62 57 -7.5889907985556722e-08
62 62 1.5232960124256557e-04
63 6 -9.5960384353312792e-08
63 55 -8.7777295737710829e-08
63 58 -7.5186438902515613e-08
63 63 1.5036894216024469e-04
64 4 -7.2445889946604284e-08
64 45 -7.7835364276021070e-08
64 50 -1.1185334030916354e-07
64 64 1.7003446388795835e-04
65 35 -1.0221544142774959e-07
65 49 -7.4117548643293628e-08
65 50 -7.1639457510802915e-08
65 65 1.4124208529446241e-04
66 36 -1.0787277770734638e-07
66 46 -7.0136313385315603e-08
66 51 -7.1545916766775408e-08
66 66 1.4253588705640847e-04
