%%MatrixMarket matrix coordinate real general
66 66 244
1 1 2.4603305868253029e-04
1 2 -1.2470372115034885e-07
1 7 -9.1021840820625313e-08
1 45 -8.4724980201744117e-08
2 1 -1.2470372115034885e-07
2 2 2.1312037088764307e-04
2 25 -7.7357768391802663e-08
2 34 -8.7178784835119945e-08
3 3 1.9354597036082876e-04
3 8 -1.1135958243302061e-07
3 20 -8.2581247938020101e-08
3 62 -9.2203592776282243e-08
4 4 1.9100002979608686e-04
4 6 -1.0138958505151218e-07
4 25 -1.0450187069733027e-07
4 64 -7.2445936546356625e-08
5 5 2.0342577301445849e-04
5 9 -1.1021800923261528e-07
5 30 -8.3067008698750633e-08
5 61 -9.5876486346747794e-08
6 4 -1.0138958505151218e-07
6 6 1.8241739404621288e-04
6 35 -7.8995195380079571e-08
6 63 -9.5971863958879479e-08
7 1 -9.1021840820625313e-08
7 7 1.9574880912403506e-04
7 36 -8.0070857896152282e-08
7 60 -9.7926480130850226e-08
8 3 -1.1135958243302061e-07
8 8 1.7114859842917303e-04
8 47 -6.6769589349586988e-08
8 49 -9.5334150025878842e-08
9 5 -1.1021800923261528e-07
9 9 1.8033675816188445e-04
9 46 -9.8279978448992383e-08
9 48 -6.6736932509454811e-08
10 10 1.9645095097429292e-04
10 19 -8.3469457174023708e-08
10 21 -8.8183621016734081e-08
11 11 1.9756862149599024e-04
11 23 -8.5421764041430538e-08
11 32 -8.7858325161044011e-08
12 12 1.9759066967582267e-04
12 24 -8.2547971819727695e-08
12 31 -8.8513507073944288e-08
13 13 1.9075924713144365e-04
13 15 -8.8857421839294102e-08
13 20 -8.6071895310739735e-08
13 30 -8.5279176819308535e-08
14 14 1.5799556343771607e-04
14 33 -7.3389887697174738e-08
14 34 -7.8004843687183499e-08
15 13 -8.8857421839294102e-08
15 15 2.1911300220083779e-04
15 47 -9.9960343730884166e-08
15 48 -1.0135436570522437e-07
16 16 2.2107942215645059e-04
16 21 -8.9739497516665954e-08
16 56 -1.1287459350722149e-07
17 17 2.0095021317028376e-04
17 23 -8.6765550200526374e-08
17 57 -1.0184280921098396e-07
18 18 2.0397819787821301e-04
18 24 -9.0498279261491896e-08
18 58 -1.0259153748735005e-07
19 10 -8.3469457174023708e-08
19 19 1.8932789034955042e-04
19 22 -9.0189194665833095e-08
19 36 -8.7731782237199703e-08
20 3 -8.2581247938020101e-08
20 13 -8.6071895310739735e-08
20 20 1.8743845966037268e-04
20 23 -9.2722160305214399e-08
21 10 -8.8183621016734081e-08
21 16 -8.9739497516665954e-08
21 21 2.0883942801406573e-04
21 46 -9.6926426348582738e-08
22 19 -9.0189194665833095e-08
22 22 2.0215770274894989e-04
22 59 -1.0289154968412156e-07
23 11 -8.5421764041430538e-08
23 17 -8.6765550200526374e-08
23 20 -9.2722160305214399e-08
23 23 1.9431702854459548e-04
24 12 -8.2547971819727695e-08
24 18 -9.0498279261491896e-08
24 24 1.8755675892276796e-04
24 35 -8.9533825472877213e-08
25 2 -7.7357768391802663e-08
25 4 -1.0450187069733027e-07
25 25 1.9186102854137370e-04
25 33 -8.7000635970730580e-08
26 26 2.2882323315800659e-04
26 31 -8.9901792754004821e-08
26 54 -1.1545226281760757e-07
27 27 1.9230450798585178e-04
27 32 -8.2341776150240158e-08
27 53 -9.9478082779581469e-08
28 28 2.1880385976458814e-04
28 33 -9.5893478839922778e-08
28 55 -1.1327502039739410e-07
29 29 2.0910412250525228e-04
29 34 -8.9011659856111391e-08
29 52 -1.1014538062072515e-07
30 5 -8.3067008698750633e-08
30 13 -8.5279176819308535e-08
30 30 1.8867027418581906e-04
30 32 -9.2929040827754885e-08
31 12 -8.8513507073944288e-08
31 26 -8.9901792754004821e-08
31 31 2.0848645422572195e-04
31 49 -9.5416937746964564e-08
32 11 -8.7858325161044011e-08
32 27 -8.2341776150240158e-08
32 30 -9.2929040827754885e-08
32 32 1.8886202112524428e-04
33 14 -7.3389887697174738e-08
33 25 -8.7000635970730580e-08
33 28 -9.5893478839922778e-08
33 33 1.6956425613947354e-04
34 2 -8.7178784835119945e-08
34 14 -7.8004843687183499e-08
34 29 -8.9011659856111391e-08
34 34 1.7649462506558254e-04
35 6 -7.8995195380079571e-08
35 24 -8.9533825472877213e-08
35 35 1.7491305860948693e-04
35 65 -1.0222701972522669e-07
36 7 -8.0070857896152282e-08
36 19 -8.7731782237199703e-08
36 36 1.8625994770878564e-04
36 66 -1.0787261268604003e-07
37 37 1.7813966703843280e-04
37 41 -1.1145871428777967e-07
37 54 -6.4740243824271535e-08
38 38 1.7784358282253371e-04
38 42 -1.1175884132727227e-07
38 53 -6.9086011203914038e-08
39 39 1.7502370455070403e-04
39 40 -1.1175884844108999e-07
39 55 -6.5402478669749420e-08
40 39 -1.1175884844108999e-07
40 40 1.7784331786232149e-04
40 58 -6.9048547377949115e-08
41 37 -1.1145871428777967e-07
41 41 1.7813476034319429e-04
41 57 -6.9005179860236499e-08
42 38 -1.1175884132727227e-07
42 42 1.7502423546073779e-04
42 56 -6.5941011113245944e-08
43 43 1.7472910343715220e-04
43 44 -1.1206001336798164e-07
43 59 -6.9236456537790137e-08
44 43 -1.1206001336798164e-07
44 44 1.7472565258097052e-04
44 52 -6.5890569860229260e-08
45 1 -8.4724980201744117e-08
45 45 1.9159369849730234e-04
45 51 -9.9826345348005807e-08
45 64 -7.7835367765717774e-08
46 9 -9.8279978448992383e-08
46 21 -9.6926426348582738e-08
46 46 1.6649398411963974e-04
46 66 -7.0136210043116526e-08
47 8 -6.6769589349586988e-08
47 15 -9.9960343730884166e-08
47 47 1.7300577847075363e-04
47 50 -9.8860185626271064e-08
48 9 -6.6736932509454811e-08
48 15 -1.0135436570522437e-07
48 48 1.8199122646801104e-04
48 51 -1.0123784781993277e-07
49 8 -9.5334150025878842e-08
49 31 -9.5416937746964564e-08
49 49 1.6503327312512636e-04
49 65 -7.4125418091023158e-08
50 47 -9.8860185626271064e-08
50 50 1.6966039017328509e-04
50 64 -1.1185341016720278e-07
50 65 -7.1640384074857597e-08
51 45 -9.9826345348005807e-08
51 48 -1.0123784781993277e-07
51 51 1.7317158477058359e-04
51 66 -7.1545904248805784e-08
52 29 -1.1014538062072515e-07
52 44 -6.5890569860229260e-08
52 52 1.5825762366507743e-04
52 60 -8.7754664650556422e-08
53 27 -9.9478082779581469e-08
53 38 -6.9086011203914038e-08
53 53 1.4349125163163151e-04
53 61 -7.8495795637863046e-08
54 26 -1.1545226281760757e-07
54 37 -6.4740243824271535e-08
54 54 1.6157842099558700e-04
54 62 -8.7797484537962375e-08
55 28 -1.1327502039739410e-07
55 39 -6.5402478669749420e-08
55 55 1.5951789995812706e-04
55 63 -8.7791124571435778e-08
56 16 -1.1287459350722149e-07
56 42 -6.5941011113245944e-08
56 56 1.5612556006046083e-04
56 61 -8.3904705659809123e-08
57 17 -1.0184280921098396e-07
57 41 -6.9005179860236499e-08
57 57 1.4271082383228784e-04
57 62 -7.6017958342261535e-08
58 18 -1.0259153748735005e-07
58 40 -6.9048547377949115e-08
58 58 1.4206541746293749e-04
58 63 -7.5298871403691046e-08
59 22 -1.0289154968412156e-07
59 43 -6.9236456537790137e-08
59 59 1.4173087155363787e-04
59 60 -7.4856093825755002e-08
60 7 -9.7926480130850226e-08
60 52 -8.7754664650556422e-08
60 59 -7.4856093825755002e-08
60 60 1.5258093365808325e-04
61 5 -9.5876486346747794e-08
61 53 -7.8495795637863046e-08
61 56 -8.3904705659809123e-08
61 61 1.5324277204656469e-04
62 3 -9.2203592776282243e-08
62 54 -8.7797484537962375e-08
62 57 -7.6017958342261535e-08
62 62 1.5158246597773192e-04
63 6 -9.5971863958879479e-08
63 55 -8.7791124571435778e-08
63 58 -7.5298871403691046e-08
63 63 1.4999832128603986e-04
64 4 -7.2445936546356625e-08
64 45 -7.7835367765717774e-08
64 50 -1.1185341016720278e-07
64 64 1.7003428765466246e-04
65 35 -1.0222701972522669e-07
65 49 -7.4125418091023158e-08
65 50 -7.1640384074857597e-08
65 65 1.4120246195661364e-04
66 36 -1.0787261268604003e-07
66 46 -7.0136210043116526e-08
66 51 -7.1545904248805784e-08
66 66 1.4253642896035204e-04
