%%MatrixMarket matrix coordinate real general
66 66 244
1 1 5.7962093124728603e-05
1 2 -1.3479447936354486e-05
1 7 -9.8447854534736386e-06
1 45 -9.5329214212071185e-06
2 1 -1.3479447936354486e-05
2 2 5.3022700853299686e-05
2 25 -8.4114952889836896e-06
2 34 -9.3466252447447911e-06
3 3 5.7536252848197166e-05
3 8 -1.4122351076212912e-05
3 20 -1.0459551731088860e-05
3 62 -1.1923353343288755e-05
4 4 5.2036844136234221e-05
4 6 -1.1852694213869161e-05
4 25 -1.1901280285077430e-05
4 64 -8.3718842803639497e-06
5 5 5.5605249547149269e-05
5 9 -1.2944918414128993e-05
5 30 -1.0181231637947726e-05
5 61 -1.1224370941205632e-05
6 4 -1.1852694213869161e-05
6 6 5.1837485528784209e-05
6 35 -9.6461687110115008e-06
6 63 -1.1176349702922430e-05
7 1 -9.8447854534736386e-06
7 7 4.8743197189089476e-05
7 36 -8.5109446955738209e-06
7 60 -1.0379221194117635e-05
8 3 -1.4122351076212912e-05
8 8 5.2941189709439754e-05
8 47 -8.3705500569990517e-06
8 49 -1.1949051544012204e-05
9 5 -1.2944918414128993e-05
9 9 5.0672421135700089e-05
9 46 -1.1266636623666444e-05
9 48 -7.7239602575593054e-06
10 10 5.6458311297275501e-05
10 19 -8.6007259086848084e-06
10 21 -9.2991782272641766e-06
11 11 6.2419097909675796e-05
11 23 -1.0290933082854026e-05
11 32 -1.0599224594711897e-05
12 12 6.1868438469560652e-05
12 24 -9.9251360689920577e-06
12 31 -1.0632683389670746e-05
13 13 5.2696443962750248e-05
13 15 -1.0940734507050722e-05
13 20 -1.0882950150792241e-05
13 30 -1.0468566587154950e-05
14 14 5.4822859243328823e-05
14 33 -7.7033396024741706e-06
14 34 -8.0407077902878587e-06
15 13 -1.0940734507050722e-05
15 15 5.8449882347410938e-05
15 47 -1.2080827979502881e-05
15 48 -1.2172319541250817e-05
16 16 6.0960998180916232e-05
16 21 -9.4413836259596055e-06
16 56 -1.2200263822976198e-05
17 17 6.6568530802262770e-05
17 23 -1.0831459055057503e-05
17 57 -1.2688721209449022e-05
18 18 6.1415637854006369e-05
18 24 -1.0368627801767171e-05
18 58 -1.1747514627668860e-05
19 10 -8.6007259086848084e-06
19 19 4.6252561696488072e-05
19 22 -9.3034610453619651e-06
19 36 -9.3404166314154098e-06
20 3 -1.0459551731088860e-05
20 13 -1.0882950150792241e-05
20 20 5.3607702726705307e-05
20 23 -1.1995724202911286e-05
21 10 -9.2991782272641766e-06
21 16 -9.4413836259596055e-06
21 21 5.0575632271289479e-05
21 46 -1.0631707622364068e-05
22 19 -9.3034610453619651e-06
22 22 5.8349212249434113e-05
22 59 -1.0436576953971952e-05
23 11 -1.0290933082854026e-05
23 17 -1.0831459055057503e-05
23 20 -1.1995724202911286e-05
23 23 5.4269377396009312e-05
24 12 -9.9251360689920577e-06
24 18 -1.0368627801767171e-05
24 24 5.2022453274076806e-05
24 35 -1.1374615818081721e-05
25 2 -8.4114952889836896e-06
25 4 -1.1901280285077430e-05
25 25 4.9440823787879113e-05
25 33 -9.4634519313068279e-06
26 26 6.8766901598543245e-05
26 31 -1.1235020099131881e-05
26 54 -1.4400586268073548e-05
27 27 6.0087763981309485e-05
27 32 -9.4149282117866262e-06
27 53 -1.1368161220117104e-05
28 28 6.1452562841138057e-05
28 33 -1.0040730502581635e-05
28 55 -1.2242780521914156e-05
29 29 5.9033022302810507e-05
29 34 -9.1843473051134459e-06
29 52 -1.1188243466672646e-05
30 5 -1.0181231637947726e-05
30 13 -1.0468566587154950e-05
30 30 5.2509620937444273e-05
30 32 -1.1825199061506138e-05
31 12 -1.0632683389670746e-05
31 26 -1.1235020099131881e-05
31 31 5.7021501228453242e-05
31 49 -1.2308884608919502e-05
32 11 -1.0599224594711897e-05
32 27 -9.4149282117866262e-06
32 30 -1.1825199061506138e-05
32 32 5.2370795460493592e-05
33 14 -7.7033396024741706e-06
33 25 -9.4634519313068279e-06
33 28 -1.0040730502581635e-05
33 33 4.4334399103595163e-05
34 2 -9.3466252447447911e-06
34 14 -8.0407077902878587e-06
34 29 -9.1843473051134459e-06
34 34 4.4290054424535379e-05
35 6 -9.6461687110115008e-06
35 24 -1.1374615818081721e-05
35 35 5.2011486952784018e-05
35 65 -1.2498628071990197e-05
36 7 -8.5109446955738209e-06
36 19 -9.3404166314154098e-06
36 36 4.8525364248675764e-05
36 66 -1.1793974590845052e-05
37 37 6.6676664368339161e-05
37 41 -1.4317263291110856e-05
37 54 -8.3245338268056920e-06
38 38 5.1656163503820524e-05
38 42 -1.1129791643987627e-05
38 53 -6.8763097442778669e-06
39 39 5.3803059482857421e-05
39 40 -1.1123633309936537e-05
39 55 -6.9482569493294065e-06
40 39 -1.1123633309936537e-05
40 40 5.1622472270640660e-05
40 58 -6.8702351656032758e-06
41 37 -1.4317263291110856e-05
41 41 6.7270406682481336e-05
41 57 -8.8778847118534275e-06
42 38 -1.1129791643987627e-05
42 42 5.3880852082451261e-05
42 56 -7.0052334163136304e-06
43 43 5.5651573484897116e-05
43 44 -1.1221608573140486e-05
43 59 -7.0280721964783975e-06
44 43 -1.1221608573140486e-05
44 44 5.5323091905055423e-05
44 52 -6.6979989851266849e-06
45 1 -9.5329214212071185e-06
45 45 4.9732183310310078e-05
45 51 -1.1263383154768611e-05
45 64 -9.0083320745417342e-06
46 9 -1.1266636623666444e-05
46 21 -1.0631707622364068e-05
46 46 4.6575831408809048e-05
46 66 -7.6714836741848099e-06
47 8 -8.3705500569990517e-06
47 15 -1.2080827979502881e-05
47 47 5.0731717939357689e-05
47 50 -1.1949669313649926e-05
48 9 -7.7239602575593054e-06
48 15 -1.2172319541250817e-05
48 48 5.0573178400787895e-05
48 51 -1.1732762889825470e-05
49 8 -1.1949051544012204e-05
49 31 -1.2308884608919502e-05
49 49 5.1257576412112682e-05
49 65 -9.3042944312590953e-06
50 47 -1.1949669313649926e-05
50 50 5.1976306762672635e-05
50 64 -1.3357474787743659e-05
50 65 -8.7872054555460757e-06
51 45 -1.1263383154768611e-05
51 48 -1.1732762889825470e-05
51 51 4.8991396365348189e-05
51 66 -8.0870140787862349e-06
52 29 -1.1188243466672646e-05
52 44 -6.6979989851266849e-06
52 52 4.2772294716114892e-05
52 60 -9.0498625813584822e-06
53 27 -1.1368161220117104e-05
53 38 -6.8763097442778669e-06
53 53 4.3088514538572141e-05
53 61 -9.6317333824233867e-06
54 26 -1.4400586268073548e-05
54 37 -8.3245338268056920e-06
54 54 5.1995441493686688e-05
54 62 -1.1470337578783692e-05
55 28 -1.2242780521914156e-05
55 39 -6.9482569493294065e-06
55 55 4.5475854615944189e-05
55 63 -1.0097842680618217e-05
56 16 -1.2200263822976198e-05
56 42 -7.0052334163136304e-06
56 56 4.4558259400376073e-05
56 61 -9.6979523179481482e-06
57 17 -1.2688721209449022e-05
57 41 -8.8778847118534275e-06
57 57 4.7100950852838299e-05
57 62 -9.9467349988760600e-06
58 18 -1.1747514627668860e-05
58 40 -6.8702351656032758e-06
58 58 4.2906764332303489e-05
58 63 -9.2346038214765533e-06
59 22 -1.0436576953971952e-05
59 43 -7.0280721964783975e-06
59 59 3.9343402709513596e-05
59 60 -7.7195881502183475e-06
60 7 -1.0379221194117635e-05
60 52 -9.0498625813584822e-06
60 59 -7.7195881502183475e-06
60 60 4.2462249500818993e-05
61 5 -1.1224370941205632e-05
61 53 -9.6317333824233867e-06
61 56 -9.6979523179481482e-06
61 61 4.6402917035771701e-05
62 3 -1.1923353343288755e-05
62 54 -1.1470337578783692e-05
62 57 -9.9467349988760600e-06
62 62 4.9845131811252900e-05
63 6 -1.1176349702922430e-05
63 55 -1.0097842680618217e-05
63 58 -9.2346038214765533e-06
63 63 4.5929268276889521e-05
64 4 -8.3718842803639497e-06
64 45 -9.0083320745417342e-06
64 50 -1.3357474787743659e-05
64 64 4.8587221445198876e-05
65 35 -1.2498628071990197e-05
65 49 -9.3042944312590953e-06
65 50 -8.7872054555460757e-06
65 65 4.5621936338585113e-05
66 36 -1.1793974590845052e-05
66 46 -7.6714836741848099e-06
66 51 -8.0870140787862349e-06
66 66 4.2251927866718530e-05
