%%MatrixMarket matrix coordinate real general
66 66 244
1 1 5.7590259265213311e-05
1 2 -1.3401649439136313e-05
1 7 -9.7874986866753144e-06
1 45 -9.4746106539713887e-06
2 1 -1.3401649439136313e-05
2 2 5.2746482336860488e-05
2 25 -8.3194591385236175e-06
2 34 -9.3147479071634581e-06
3 3 5.7282479754796848e-05
3 8 -1.4063021700680680e-05
3 20 -1.0413114934785871e-05
3 62 -1.1881344010088716e-05
4 4 5.1517743068182345e-05
4 6 -1.1703095627480042e-05
4 25 -1.1794576362478844e-05
4 64 -8.2916337479648384e-06
5 5 5.4898411301590282e-05
5 9 -1.2795504324847517e-05
5 30 -1.0060441773933841e-05
5 61 -1.1075554076708422e-05
6 4 -1.1703095627480042e-05
6 6 5.1105981846151609e-05
6 35 -9.5201337444925523e-06
6 63 -1.1013203869350364e-05
7 1 -9.7874986866753144e-06
7 7 4.8547985893449386e-05
7 36 -8.4701241717490720e-06
7 60 -1.0346261959904182e-05
8 3 -1.4063021700680680e-05
8 8 5.2681457091282894e-05
8 47 -8.3367855855333225e-06
8 49 -1.1858697989012980e-05
9 5 -1.2795504324847517e-05
9 9 5.0188012269705422e-05
9 46 -1.1171453402065127e-05
9 48 -7.6493373522440443e-06
10 10 5.6118814950401271e-05
10 19 -8.5602559540767701e-06
10 21 -9.2226768065073030e-06
11 11 5.7969026666787770e-05
11 23 -9.6398665739875951e-06
11 32 -9.9236783712492563e-06
12 12 5.7371194579013719e-05
12 24 -9.2783919152701107e-06
12 31 -9.9486159472180808e-06
13 13 5.2315095691821813e-05
13 15 -1.0866305745630462e-05
13 20 -1.0818616030474391e-05
13 30 -1.0390872659216635e-05
14 14 5.4451644688586896e-05
14 33 -7.6429828951225164e-06
14 34 -7.9904552559177551e-06
15 13 -1.0866305745630462e-05
15 15 5.8048142568247596e-05
15 47 -1.1986685840990218e-05
15 48 -1.2095326357291240e-05
16 16 6.0026582288331319e-05
16 21 -9.3533597373854322e-06
16 56 -1.1905498510203803e-05
17 17 6.3191424702206792e-05
17 23 -1.0350063203690161e-05
17 57 -1.2111941711715863e-05
18 18 5.5985002672937691e-05
18 24 -9.5405586169970776e-06
18 58 -1.0770320981831226e-05
19 10 -8.5602559540767701e-06
19 19 4.6033090839868462e-05
19 22 -9.2647424632118505e-06
19 36 -9.2929602528196255e-06
20 3 -1.0413114934785871e-05
20 13 -1.0818616030474391e-05
20 20 5.3349984863942238e-05
20 23 -1.1991100949562013e-05
21 10 -9.2226768065073030e-06
21 16 -9.3533597373854322e-06
21 21 5.0083840649213091e-05
21 46 -1.0501791315328129e-05
22 19 -9.2647424632118505e-06
22 22 5.8218780876058887e-05
22 59 -1.0419641034973828e-05
23 11 -9.6398665739875951e-06
23 17 -1.0350063203690161e-05
23 20 -1.1991100949562013e-05
23 23 5.3143320027453393e-05
24 12 -9.2783919152701107e-06
24 18 -9.5405586169970776e-06
24 24 5.0374779247377145e-05
24 35 -1.1309510544347890e-05
25 2 -8.3194591385236175e-06
25 4 -1.1794576362478844e-05
25 25 4.8867058631137832e-05
25 33 -9.3516552962013188e-06
26 26 6.5394252481653509e-05
26 31 -1.0752895428316987e-05
26 54 -1.3771497879064988e-05
27 27 5.4714928543934503e-05
27 32 -8.6569413901112888e-06
27 53 -1.0413023394436153e-05
28 28 6.0533675372250534e-05
28 33 -9.9515762116561837e-06
28 55 -1.1962036046788697e-05
29 29 5.8889711937980355e-05
29 34 -9.1335006787639467e-06
29 52 -1.1171238865167456e-05
30 5 -1.0060441773933841e-05
30 13 -1.0390872659216635e-05
30 30 5.1972762720503790e-05
30 32 -1.1761070875281850e-05
31 12 -9.9486159472180808e-06
31 26 -1.0752895428316987e-05
31 31 5.5843024221322688e-05
31 49 -1.2297278550229131e-05
32 11 -9.9236783712492563e-06
32 27 -8.6569413901112888e-06
32 30 -1.1761070875281850e-05
32 32 5.0769205027649197e-05
33 14 -7.6429828951225164e-06
33 25 -9.3516552962013188e-06
33 28 -9.9515762116561837e-06
33 33 4.3925475996792624e-05
34 2 -9.3147479071634581e-06
34 14 -7.9904552559177551e-06
34 29 -9.1335006787639467e-06
34 34 4.4038263405272448e-05
35 6 -9.5201337444925523e-06
35 24 -1.1309510544347890e-05
35 35 5.1640840353093224e-05
35 65 -1.2403803820740655e-05
36 7 -8.4701241717490720e-06
36 19 -9.2929602528196255e-06
36 36 4.8250159838080956e-05
36 66 -1.1712477095077667e-05
37 37 6.4783559846799500e-05
37 41 -1.3933007758778531e-05
37 54 -8.1222383568922693e-06
38 38 4.6925919804857289e-05
38 42 -1.0032417696808739e-05
38 53 -6.3005657151899866e-06
39 39 4.8206025152331863e-05
39 40 -1.0026945705746021e-05
39 55 -6.6558142350620900e-06
40 39 -1.0026945705746021e-05
40 40 4.6899574721399431e-05
40 58 -6.2961399133195288e-06
41 37 -1.3933007758778531e-05
41 41 6.5398893421409702e-05
41 57 -8.6655163932154207e-06
42 38 -1.0032417696808739e-05
42 42 4.8276992749461166e-05
42 56 -6.7011301101960884e-06
43 43 5.5612348953321963e-05
43 44 -1.1214192775755475e-05
43 59 -7.0180904723765840e-06
44 43 -1.1214192775755475e-05
44 44 5.5282141414605751e-05
44 52 -6.6890592828025785e-06
45 1 -9.4746106539713887e-06
45 45 4.9381457814067974e-05
45 51 -1.1191940843384280e-05
45 64 -8.9244815394827164e-06
46 9 -1.1171453402065127e-05
46 21 -1.0501791315328129e-05
46 46 4.6023846540153673e-05
46 66 -7.5790481124000992e-06
47 8 -8.3367855855333225e-06
47 15 -1.1986685840990218e-05
47 47 5.0327441532167498e-05
47 50 -1.1853832227644955e-05
48 9 -7.6493373522440443e-06
48 15 -1.2095326357291240e-05
48 48 5.0087060549689804e-05
48 51 -1.1620828219850243e-05
49 8 -1.1858697989012980e-05
49 31 -1.2297278550229131e-05
49 49 5.1079769078837727e-05
49 65 -9.2303018278053195e-06
50 47 -1.1853832227644955e-05
50 50 5.1563767451471311e-05
50 64 -1.3254544337022177e-05
50 65 -8.7260980105288945e-06
51 45 -1.1191940843384280e-05
51 48 -1.1620828219850243e-05
51 51 4.8631948839546615e-05
51 66 -8.0340332556493326e-06
52 29 -1.1171238865167456e-05
52 44 -6.6890592828025785e-06
52 52 4.2683823346343304e-05
52 60 -9.0146110864849321e-06
53 27 -1.0413023394436153e-05
53 38 -6.3005657151899866e-06
53 53 4.0903139636858741e-05
53 61 -9.4018458053402205e-06
54 26 -1.3771497879064988e-05
54 37 -8.1222383568922693e-06
54 54 5.1177984738441074e-05
54 62 -1.1471177969004353e-05
55 28 -1.1962036046788697e-05
55 39 -6.6558142350620900e-06
55 55 4.4223227121165286e-05
55 63 -9.8452163122061586e-06
56 16 -1.1905498510203803e-05
56 42 -6.7011301101960884e-06
56 56 4.3286085938078335e-05
56 61 -9.4669538717718006e-06
57 17 -1.2111941711715863e-05
57 41 -8.6655163932154207e-06
57 57 4.6326950167205200e-05
57 62 -9.9498716818212614e-06
58 18 -1.0770320981831226e-05
58 40 -6.2961399133195288e-06
58 58 4.0728104525959069e-05
58 63 -9.0173093747559027e-06
59 22 -1.0419641034973828e-05
59 43 -7.0180904723765840e-06
59 59 3.9259499368155413e-05
59 60 -7.6891819227070390e-06
60 7 -1.0346261959904182e-05
60 52 -9.0146110864849321e-06
60 59 -7.6891819227070390e-06
60 60 4.2292141865818607e-05
61 5 -1.1075554076708422e-05
61 53 -9.4018458053402205e-06
61 56 -9.4669538717718006e-06
61 61 4.5385703492914733e-05
62 3 -1.1881344010088716e-05
62 54 -1.1471177969004353e-05
62 57 -9.9498716818212614e-06
62 62 4.9738571686397607e-05
63 6 -1.1013203869350364e-05
63 55 -9.8452163122061586e-06
63 58 -9.0173093747559027e-06
63 63 4.4873002461269323e-05
64 4 -8.2916337479648384e-06
64 45 -8.9244815394827164e-06
64 50 -1.3254544337022177e-05
64 64 4.8120905167566951e-05
65 35 -1.2403803820740655e-05
65 49 -9.2303018278053195e-06
65 50 -8.7260980105288945e-06
65 65 4.5270918896846558e-05
66 36 -1.1712477095077667e-05
66 46 -7.5790481124000992e-06
66 51 -8.0340332556493326e-06
66 66 4.1907154849629095e-05
