%%MatrixMarket matrix coordinate real general
66 66 244
1 1 5.7741982319190483e-05
1 2 -1.3433770168990216e-05
1 7 -9.8111485658955525e-06
1 45 -9.4984992607284128e-06
2 1 -1.3433770168990216e-05
2 2 5.2860784122138034e-05
2 25 -8.3574427075607602e-06
2 34 -9.3277456938892212e-06
3 3 5.7390323262993127e-05
3 8 -1.4087664308348269e-05
3 20 -1.0432493115847617e-05
3 62 -1.1899420544890730e-05
4 4 5.1734462875554742e-05
4 6 -1.1764271875246138e-05
4 25 -1.1838229539070801e-05
4 64 -8.3248427520563815e-06
5 5 5.5190570479026755e-05
5 9 -1.2856537526188064e-05
5 30 -1.0110601849512876e-05
5 61 -1.1136396858825052e-05
6 4 -1.1764271875246138e-05
6 6 5.1405294761692241e-05
6 35 -9.5725185965966766e-06
6 63 -1.1079967580168189e-05
7 1 -9.8111485658955525e-06
7 7 4.8628242115218515e-05
7 36 -8.4869929501338806e-06
7 60 -1.0359742347538223e-05
8 3 -1.4087664308348269e-05
8 8 5.2787628624579008e-05
8 47 -8.3505622641651990e-06
8 49 -1.1897018515100482e-05
9 5 -1.2856537526188064e-05
9 9 5.0383497226856147e-05
9 46 -1.1210313908261077e-05
9 48 -7.6803047375959966e-06
10 10 5.6260645262043362e-05
10 19 -8.5771036503678172e-06
10 21 -9.2542594120760875e-06
11 11 5.9630783915994946e-05
11 23 -9.8844118260133197e-06
11 32 -1.0178241788049233e-05
12 12 5.9036885322020103e-05
12 24 -9.5210243931087817e-06
12 31 -1.0204398700806581e-05
13 13 5.2466354635680734e-05
13 15 -1.0897015964333160e-05
13 20 -1.0845791639681783e-05
13 30 -1.0423096811815077e-05
14 14 5.4609264389237796e-05
14 33 -7.6679026391416398e-06
14 34 -8.0114083172596966e-06
15 13 -1.0897015964333160e-05
15 15 5.8213496471258506e-05
15 47 -1.2025988060983381e-05
15 48 -1.2126833824748821e-05
16 16 6.0416363518557784e-05
16 21 -9.3898815287661256e-06
16 56 -1.2023676274172180e-05
17 17 6.4512801162260416e-05
17 23 -1.0540341654246893e-05
17 57 -1.2339884924893413e-05
18 18 5.7886632237942156e-05
18 24 -9.8322357314401579e-06
18 58 -1.1117117586904647e-05
19 10 -8.5771036503678172e-06
19 19 4.6124363235243093e-05
19 22 -9.2808275773114478e-06
19 36 -9.3125742768559631e-06
20 3 -1.0432493115847617e-05
20 13 -1.0845791639681783e-05
20 20 5.3460168250240603e-05
20 23 -1.1992425230198097e-05
21 10 -9.2542594120760875e-06
21 16 -9.3898815287661256e-06
21 21 5.0287552521184399e-05
21 46 -1.0555466764238431e-05
22 19 -9.2808275773114478e-06
22 22 5.8273652989292645e-05
22 59 -1.0426708390743166e-05
23 11 -9.8844118260133197e-06
23 17 -1.0540341654246893e-05
23 20 -1.1992425230198097e-05
23 23 5.3573888994407382e-05
24 12 -9.5210243931087817e-06
24 18 -9.8322357314401579e-06
24 24 5.0997142424146647e-05
24 35 -1.1341581503708701e-05
25 2 -8.3574427075607602e-06
25 4 -1.1838229539070801e-05
25 25 4.9108766131393635e-05
25 33 -9.3978518500317907e-06
26 26 6.6722512857790106e-05
26 31 -1.0944238198580930e-05
26 54 -1.4021081514535587e-05
27 27 5.6577210589414373e-05
27 32 -8.9220401705682881e-06
27 53 -1.0749881198061534e-05
28 28 6.0917044908709245e-05
28 33 -9.9885663165529174e-06
28 55 -1.2074821023121546e-05
29 29 5.8950091551120536e-05
29 34 -9.1546722086157470e-06
29 52 -1.1178319904179910e-05
30 5 -1.0110601849512876e-05
30 13 -1.0423096811815077e-05
30 30 5.2201011318349629e-05
30 32 -1.1792670271506217e-05
31 12 -1.0204398700806581e-05
31 26 -1.0944238198580930e-05
31 31 5.6293507435252357e-05
31 49 -1.2301680911343873e-05
32 11 -1.0178241788049233e-05
32 27 -8.9220401705682881e-06
32 30 -1.1792670271506217e-05
32 32 5.1374439171428620e-05
33 14 -7.6679026391416398e-06
33 25 -9.3978518500317907e-06
33 28 -9.9885663165529174e-06
33 33 4.4094841780999243e-05
34 2 -9.3277456938892212e-06
34 14 -8.0114083172596966e-06
34 29 -9.1546722086157470e-06
34 34 4.4143025215440895e-05
35 6 -9.5725185965966766e-06
35 24 -1.1341581503708701e-05
35 35 5.1875179999533325e-05
35 65 -1.2442908986323546e-05
36 7 -8.4869929501338806e-06
36 19 -9.3125742768559631e-06
36 36 4.8357725065452053e-05
36 66 -1.1746099904198218e-05
37 37 6.5563903971875676e-05
37 41 -1.4092058526296392e-05
37 54 -8.2057003046488945e-06
38 38 4.8310931745118699e-05
38 42 -1.0372170055217322e-05
38 53 -6.4706593786631679e-06
39 39 5.0251930761143028e-05
39 40 -1.0366379451206833e-05
39 55 -6.7739720534439249e-06
40 39 -1.0366379451206833e-05
40 40 4.8282235149820144e-05
40 58 -6.4655614691127421e-06
41 37 -1.4092058526296392e-05
41 41 6.6171983298179548e-05
41 57 -8.7532814209692315e-06
42 38 -1.0372170055217322e-05
42 42 5.0325476597357747e-05
42 56 -6.8237615976639054e-06
43 43 5.5628737547072315e-05
43 44 -1.1217300787244575e-05
43 59 -7.0222396283449301e-06
44 43 -1.1217300787244575e-05
44 44 5.5299252085398658e-05
44 52 -6.6927632996072774e-06
45 1 -9.4984992607284128e-06
45 45 4.9526969605918314e-05
45 51 -1.1221204037697645e-05
45 64 -8.9591644998006882e-06
46 9 -1.1210313908261077e-05
46 21 -1.0555466764238431e-05
46 46 4.6251229164765081e-05
46 66 -7.6172349285226390e-06
47 8 -8.3505622641651990e-06
47 15 -1.2025988060983381e-05
47 47 5.0492653220974094e-05
47 50 -1.1893873065876189e-05
48 9 -7.6803047375959966e-06
48 15 -1.2126833824748821e-05
48 48 5.0288934742858417e-05
48 51 -1.1667269204662226e-05
49 8 -1.1897018515100482e-05
49 31 -1.2301680911343873e-05
49 49 5.1224922752903977e-05
49 65 -9.2617085388921510e-06
50 47 -1.1893873065876189e-05
50 50 5.1734228697719565e-05
50 64 -1.3296941221697532e-05
50 65 -8.7511532174646045e-06
51 45 -1.1221204037697645e-05
51 48 -1.1667269204662226e-05
51 51 4.8778940751880713e-05
51 66 -8.0557519783878209e-06
52 29 -1.1178319904179910e-05
52 44 -6.6927632996072774e-06
52 52 4.2720614941363887e-05
52 60 -9.0292496048718339e-06
53 27 -1.0749881198061534e-05
53 38 -6.4706593786631679e-06
53 53 4.1725681137031500e-05
53 61 -9.5120473885029623e-06
54 26 -1.4021081514535587e-05
54 37 -8.2057003046488945e-06
54 54 5.1501532106087172e-05
54 62 -1.1469775806535457e-05
55 28 -1.2074821023121546e-05
55 39 -6.7739720534439249e-06
55 55 4.4724349897425291e-05
55 63 -9.9466968215785093e-06
56 16 -1.2023676274172180e-05
56 42 -6.8237615976639054e-06
56 56 4.3798105377878871e-05
56 61 -9.5597392598324008e-06
57 17 -1.2339884924893413e-05
57 41 -8.7532814209692315e-06
57 57 4.6633322779154891e-05
57 62 -9.9475965417469402e-06
58 18 -1.1117117586904647e-05
58 40 -6.4655614691127421e-06
58 58 4.1547746986169894e-05
58 63 -9.1213116647110996e-06
59 22 -1.0426708390743166e-05
59 43 -7.0222396283449301e-06
59 59 3.9294453961966441e-05
59 60 -7.7018101939327727e-06
60 7 -1.0359742347538223e-05
60 52 -9.0292496048718339e-06
60 59 -7.7018101939327727e-06
60 60 4.2362716009743519e-05
61 5 -1.1136396858825052e-05
61 53 -9.5120473885029623e-06
61 56 -9.5597392598324008e-06
61 61 4.5809190027350275e-05
62 3 -1.1899420544890730e-05
62 54 -1.1469775806535457e-05
62 57 -9.9475965417469402e-06
62 62 4.9780697845213332e-05
63 6 -1.1079967580168189e-05
63 55 -9.9466968215785093e-06
63 58 -9.1213116647110996e-06
63 63 4.5312770893798425e-05
64 4 -8.3248427520563815e-06
64 45 -8.9591644998006882e-06
64 50 -1.3296941221697532e-05
64 64 4.8314514941732130e-05
65 35 -1.2442908986323546e-05
65 49 -9.2617085388921510e-06
65 50 -8.7511532174646045e-06
65 65 4.5412721154639394e-05
66 36 -1.1746099904198218e-05
66 46 -7.6172349285226390e-06
66 51 -8.0557519783878209e-06
66 66 4.2046270313241541e-05
