%%MatrixMarket matrix coordinate real general
66 66 244
1 1 5.7777913846053422e-05
1 2 -1.3441122168150495e-05
1 7 -9.8165621431714172e-06
1 45 -9.5039977436370051e-06
2 1 -1.3441122168150495e-05
2 2 5.2887031014267574e-05
2 25 -8.3661565376945829e-06
2 34 -9.3307388862924357e-06
3 3 5.7414118288542145e-05
3 8 -1.4093290315292333e-05
3 20 -1.0436898706384581e-05
3 62 -1.1903414098905932e-05
4 4 5.1782768380286928e-05
4 6 -1.1778366182445809e-05
4 25 -1.1848297466578881e-05
4 64 -8.3324427174566286e-06
5 5 5.5258690625361395e-05
5 9 -1.2870664446635996e-05
5 30 -1.0122066438463201e-05
5 61 -1.1150483971145593e-05
6 4 -1.1778366182445809e-05
6 6 5.1472079077124133e-05
6 35 -9.5844870129533739e-06
6 63 -1.1095361190505627e-05
7 1 -9.8165621431714172e-06
7 7 4.8646657399071223e-05
7 36 -8.4908532267976101e-06
7 60 -1.0362847360414468e-05
8 3 -1.4093290315292333e-05
8 8 5.2812169235640281e-05
8 47 -8.3537486374011094e-06
8 49 -1.1905607547484022e-05
9 5 -1.2870664446635996e-05
9 9 5.0429684559839236e-05
9 46 -1.1219286971722798e-05
9 48 -7.6873761277710335e-06
10 10 5.6292133056527204e-05
10 19 -8.5809312663248337e-06
10 21 -9.2614799970275459e-06
11 11 6.0047130105583665e-05
11 23 -9.9451851206218877e-06
11 32 -1.0241317483702779e-05
12 12 5.9459282843691855e-05
12 24 -9.5813604798168682e-06
12 31 -1.0268197457282135e-05
13 13 5.2503754883337929e-05
13 15 -1.0904066148264552e-05
13 20 -1.0851891443490666e-05
13 30 -1.0430463781551659e-05
14 14 5.4643745808879212e-05
14 33 -7.6736140414419751e-06
14 34 -8.0161737090407133e-06
15 13 -1.0904066148264552e-05
15 15 5.8251464060716607e-05
15 47 -1.2034904265777656e-05
15 48 -1.2134116112534161e-05
16 16 6.0505275453498834e-05
16 21 -9.3982020361778137e-06
16 56 -1.2051455418390672e-05
17 17 6.4836021738851307e-05
17 23 -1.0585779079331856e-05
17 57 -1.2394334642564100e-05
18 18 5.8383528403266427e-05
18 24 -9.9081533046394763e-06
18 58 -1.1206812024125655e-05
19 10 -8.5809312663248337e-06
19 19 4.6145144659204747e-05
19 22 -9.2844874542747862e-06
19 36 -9.3170621553889162e-06
20 3 -1.0436898706384581e-05
20 13 -1.0851891443490666e-05
20 20 5.3484929412035741e-05
20 23 -1.1992734204441560e-05
21 10 -9.2614799970275459e-06
21 16 -9.3982020361778137e-06
21 21 5.0334095905756951e-05
21 46 -1.0567783006679648e-05
22 19 -9.2844874542747862e-06
22 22 5.8285942462954374e-05
22 59 -1.0428310741183216e-05
23 11 -9.9451851206218877e-06
23 17 -1.0585779079331856e-05
23 20 -1.1992734204441560e-05
23 23 5.3679186444475390e-05
24 12 -9.5813604798168682e-06
24 18 -9.9081533046394763e-06
24 24 5.1149453465304329e-05
24 35 -1.1347661405357569e-05
25 2 -8.3661565376945829e-06
25 4 -1.1848297466578881e-05
25 25 4.9166442556056271e-05
25 33 -9.4084420796624436e-06
26 26 6.7034302315499344e-05
26 31 -1.0989746643958108e-05
26 54 -1.4080473141953592e-05
27 27 5.7074184534456234e-05
27 32 -8.9913779762516710e-06
27 53 -1.0837370282736054e-05
28 28 6.1004363697324441e-05
28 33 -9.9970134221787408e-06
28 55 -1.2101258888438998e-05
29 29 5.8963598593989437e-05
29 34 -9.1594932260126563e-06
29 52 -1.1179927143218203e-05
30 5 -1.0122066438463201e-05
30 13 -1.0430463781551659e-05
30 30 5.2254503565025336e-05
30 32 -1.1798644952469533e-05
31 12 -1.0268197457282135e-05
31 26 -1.0989746643958108e-05
31 31 5.6403495392331617e-05
31 49 -1.2302646562913847e-05
32 11 -1.0241317483702779e-05
32 27 -8.9913779762516710e-06
32 30 -1.1798644952469533e-05
32 32 5.1522439851593440e-05
33 14 -7.6736140414419751e-06
33 25 -9.4084420796624436e-06
33 28 -9.9970134221787408e-06
33 33 4.4133536727611173e-05
34 2 -9.3307388862924357e-06
34 14 -8.0161737090407133e-06
34 29 -9.1594932260126563e-06
34 34 4.4166863062873749e-05
35 6 -9.5844870129533739e-06
35 24 -1.1347661405357569e-05
35 35 5.1929181017152626e-05
35 65 -1.2451892925042700e-05
36 7 -8.4908532267976101e-06
36 19 -9.3170621553889162e-06
36 36 4.8384735026036810e-05
36 66 -1.1753797123601258e-05
37 37 6.5745882604388949e-05
37 41 -1.4128616434588308e-05
37 54 -8.2249495531707147e-06
38 38 4.8717641897634731e-05
38 42 -1.0468453651012193e-05
38 53 -6.5203015641129521e-06
39 39 5.0775590339418043e-05
39 40 -1.0462590032800925e-05
39 55 -6.8018890890875897e-06
40 39 -1.0462590032800925e-05
40 40 4.8687257925945450e-05
40 58 -6.5150443219162233e-06
41 37 -1.4128616434588308e-05
41 41 6.6350983071869122e-05
41 57 -8.7734791079045665e-06
42 38 -1.0468453651012193e-05
42 42 5.0849771702623198e-05
42 56 -6.8527912970037506e-06
43 43 5.5632453082953431e-05
43 44 -1.1218004173448086e-05
43 59 -7.0231829722167468e-06
44 43 -1.1218004173448086e-05
44 44 5.5303131519931328e-05
44 52 -6.6936071631481007e-06
45 1 -9.5039977436370051e-06
45 45 4.9560618197331575e-05
45 51 -1.1227949816813473e-05
45 64 -8.9671034530352135e-06
46 9 -1.1219286971722798e-05
46 21 -1.0567783006679648e-05
46 46 4.6300527341332088e-05
46 66 -7.6259991765058370e-06
47 8 -8.3537486374011094e-06
47 15 -1.2034904265777656e-05
47 47 5.0531765810479221e-05
47 50 -1.1902954719673118e-05
48 9 -7.6873761277710335e-06
48 15 -1.2134116112534161e-05
48 48 5.0334984329365456e-05
48 51 -1.1677874587510822e-05
49 8 -1.1905607547484022e-05
49 31 -1.2302646562913847e-05
49 49 5.1258185297079305e-05
49 65 -9.2687438182511023e-06
50 47 -1.1902954719673118e-05
50 50 5.1773255384651286e-05
50 64 -1.3306665489736186e-05
50 65 -8.7569313865501878e-06
51 45 -1.1227949816813473e-05
51 48 -1.1677874587510822e-05
51 51 4.8812697418627440e-05
51 66 -8.0607548706411209e-06
52 29 -1.1179927143218203e-05
52 44 -6.6936071631481007e-06
52 52 4.2728977638968608e-05
52 60 -9.0325819322547839e-06
53 27 -1.0837370282736054e-05
53 38 -6.5203015641129521e-06
53 53 4.1925267016523654e-05
53 61 -9.5340500958350362e-06
54 26 -1.4080473141953592e-05
54 37 -8.2249495531707147e-06
54 54 5.1578677637457601e-05
54 62 -1.1469645737786792e-05
55 28 -1.2101258888438998e-05
55 39 -6.8018890890875897e-06
55 55 4.4844995601667413e-05
55 63 -9.9706034697485981e-06
56 16 -1.2051455418390672e-05
56 42 -6.8527912970037506e-06
56 56 4.3916375375798822e-05
56 61 -9.5815640941324568e-06
57 17 -1.2394334642564100e-05
57 41 -8.7734791079045665e-06
57 57 4.6706386828008722e-05
57 62 -9.9472513655451302e-06
58 18 -1.1206812024125655e-05
58 40 -6.5150443219162233e-06
58 58 4.1746450131476455e-05
58 63 -9.1420683134645754e-06
59 22 -1.0428310741183216e-05
59 43 -7.0231829722167468e-06
59 59 3.9302390376346203e-05
59 60 -7.7046846660400742e-06
60 7 -1.0362847360414468e-05
60 52 -9.0325819322547839e-06
60 59 -7.7046846660400742e-06
60 60 4.2378813199084364e-05
61 5 -1.1150483971145593e-05
61 53 -9.5340500958350362e-06
61 56 -9.5815640941324568e-06
61 61 4.5904346306998553e-05
62 3 -1.1903414098905932e-05
62 54 -1.1469645737786792e-05
62 57 -9.9472513655451302e-06
62 62 4.9790335764053425e-05
63 6 -1.1095361190505627e-05
63 55 -9.9706034697485981e-06
63 58 -9.1420683134645754e-06
63 63 4.5411872057204582e-05
64 4 -8.3324427174566286e-06
64 45 -8.9671034530352135e-06
64 50 -1.3306665489736186e-05
64 64 4.8357254780434771e-05
65 35 -1.2451892925042700e-05
65 49 -9.2687438182511023e-06
65 50 -8.7569313865501878e-06
65 65 4.5446753363752578e-05
66 36 -1.1753797123601258e-05
66 46 -7.6259991765058370e-06
66 51 -8.0607548706411209e-06
66 66 4.2078488319755819e-05
