%%MatrixMarket matrix coordinate real general
66 66 244
1 1 5.7463213395855133e-05
1 2 -1.3373947211548025e-05
1 7 -9.7671105495126964e-06
1 45 -9.4541903466930106e-06
2 1 -1.3373947211548025e-05
2 2 5.2648270054797041e-05
2 25 -8.2869864960879633e-06
2 34 -9.3035724874745104e-06
3 3 5.7186899864774930e-05
3 8 -1.4041743295490983e-05
3 20 -1.0396272571863272e-05
3 62 -1.1864937341336609e-05
4 4 5.1335844926176925e-05
4 6 -1.1651157104571988e-05
4 25 -1.1757356099364039e-05
4 64 -8.2630641878044724e-06
5 5 5.4651485956916596e-05
5 9 -1.2743547527254568e-05
5 30 -1.0017436435255436e-05
5 61 -1.1023960869638170e-05
6 4 -1.1651157104571988e-05
6 6 5.0854963938814685e-05
6 35 -9.4751878858169746e-06
6 63 -1.0956747206487850e-05
7 1 -9.7671105495126964e-06
7 7 4.8478900814070824e-05
7 36 -8.4555547340640140e-06
7 60 -1.0334675578859615e-05
8 3 -1.4041743295490983e-05
8 8 5.2590007711793616e-05
8 47 -8.3251185942164453e-06
8 49 -1.1824792520798056e-05
9 5 -1.2743547527254568e-05
9 9 5.0021052769744623e-05
9 46 -1.1138368196554018e-05
9 48 -7.6226126471571292e-06
10 10 5.5992017835050530e-05
10 19 -8.5456185884640623e-06
10 21 -9.1954372466113061e-06
11 11 5.6719064869462554e-05
11 23 -9.4546595431022832e-06
11 32 -9.7298159011054221e-06
12 12 5.6114571180967282e-05
12 24 -9.0944853163206524e-06
12 31 -9.7558198904114909e-06
13 13 5.2178874321897902e-05
13 15 -1.0839936820963078e-05
13 20 -1.0794645179416257e-05
13 30 -1.0363105800874115e-05
14 14 5.4317883794277456e-05
14 33 -7.6215014249204680e-06
14 34 -7.9723328520016687e-06
15 13 -1.0839936820963078e-05
15 15 5.7906528779200958e-05
15 47 -1.1952596888734668e-05
15 48 -1.2068461756090143e-05
16 16 5.9706217091929842e-05
16 21 -9.3216802891071065e-06
16 56 -1.1807495570767732e-05
17 17 6.2128926371126237e-05
17 23 -1.0197392981845334e-05
17 57 -1.1929240238048176e-05
18 18 5.4653228107318333e-05
18 24 -9.3336040479941717e-06
18 58 -1.0521455374672198e-05
19 10 -8.5456185884640623e-06
19 19 4.5953878799296102e-05
19 22 -9.2507889477813263e-06
19 36 -9.2760139132911046e-06
20 3 -1.0396272571863272e-05
20 13 -1.0794645179416257e-05
20 20 5.3256472533029490e-05
20 23 -1.1989018727031034e-05
21 10 -9.1954372466113061e-06
21 16 -9.3216802891071065e-06
21 21 4.9907867587081653e-05
21 46 -1.0455810293573652e-05
22 19 -9.2507889477813263e-06
22 22 5.8170372772760638e-05
22 59 -1.0413471515164471e-05
23 11 -9.4546595431022832e-06
23 17 -1.0197392981845334e-05
23 20 -1.1989018727031034e-05
23 23 5.3009362038824050e-05
24 12 -9.0944853163206524e-06
24 18 -9.3336040479941717e-06
24 24 4.9873563933195905e-05
24 35 -1.1273114827541524e-05
25 2 -8.2869864960879633e-06
25 4 -1.1757356099364039e-05
25 25 4.8667043624215636e-05
25 33 -9.3121111257836763e-06
26 26 6.4332996300697968e-05
26 31 -1.0598640316882230e-05
26 54 -1.3570554659754701e-05
27 27 5.3407490191037283e-05
27 32 -8.4701737717442833e-06
27 53 -1.0172676605481346e-05
28 28 6.0218735696648945e-05
28 33 -9.9194966998476416e-06
28 55 -1.1868129106841854e-05
29 29 5.8836560828736008e-05
29 34 -9.1152008032699825e-06
29 52 -1.1165058883564920e-05
30 5 -1.0017436435255436e-05
30 13 -1.0363105800874115e-05
30 30 5.1767510650313044e-05
30 32 -1.1725125452357719e-05
31 12 -9.7558198904114909e-06
31 26 -1.0598640316882230e-05
31 31 5.5488821052110152e-05
31 49 -1.2292180218642737e-05
32 11 -9.7298159011054221e-06
32 27 -8.4701737717442833e-06
32 30 -1.1725125452357719e-05
32 32 5.0281166626521353e-05
33 14 -7.6215014249204680e-06
33 25 -9.3121111257836763e-06
33 28 -9.9194966998476416e-06
33 33 4.3779206728050967e-05
34 2 -9.3035724874745104e-06
34 14 -7.9723328520016687e-06
34 29 -9.1152008032699825e-06
34 34 4.3947571572378862e-05
35 6 -9.4751878858169746e-06
35 24 -1.1273114827541524e-05
35 35 5.1417258241216022e-05
35 65 -1.2370340270159864e-05
36 7 -8.4555547340640140e-06
36 19 -9.2760139132911046e-06
36 36 4.8156349660587686e-05
36 66 -1.1683542597076056e-05
37 37 6.4125991868259320e-05
37 41 -1.3798071036721868e-05
37 54 -8.0516803850371354e-06
38 38 4.6100240661701365e-05
38 42 -9.8199284290803541e-06
38 53 -6.1980420896273587e-06
39 39 4.6751086413445925e-05
39 40 -9.8147063639752048e-06
39 55 -6.5609845179300727e-06
40 39 -9.8147063639752048e-06
40 40 4.6075695565163499e-05
40 58 -6.1941557447130140e-06
41 37 -1.3798071036721868e-05
41 41 6.4742995852284490e-05
41 57 -8.5912024295897512e-06
42 38 -9.8199284290803541e-06
42 42 4.6820334165767440e-05
42 56 -6.6029263803256506e-06
43 43 5.5598043264024049e-05
43 44 -1.1211476091725805e-05
43 59 -7.0144778675637231e-06
44 43 -1.1211476091725805e-05
44 44 5.5267208443898194e-05
44 52 -6.6858387808315238e-06
45 1 -9.4541903466930106e-06
45 45 4.9261461084480480e-05
45 51 -1.1166921492559373e-05
45 64 -8.8946582695600089e-06
46 9 -1.1138368196554018e-05
46 21 -1.0455810293573652e-05
46 46 4.5820708153304529e-05
46 66 -7.5463485989222405e-06
47 8 -8.3251185942164453e-06
47 15 -1.1952596888734668e-05
47 47 5.0183775483237809e-05
47 50 -1.1819079259869835e-05
48 9 -7.6226126471571292e-06
48 15 -1.2068461756090143e-05
48 48 5.0034085774404969e-05
48 51 -1.1580749984418047e-05
49 8 -1.1824792520798056e-05
49 31 -1.2292180218642737e-05
49 49 5.0949528990024300e-05
49 65 -9.2025003954030355e-06
50 47 -1.1819079259869835e-05
50 50 5.1417184756813207e-05
50 64 -1.3218164764415425e-05
50 65 -8.7047600386694687e-06
51 45 -1.1166921492559373e-05
51 48 -1.1580749984418047e-05
51 51 4.8505421629464304e-05
51 66 -8.0154476151709575e-06
52 29 -1.1165058883564920e-05
52 44 -6.6858387808315238e-06
52 52 4.2652088363089690e-05
52 60 -9.0019224660281741e-06
53 27 -1.0172676605481346e-05
53 38 -6.1980420896273587e-06
53 53 4.0230115782875366e-05
53 61 -9.2890439979192270e-06
54 26 -1.3570554659754701e-05
54 37 -8.0516803850371354e-06
54 54 5.0917245453096854e-05
54 62 -1.1473271146277767e-05
55 28 -1.1868129106841854e-05
55 39 -6.5609845179300727e-06
55 55 4.3814988417225926e-05
55 63 -9.7618419260992436e-06
56 16 -1.1807495570767732e-05
56 42 -6.6029263803256506e-06
56 56 4.2872358649394924e-05
56 61 -9.3906785023022212e-06
57 17 -1.1929240238048176e-05
57 41 -8.5912024295897512e-06
57 57 4.6082898088724086e-05
57 62 -9.9526373229244398e-06
58 18 -1.0521455374672198e-05
58 40 -6.1941557447130140e-06
58 58 4.0064141060925386e-05
58 63 -8.9107120173731476e-06
59 22 -1.0413471515164471e-05
59 43 -7.0144778675637231e-06
59 59 3.9229743186723364e-05
59 60 -7.6782340142943808e-06
60 7 -1.0334675578859615e-05
60 52 -9.0019224660281741e-06
60 59 -7.6782340142943808e-06
60 60 4.2231028865987667e-05
61 5 -1.1023960869638170e-05
61 53 -9.2890439979192270e-06
61 56 -9.3906785023022212e-06
61 61 4.5011999828999940e-05
62 3 -1.1864937341336609e-05
62 54 -1.1473271146277767e-05
62 57 -9.9526373229244398e-06
62 62 4.9701783111943935e-05
63 6 -1.0956747206487850e-05
63 55 -9.7618419260992436e-06
63 58 -8.9107120173731476e-06
63 63 4.4487016765844290e-05
64 4 -8.2630641878044724e-06
64 45 -8.8946582695600089e-06
64 50 -1.3218164764415425e-05
64 64 4.7957724809019866e-05
65 35 -1.2370340270159864e-05
65 49 -9.2025003954030355e-06
65 50 -8.7047600386694687e-06
65 65 4.5299135238725818e-05
66 36 -1.1683542597076056e-05
66 46 -7.5463485989222405e-06
66 51 -8.0154476151709575e-06
66 66 4.1791620121788880e-05
