%%MatrixMarket matrix coordinate real general
66 66 244
1 1 5.8077739894358502e-05
1 2 -1.3504489181367046e-05
1 7 -9.8632304184287696e-06
1 45 -9.5520384345397570e-06
2 1 -1.3504489181367046e-05
2 2 5.3111597462324379e-05
2 25 -8.4408689615830656e-06
2 34 -9.3573942682528168e-06
3 3 5.7613976828556769e-05
3 8 -1.4140965045022015e-05
3 20 -1.0473963342332872e-05
3 62 -1.1935497473690627e-05
4 4 5.2206375983250401e-05
4 6 -1.1901606281294219e-05
4 25 -1.1936420380929522e-05
4 64 -8.3973533283373245e-06
5 5 5.5836254121338676e-05
5 9 -1.2993869097427843e-05
5 30 -1.0218922351188198e-05
5 61 -1.1272646998450126e-05
6 4 -1.1901606281294219e-05
6 6 5.2075118572697076e-05
6 35 -9.6853542742202654e-06
6 63 -1.1229176888670719e-05
7 1 -9.8632304184287696e-06
7 7 4.8807077557479653e-05
7 36 -8.5240709760713863e-06
7 60 -1.0390145484021659e-05
8 3 -1.4140965045022015e-05
8 8 5.3024533330410514e-05
8 47 -8.3816431562527595e-06
8 49 -1.1976108296417508e-05
9 5 -1.2993869097427843e-05
9 9 5.0832820234330276e-05
9 46 -1.1298179387057576e-05
9 48 -7.7474743151037904e-06
10 10 5.6567068858757647e-05
10 19 -8.6133693873939334e-06
10 21 -9.3237239113372845e-06
11 11 6.4144790792675294e-05
11 23 -1.0540505238956936e-05
11 32 -1.0856970197097259e-05
12 12 6.3633921767343679e-05
12 24 -1.0174364181470660e-05
12 31 -1.0897590408506138e-05
13 13 5.2815357261701859e-05
13 15 -1.0964493460798150e-05
13 20 -1.0902396138649093e-05
13 30 -1.0493006725203291e-05
14 14 5.4940053487705800e-05
14 33 -7.7227257123920372e-06
14 34 -8.0563669438085418e-06
15 13 -1.0964493460798150e-05
15 15 5.8583338578312513e-05
15 47 -1.2110183499021387e-05
15 48 -1.2197498939143917e-05
16 16 6.1267486312512200e-05
16 21 -9.4692524567780019e-06
16 56 -1.2301129667238689e-05
17 17 6.7740538745099217e-05
17 23 -1.0996240613878461e-05
17 57 -1.2886028963829612e-05
18 18 6.3868942318871891e-05
18 24 -1.0734752207158941e-05
18 58 -1.2174775135909004e-05
19 10 -8.6133693873939334e-06
19 19 4.6321546595486733e-05
19 22 -9.3156396775078031e-06
19 36 -9.3556466813301413e-06
20 3 -1.0473963342332872e-05
20 13 -1.0902396138649093e-05
20 20 5.3686102335946453e-05
20 23 -1.1999955119708770e-05
21 10 -9.3237239113372845e-06
21 16 -9.4692524567780019e-06
21 21 5.0731867664075834e-05
21 46 -1.0672962830296046e-05
22 19 -9.3156396775078031e-06
22 22 5.8389584806411616e-05
22 59 -1.0441894201779385e-05
23 11 -1.0540505238956936e-05
23 17 -1.0996240613878461e-05
23 20 -1.1999955119708770e-05
23 23 5.4691234081933682e-05
24 12 -1.0174364181470660e-05
24 18 -1.0734752207158941e-05
24 24 5.2679701643157876e-05
24 35 -1.1391095406215842e-05
25 2 -8.4408689615830656e-06
25 4 -1.1936420380929522e-05
25 25 4.9629235922620824e-05
25 33 -9.4989616863290911e-06
26 26 6.9921681752143248e-05
26 31 -1.1398686510698097e-05
26 54 -1.4614065879425885e-05
27 27 6.2556044888931916e-05
27 32 -9.7551440038350970e-06
27 53 -1.1791617438098670e-05
28 28 6.1754101535677373e-05
28 33 -1.0068976101206750e-05
28 55 -1.2338790713157273e-05
29 29 5.9077347748590778e-05
29 34 -9.2002641121745914e-06
29 52 -1.1193629887710690e-05
30 5 -1.0218922351188198e-05
30 13 -1.0493006725203291e-05
30 30 5.2677230479020577e-05
30 32 -1.1841524065268404e-05
31 12 -1.0897590408506138e-05
31 26 -1.1398686510698097e-05
31 31 5.7464049424119939e-05
31 49 -1.2315205357614921e-05
32 11 -1.0856970197097259e-05
32 27 -9.7551440038350970e-06
32 30 -1.1841524065268404e-05
32 32 5.3009791897651220e-05
33 14 -7.7227257123920372e-06
33 25 -9.4989616863290911e-06
33 28 -1.0068976101206750e-05
33 33 4.4464514616352841e-05
34 2 -9.3573942682528168e-06
34 14 -8.0563669438085418e-06
34 29 -9.2002641121745914e-06
34 34 4.4369109632527227e-05
35 6 -9.6853542742202654e-06
35 24 -1.1391095406215842e-05
35 35 5.2184529695491246e-05
35 65 -1.2528879588787578e-05
36 7 -8.5240709760713863e-06
36 19 -9.3556466813301413e-06
36 36 4.8614931020562232e-05
36 66 -1.1820205554298379e-05
37 37 6.7267204543333122e-05
37 41 -1.4435719006705946e-05
37 54 -8.3873656591995300e-06
38 38 5.4679029547214450e-05
38 42 -1.1770398403987422e-05
38 53 -7.2396197241715437e-06
39 39 5.6002275020866788e-05
39 40 -1.1764333608899960e-05
39 55 -7.0407150569120035e-06
40 39 -1.1764333608899960e-05
40 40 5.4646673778942150e-05
40 58 -7.2331178155977776e-06
41 37 -1.4435719006705946e-05
41 41 6.7853103026740177e-05
41 57 -8.9436216687777597e-06
42 38 -1.1770398403987422e-05
42 42 5.6082674533668128e-05
42 56 -7.1017560533171453e-06
43 43 5.5663796999204730e-05
43 44 -1.1223891313782789e-05
43 59 -7.0312468070578979e-06
44 43 -1.1223891313782789e-05
44 44 5.5335844744262453e-05
44 52 -6.7008751597417119e-06
45 1 -9.5520384345397570e-06
45 45 4.9843311445402891e-05
45 51 -1.1286794219349716e-05
45 64 -9.0350104115959314e-06
46 9 -1.1298179387057576e-05
46 21 -1.0672962830296046e-05
46 46 4.6754436049654548e-05
46 66 -7.7008437137071172e-06
47 8 -8.3816431562527595e-06
47 15 -1.2110183499021387e-05
47 47 5.0854955903434747e-05
47 50 -1.1979471843944023e-05
48 9 -7.7474743151037904e-06
48 15 -1.2197498939143917e-05
48 48 5.0726259454375101e-05
48 51 -1.1768077290414323e-05
49 8 -1.1976108296417508e-05
49 31 -1.2315205357614921e-05
49 49 5.1361259230588240e-05
49 65 -9.3263626781336259e-06
50 47 -1.1979471843944023e-05
50 50 5.2109936548263955e-05
50 64 -1.3390546199526694e-05
50 65 -8.8070183878503300e-06
51 45 -1.1286794219349716e-05
51 48 -1.1768077290414323e-05
51 51 4.9111364427151838e-05
51 66 -8.1043325996227215e-06
52 29 -1.1193629887710690e-05
52 44 -6.7008751597417119e-06
52 52 4.2800235557918301e-05
52 60 -9.0609318891411164e-06
53 27 -1.1791617438098670e-05
53 38 -7.2396197241715437e-06
53 53 4.4011069609702662e-05
53 61 -9.6849522747130136e-06
54 26 -1.4614065879425885e-05
54 37 -8.3873656591995300e-06
54 54 5.2246681085905164e-05
54 62 -1.1472138964242916e-05
55 28 -1.2338790713157273e-05
55 39 -7.0407150569120035e-06
55 55 4.5700350440804034e-05
55 63 -1.0182205471916937e-05
56 16 -1.2301129667238689e-05
56 42 -7.1017560533171453e-06
56 56 4.4976855399913856e-05
56 61 -9.7752261089830286e-06
57 17 -1.2886028963829612e-05
57 41 -8.9436216687777597e-06
57 57 4.7365246928159795e-05
57 62 -9.9476806665376106e-06
58 18 -1.2174775135909004e-05
58 40 -7.2331178155977776e-06
58 58 4.3828254516493419e-05
58 63 -9.2854321203831550e-06
59 22 -1.0441894201779385e-05
59 43 -7.0312468070578979e-06
59 59 3.9369736517565803e-05
59 60 -7.7291310331292001e-06
60 7 -1.0390145484021659e-05
60 52 -9.0609318891411164e-06
60 59 -7.7291310331292001e-06
60 60 4.2516039887968976e-05
61 5 -1.1272646998450126e-05
61 53 -9.6849522747130136e-06
61 56 -9.7752261089830286e-06
61 61 4.6719500910311234e-05
62 3 -1.1935497473690627e-05
62 54 -1.1472138964242916e-05
62 57 -9.9476806665376106e-06
62 62 4.9881924564102652e-05
63 6 -1.1229176888670719e-05
63 55 -1.0182205471916937e-05
63 58 -9.2854321203831550e-06
63 63 4.6261590062376845e-05
64 4 -8.3973533283373245e-06
64 45 -9.0350104115959314e-06
64 50 -1.3390546199526694e-05
64 64 4.8737429323911712e-05
65 35 -1.2528879588787578e-05
65 49 -9.3263626781336259e-06
65 50 -8.8070183878503300e-06
65 65 4.5732132173752949e-05
66 36 -1.1820205554298379e-05
66 46 -7.7008437137071172e-06
66 51 -8.1043325996227215e-06
66 66 4.2362694537552875e-05
