%%MatrixMarket matrix coordinate real general
66 66 244
1 1 5.7020720335010166e-05
1 2 -1.3278553617413201e-05
1 7 -9.6969943797331685e-06
1 45 -9.3843670159285419e-06
2 1 -1.3278553617413201e-05
2 2 5.2324944816626543e-05
2 25 -8.1774291916430254e-06
2 34 -9.2644763309351459e-06
3 3 5.6859137497296554e-05
3 8 -1.3968501734111463e-05
3 20 -1.0337530330225735e-05
3 62 -1.1802330907995681e-05
4 4 5.0717136628832877e-05
4 6 -1.1476872185605604e-05
4 25 -1.1630931645103575e-05
4 64 -8.1654407803830799e-06
5 5 5.3826811372029557e-05
5 9 -1.2568804913034791e-05
5 30 -9.8751234281056008e-06
5 61 -1.0851610064535559e-05
6 4 -1.1476872185605604e-05
6 6 5.0016343192342739e-05
6 35 -9.3269576558289471e-06
6 63 -1.0768995607631693e-05
7 1 -9.6969943797331685e-06
7 7 4.8239666251919808e-05
7 36 -8.4051300492053168e-06
7 60 -1.0294450166102279e-05
8 3 -1.3968501734111463e-05
8 8 5.2271244758239685e-05
8 47 -8.2861833072977330e-06
8 49 -1.1703341088047260e-05
9 5 -1.2568804913034791e-05
9 9 4.9456226840944393e-05
9 46 -1.1026239963222531e-05
9 48 -7.5307563258470099e-06
10 10 5.5561758055373680e-05
10 19 -8.4947133675059295e-06
10 21 -9.1012447842767935e-06
11 11 5.3434354909106434e-05
11 23 -8.9607319433373258e-06
11 32 -9.2049279842503038e-06
12 12 5.2848911671184244e-05
12 24 -8.6000789755548884e-06
12 31 -9.2452555808412338e-06
13 13 5.1701796089476599e-05
13 15 -1.0749852646306839e-05
13 20 -1.0708718516048656e-05
13 30 -1.0268320495843009e-05
14 14 5.3854717188264007e-05
14 33 -7.5469852448495717e-06
14 34 -7.9100938230627109e-06
15 13 -1.0749852646306839e-05
15 15 5.7422165183418586e-05
15 47 -1.1833470289093786e-05
15 48 -1.1977370445782237e-05
16 16 5.8577978995338401e-05
16 21 -9.2111182647845354e-06
16 56 -1.1494513271797223e-05
17 17 5.9058484031556063e-05
17 23 -9.7469579952353483e-06
17 57 -1.1392591818666311e-05
18 18 5.1497570422732681e-05
18 24 -8.8345368023823763e-06
18 58 -9.9056795429868573e-06
19 10 -8.4947133675059295e-06
19 19 4.5678226721390541e-05
19 22 -9.2023047308424742e-06
19 36 -9.2173661815624029e-06
20 3 -1.0337530330225735e-05
20 13 -1.0708718516048656e-05
20 20 5.2895062197462418e-05
20 23 -1.1963485491414029e-05
21 10 -9.1012447842767935e-06
21 16 -9.2111182647845354e-06
21 21 4.9320452520014674e-05
21 46 -1.0300804084204246e-05
22 19 -9.2023047308424742e-06
22 22 5.7999605380258616e-05
22 59 -1.0391637431008455e-05
23 11 -8.9607319433373258e-06
23 17 -9.7469579952353483e-06
23 20 -1.1963485491414029e-05
23 23 5.2004765508530797e-05
24 12 -8.6000789755548884e-06
24 18 -8.8345368023823763e-06
24 24 4.8246510747720659e-05
24 35 -1.1074583845586182e-05
25 2 -8.1774291916430254e-06
25 4 -1.1630931645103575e-05
25 25 4.7989273682606950e-05
25 33 -9.1786338353092430e-06
26 26 6.1221733898092568e-05
26 31 -1.0139595808528776e-05
26 54 -1.2975634401207975e-05
27 27 5.0363162216694618e-05
27 32 -8.0253912157703285e-06
27 53 -9.5834558443579029e-06
28 28 5.9109798355690299e-05
28 33 -9.8072144101506476e-06
28 55 -1.1564411382861100e-05
29 29 5.8648778916490116e-05
29 34 -9.0523603748557188e-06
29 52 -1.1143148341470684e-05
30 5 -9.8751234281056008e-06
30 13 -1.0268320495843009e-05
30 30 5.1017197079330770e-05
30 32 -1.1527632519512858e-05
31 12 -9.2452555808412338e-06
31 26 -1.0139595808528776e-05
31 31 5.4418957018390879e-05
31 49 -1.2253043793738741e-05
32 11 -9.2049279842503038e-06
32 27 -8.0253912157703285e-06
32 30 -1.1527632519512858e-05
32 32 4.8690303282511026e-05
33 14 -7.5469852448495717e-06
33 25 -9.1786338353092430e-06
33 28 -9.8072144101506476e-06
33 33 4.3287827535198435e-05
34 2 -9.2644763309351459e-06
34 14 -7.9100938230627109e-06
34 29 -9.0523603748557188e-06
34 34 4.3643081068605993e-05
35 6 -9.3269576558289471e-06
35 24 -1.1074583845586182e-05
35 35 5.0636135441998750e-05
35 65 -1.2258111784204364e-05
36 7 -8.4051300492053168e-06
36 19 -9.2173661815624029e-06
36 36 4.7809416252034173e-05
36 66 -1.1583943780984537e-05
37 37 6.2011287256921700e-05
37 41 -1.3358749748361954e-05
37 54 -7.8233410202906241e-06
38 38 4.4648438577877273e-05
38 42 -9.4128134662157209e-06
38 53 -6.0012191904428210e-06
39 39 4.3484976325595598e-05
39 40 -9.4081276979045157e-06
39 55 -6.2923536659681833e-06
40 39 -9.4081276979045157e-06
40 40 4.4629420768235259e-05
40 58 -5.9987410811682378e-06
41 37 -1.3358749748361954e-05
41 41 6.2638652569807428e-05
41 57 -8.3498315916669326e-06
42 38 -9.4128134662157209e-06
42 42 4.3551290394931860e-05
42 56 -6.3264708463860571e-06
43 43 5.5547514280174614e-05
43 44 -1.1201888413430494e-05
43 59 -7.0017098446832633e-06
44 43 -1.1201888413430494e-05
44 44 5.5214523716882548e-05
44 52 -6.6744652515705737e-06
45 1 -9.3843670159285419e-06
45 45 4.8840717156146317e-05
45 51 -1.1081450683090171e-05
45 64 -8.7927193452598840e-06
46 9 -1.1026239963222531e-05
46 21 -1.0300804084204246e-05
46 46 4.5170526793592522e-05
46 66 -7.4361538433174421e-06
47 8 -8.2861833072977330e-06
47 15 -1.1833470289093786e-05
47 47 4.9681864856343091e-05
47 50 -1.1697493808905071e-05
48 9 -7.5307563258470099e-06
48 15 -1.1977370445782237e-05
48 48 4.9541572340671458e-05
48 51 -1.1442893589379595e-05
49 8 -1.1703341088047260e-05
49 31 -1.2253043793738741e-05
49 49 5.0458247112051047e-05
49 65 -9.1029600915186316e-06
50 47 -1.1697493808905071e-05
50 50 5.1033254424338244e-05
50 64 -1.3094351377362418e-05
50 65 -8.6330714569491921e-06
51 45 -1.1081450683090171e-05
51 48 -1.1442893589379595e-05
51 51 4.8062245373460857e-05
51 66 -7.9518928078837221e-06
52 29 -1.1143148341470684e-05
52 44 -6.6744652515705737e-06
52 52 4.2543543798142830e-05
52 60 -8.9580147215308042e-06
53 27 -9.5834558443579029e-06
53 38 -6.0012191904428210e-06
53 53 3.8072495998866732e-05
53 61 -8.8100859519535322e-06
54 26 -1.2975634401207975e-05
54 37 -7.8233410202906241e-06
54 54 5.0139439926320594e-05
54 62 -1.1483477387212829e-05
55 28 -1.1564411382861100e-05
55 39 -6.2923536659681833e-06
55 55 4.2488450133660079e-05
55 63 -9.4979762391938836e-06
56 16 -1.1494513271797223e-05
56 42 -6.3264708463860571e-06
56 56 4.1591179463356362e-05
56 61 -9.1477441815426971e-06
57 17 -1.1392591818666311e-05
57 41 -8.3498315916669326e-06
57 57 4.5509941804299981e-05
57 62 -9.9646053278465059e-06
58 18 -9.9056795429868573e-06
58 40 -5.9987410811682378e-06
58 58 3.7923786278300643e-05
58 63 -8.4555007814137256e-06
59 22 -1.0391637431008455e-05
59 43 -7.0017098446832633e-06
59 59 3.9126630044517857e-05
59 60 -7.6403513285643952e-06
60 7 -1.0294450166102279e-05
60 52 -8.9580147215308042e-06
60 59 -7.6403513285643952e-06
60 60 4.2018990045891809e-05
61 5 -1.0851610064535559e-05
61 53 -8.8100859519535322e-06
61 56 -9.1477441815426971e-06
61 61 4.3704026901863516e-05
62 3 -1.1802330907995681e-05
62 54 -1.1483477387212829e-05
62 57 -9.9646053278465059e-06
62 62 4.9553242431046949e-05
63 6 -1.0768995607631693e-05
63 55 -9.4979762391938836e-06
63 58 -8.4555007814137256e-06
63 63 4.3154227894034367e-05
64 4 -8.1654407803830799e-06
64 45 -8.7927193452598840e-06
64 50 -1.3094351377362418e-05
64 64 4.7395703130695143e-05
65 35 -1.2258111784204364e-05
65 49 -9.1029600915186316e-06
65 50 -8.6330714569491921e-06
65 65 4.4875577040159958e-05
66 36 -1.1583943780984537e-05
66 46 -7.4361538433174421e-06
66 51 -7.9518928078837221e-06
66 66 4.1370183708739314e-05
