%%MatrixMarket matrix coordinate real general
66 66 244
1 1 2.4602885269062787e-04
1 2 -1.2470450854152817e-07
1 7 -9.1022095511934173e-08
1 45 -8.4725058172150061e-08
2 1 -1.2470450854152817e-07
2 2 2.1309421789204343e-04
2 25 -7.7358642964696739e-08
2 34 -8.7182704836168855e-08
3 3 1.9412842840896201e-04
3 8 -1.1133624814000556e-07
3 20 -8.2537722372704044e-08
3 62 -9.2109575017622589e-08
4 4 1.9103322621587132e-04
4 6 -1.0137958527743805e-07
4 25 -1.0450155697874556e-07
4 64 -7.2445215204374780e-08
5 5 2.0381094011598499e-04
5 9 -1.1020655173184076e-07
5 30 -8.3027293985753674e-08
5 61 -9.5824585254665236e-08
6 4 -1.0137958527743805e-07
6 6 1.8277445886601888e-04
6 35 -7.8957156343249521e-08
6 63 -9.5920121893526033e-08
7 1 -9.1022095511934173e-08
7 7 1.9573996277226900e-04
7 36 -8.0071455692782820e-08
7 60 -9.7927949646130750e-08
8 3 -1.1133624814000556e-07
8 8 1.7136908569577667e-04
8 47 -6.6765137281869493e-08
8 49 -9.5292813144944716e-08
9 5 -1.1020655173184076e-07
9 9 1.8037181059322156e-04
9 46 -9.8279440167960887e-08
9 48 -6.6736245248701762e-08
10 10 1.9607542262584278e-04
10 19 -8.3480375457860153e-08
10 21 -8.8194336021156464e-08
11 11 2.0396665409041815e-04
11 23 -8.4482411826540531e-08
11 32 -8.6876082645776089e-08
12 12 2.0388184731340235e-04
12 24 -8.1632236293256830e-08
12 31 -8.7585744183490814e-08
13 13 1.9107186978767194e-04
13 15 -8.8850368634208259e-08
13 20 -8.6031943326253114e-08
13 30 -8.5238513433808314e-08
14 14 1.5763203926907695e-04
14 33 -7.3400805096024648e-08
14 34 -7.8016657893121879e-08
15 13 -8.8850368634208259e-08
15 15 2.1914118784605767e-04
15 47 -9.9959196747311373e-08
15 48 -1.0135359635673560e-07
16 16 2.2084335068425719e-04
16 21 -8.9746988921865845e-08
16 56 -1.1286022936454195e-07
17 17 2.0849712028851735e-04
17 23 -8.5822078348311983e-08
17 57 -1.0056639356323998e-07
18 18 2.1202244729918651e-04
18 24 -8.9515815120951523e-08
18 58 -1.0135099712397125e-07
19 10 -8.3480375457860153e-08
19 19 1.8917469670801156e-04
19 22 -9.0200857866647807e-08
19 36 -8.7735664685726280e-08
20 3 -8.2537722372704044e-08
20 13 -8.6031943326253114e-08
20 20 1.8897089293861894e-04
20 23 -9.2432461484862168e-08
21 10 -8.8194336021156464e-08
21 16 -8.9746988921865845e-08
21 21 2.0869923289710591e-04
21 46 -9.6930238762069347e-08
22 19 -9.0200857866647807e-08
22 22 2.0178055214125097e-04
22 59 -1.0290675591154509e-07
23 11 -8.4482411826540531e-08
23 17 -8.5822078348311983e-08
23 20 -9.2432461484862168e-08
23 23 1.9748802278155673e-04
24 12 -8.1632236293256830e-08
24 18 -8.9515815120951523e-08
24 24 1.9076904519614731e-04
24 35 -8.9246234701660275e-08
25 2 -7.7358642964696739e-08
25 4 -1.0450155697874556e-07
25 25 1.9183928389076223e-04
25 33 -8.7004494236589876e-08
26 26 2.3496229708471955e-04
26 31 -8.9045531976278364e-08
26 54 -1.1421951159186034e-07
27 27 1.9900444216948860e-04
27 32 -8.1406515260605948e-08
27 53 -9.8212960496335427e-08
28 28 2.1856224483734766e-04
28 33 -9.5902582318800756e-08
28 55 -1.1326096109067598e-07
29 29 2.0872788853499745e-04
29 34 -8.9023539090247521e-08
29 52 -1.1016064145559461e-07
30 5 -8.3027293985753674e-08
30 13 -8.5238513433808314e-08
30 30 1.9026015541421742e-04
30 32 -9.2630826433302823e-08
31 12 -8.7585744183490814e-08
31 26 -8.9045531976278364e-08
31 31 2.1341852496432336e-04
31 49 -9.5128937022964996e-08
32 11 -8.6876082645776089e-08
32 27 -8.1406515260605948e-08
32 30 -9.2630826433302823e-08
32 32 1.9235311189691955e-04
33 14 -7.3400805096024648e-08
33 25 -8.7004494236589876e-08
33 28 -9.5902582318800756e-08
33 33 1.6941918054185092e-04
34 2 -8.7182704836168855e-08
34 14 -7.8016657893121879e-08
34 29 -8.9023539090247521e-08
34 34 1.7633116010647398e-04
35 6 -7.8957156343249521e-08
35 24 -8.9246234701660275e-08
35 35 1.7636749286719118e-04
35 65 -1.0217304991379959e-07
36 7 -8.0071455692782820e-08
36 19 -8.7735664685726280e-08
36 36 1.8623890355676920e-04
36 66 -1.0787339673426419e-07
37 37 1.8579144447066056e-04
37 41 -1.0912510687713875e-07
37 54 -6.3847665053986101e-08
38 38 1.8385305530756990e-04
38 42 -1.1060400340733881e-07
38 53 -6.8212822433218170e-08
39 39 1.7634919358326727e-04
39 40 -1.1060527779758712e-07
39 55 -6.5281071057529042e-08
40 39 -1.1060527779758712e-07
40 40 1.8381907333165428e-04
40 58 -6.8184378984420942e-08
41 37 -1.0912510687713875e-07
41 41 1.8578813960017757e-04
41 57 -6.7983285469034908e-08
42 38 -1.1060400340733881e-07
42 42 1.7635213492487066e-04
42 56 -6.5817487917061124e-08
43 43 1.7429216333203525e-04
43 44 -1.1208679122580596e-07
43 59 -6.9248735548060974e-08
44 43 -1.1208679122580596e-07
44 44 1.7428843422731281e-04
44 52 -6.5901725308968077e-08
45 1 -8.4725058172150061e-08
45 45 1.9159371363674987e-04
45 51 -9.9826347222539164e-08
45 64 -7.7835271175429032e-08
46 9 -9.8279440167960887e-08
46 21 -9.6930238762069347e-08
46 46 1.6647826895621455e-04
46 66 -7.0136632643880767e-08
47 8 -6.6765137281869493e-08
47 15 -9.9959196747311373e-08
47 47 1.7302468176240098e-04
47 50 -9.8858888007295921e-08
48 9 -6.6736245248701762e-08
48 15 -1.0135359635673560e-07
48 48 1.8199508353477904e-04
48 51 -1.0123774438553158e-07
49 8 -9.5292813144944716e-08
49 31 -9.5128937022964996e-08
49 49 1.6636012477945619e-04
49 65 -7.4088206647067580e-08
50 47 -9.8858888007295921e-08
50 50 1.6968853689520078e-04
50 64 -1.1185236974451136e-07
50 65 -7.1633159863773890e-08
51 45 -9.9826347222539164e-08
51 48 -1.0123774438553158e-07
51 51 1.7317149825179579e-04
51 66 -7.1545994025475220e-08
52 29 -1.1016064145559461e-07
52 44 -6.5901725308968077e-08
52 52 1.5810038858225279e-04
52 60 -8.7760209215923075e-08
53 27 -9.8212960496335427e-08
53 38 -6.8212822433218170e-08
53 53 1.4621814415093301e-04
53 61 -7.8187896502875009e-08
54 26 -1.1421951159186034e-07
54 37 -6.3847665053986101e-08
54 54 1.6566227649481415e-04
54 62 -8.7419971174424239e-08
55 28 -1.1326096109067598e-07
55 39 -6.5281071057529042e-08
55 55 1.6024984836103157e-04
55 63 -8.7730792279071912e-08
56 16 -1.1286022936454195e-07
56 42 -6.5817487917061124e-08
56 56 1.5686438612844440e-04
56 61 -8.3843733739411115e-08
57 17 -1.0056639356323998e-07
57 41 -6.7983285469034908e-08
57 57 1.4602228329098140e-04
57 62 -7.5664087370399573e-08
58 18 -1.0135099712397125e-07
58 40 -6.8184378984420942e-08
58 58 1.4629769903526610e-04
58 63 -7.5009000638718952e-08
59 22 -1.0290675591154509e-07
59 43 -6.9248735548060974e-08
59 59 1.4157573984891714e-04
59 60 -7.4861028324674578e-08
60 7 -9.7927949646130750e-08
60 52 -8.7760209215923075e-08
60 59 -7.4861028324674578e-08
60 60 1.5253479312430260e-04
61 5 -9.5824585254665236e-08
61 53 -7.8187896502875009e-08
61 56 -8.3843733739411115e-08
61 61 1.5489914283710202e-04
62 3 -9.2109575017622589e-08
62 54 -8.7419971174424239e-08
62 57 -7.5664087370399573e-08
62 62 1.5275928624321490e-04
63 6 -9.5920121893526033e-08
63 55 -8.7730792279071912e-08
63 58 -7.5009000638718952e-08
63 63 1.5153453311089602e-04
64 4 -7.2445215204374780e-08
64 45 -7.7835271175429032e-08
64 50 -1.1185236974451136e-07
64 64 1.7003890479659769e-04
65 35 -1.0217304991379959e-07
65 49 -7.4088206647067580e-08
65 50 -7.1633159863773890e-08
65 65 1.4150006992869505e-04
66 36 -1.0787339673426419e-07
66 46 -7.0136632643880767e-08
66 51 -7.1545994025475220e-08
66 66 1.4253246127564117e-04
