%%MatrixMarket matrix coordinate real general
66 66 244
1 1 2.4603302835316356e-04
1 2 -1.2470374171090977e-07
1 7 -9.1021842953791380e-08
1 45 -8.4724980764227727e-08
2 1 -1.2470374171090977e-07
2 2 2.1311961148481548e-04
2 25 -7.7357795932438003e-08
2 34 -8.7179124001327832e-08
3 3 1.9355119470025793e-04
3 8 -1.1135938290608777e-07
3 20 -8.2580220131357704e-08
3 62 -9.2200939785872731e-08
4 4 1.9100009690452133e-04
4 6 -1.0138949789627761e-07
4 25 -1.0450188825580474e-07
4 64 -7.2445935208388516e-08
5 5 2.0342931102576144e-04
5 9 -1.1021791017057888e-07
5 30 -8.3065982519996886e-08
5 61 -9.5875023893705238e-08
6 4 -1.0138949789627761e-07
6 6 1.8242071141609824e-04
6 35 -7.8994208300121269e-08
6 63 -9.5970415303282716e-08
7 1 -9.1021842953791380e-08
7 7 1.9574873059175131e-04
7 36 -8.0070871526513693e-08
7 60 -9.7926520881639319e-08
8 3 -1.1135938290608777e-07
8 8 1.7115019445692551e-04
8 47 -6.6769558822033610e-08
8 49 -9.5333058531047620e-08
9 5 -1.1021791017057888e-07
9 9 1.8033683228126955e-04
9 46 -9.8279991582347325e-08
9 48 -6.6736931140140329e-08
10 10 1.9636330833454820e-04
10 19 -8.3471551173091230e-08
10 21 -8.8185715336494365e-08
11 11 2.0074044548718572e-04
11 23 -8.5245003389262161e-08
11 32 -8.7673474593363076e-08
12 12 2.0075495059297983e-04
12 24 -8.2374821828893731e-08
12 31 -8.8338282331503282e-08
13 13 1.9076195632402703e-04
13 15 -8.8857364076490896e-08
13 20 -8.6070866925811783e-08
13 30 -8.5278102977628054e-08
14 14 1.5789752778279102e-04
14 33 -7.3392318052285479e-08
14 34 -7.8007406128332316e-08
15 13 -8.8857364076490896e-08
15 15 2.1911306557897861e-04
15 47 -9.9960341344743491e-08
15 48 -1.0135436410835794e-07
16 16 2.2100015908638551e-04
16 21 -8.9741340685801918e-08
16 56 -1.1287645871832416e-07
17 17 2.0397523633155706e-04
17 23 -8.6590456793093515e-08
17 57 -1.0160506894048209e-07
18 18 2.0690244436699127e-04
18 24 -9.0316177147419579e-08
18 58 -1.0235740500143226e-07
19 10 -8.3471551173091230e-08
19 19 1.8931405613323521e-04
19 22 -9.0191375615279585e-08
19 36 -8.7732104298579300e-08
20 3 -8.2580220131357704e-08
20 13 -8.6070866925811783e-08
20 20 1.8748289282473368e-04
20 23 -9.2698292275549361e-08
21 10 -8.8185715336494365e-08
21 16 -8.9741340685801918e-08
21 21 2.0882623685113802e-04
21 46 -9.6926762802118524e-08
22 19 -9.0191375615279585e-08
22 22 2.0207230248042349e-04
22 59 -1.0289440252568834e-07
23 11 -8.5245003389262161e-08
23 17 -8.6590456793093515e-08
23 20 -9.2698292275549361e-08
23 23 1.9530386486298423e-04
24 12 -8.2374821828893731e-08
24 18 -9.0316177147419579e-08
24 24 1.8852875138902821e-04
24 35 -8.9509933446999093e-08
25 2 -7.7357795932438003e-08
25 4 -1.0450188825580474e-07
25 25 1.9186028194302293e-04
25 33 -8.7001001583069466e-08
26 26 2.2824188527392124e-04
26 31 -8.9751001808396000e-08
26 54 -1.1523511421635695e-07
27 27 1.9319042926109521e-04
27 32 -8.2163981938118256e-08
27 53 -9.9233284501140899e-08
28 28 2.1872438186360045e-04
28 33 -9.5895703130574240e-08
28 55 -1.1327689876599167e-07
29 29 2.0902086749439248e-04
29 34 -8.9013835393722701e-08
29 52 -1.1014816857488666e-07
30 5 -8.3065982519996886e-08
30 13 -8.5278102977628054e-08
30 30 1.8871743634942716e-04
30 32 -9.2904150872787365e-08
31 12 -8.8338282331503282e-08
31 26 -8.9751001808396000e-08
31 31 2.0940908575902073e-04
31 49 -9.5393630476833209e-08
32 11 -8.7673474593363076e-08
32 27 -8.2163981938118256e-08
32 30 -9.2904150872787365e-08
32 32 1.8987571650805140e-04
33 14 -7.3392318052285479e-08
33 25 -8.7001001583069466e-08
33 28 -9.5895703130574240e-08
33 33 1.6954924054433086e-04
34 2 -8.7179124001327832e-08
34 14 -7.8007406128332316e-08
34 29 -8.9013835393722701e-08
34 34 1.7647887756811793e-04
35 6 -7.8994208300121269e-08
35 24 -8.9509933446999093e-08
35 35 1.7495643416642537e-04
35 65 -1.0222558796639015e-07
36 7 -8.0070871526513693e-08
36 19 -8.7732104298579300e-08
36 36 1.8625934677007393e-04
36 66 -1.0787263276302968e-07
37 37 1.8002322570497193e-04
37 41 -1.1095553482976890e-07
37 54 -6.4573481034187192e-08
38 38 1.7904460535543405e-04
38 42 -1.1150958019597950e-07
38 53 -6.8909265782625442e-08
39 39 1.7563401379931307e-04
39 40 -1.1150963413737614e-07
39 55 -6.5391082909265000e-08
40 39 -1.1150963413737614e-07
40 40 1.7904288269672512e-04
40 58 -6.8873220738239971e-08
41 37 -1.1095553482976890e-07
41 41 1.8000285778275202e-04
41 57 -6.8814101380376019e-08
42 38 -1.1150958019597950e-07
42 42 1.7563447031041722e-04
42 56 -6.5929436931599341e-08
43 43 1.7463068501294318e-04
43 44 -1.1206604220655884e-07
43 59 -6.9238784117264101e-08
44 43 -1.1206604220655884e-07
44 44 1.7462703706786785e-04
44 52 -6.5892677873370073e-08
45 1 -8.4724980764227727e-08
45 45 1.9159369879057377e-04
45 51 -9.9826345376897558e-08
45 64 -7.7835367706788805e-08
46 9 -9.8279991582347325e-08
46 21 -9.6926762802118524e-08
46 46 1.6649341945692596e-04
46 66 -7.0136222948845181e-08
47 8 -6.6769558822033610e-08
47 15 -9.9960341344743491e-08
47 47 1.7300581235504597e-04
47 50 -9.8860182759458606e-08
48 9 -6.6736931140140329e-08
48 15 -1.0135436410835794e-07
48 48 1.8199122917166455e-04
48 51 -1.0123784778248618e-07
49 8 -9.5333058531047620e-08
49 31 -9.5393630476833209e-08
49 49 1.6507235195574620e-04
49 65 -7.4124455455491734e-08
50 47 -9.8860182759458606e-08
50 50 1.6966045943475172e-04
50 64 -1.1185340786376169e-07
50 65 -7.1640321380750056e-08
51 45 -9.9826345376897558e-08
51 48 -1.0123784778248618e-07
51 51 1.7317158340023460e-04
51 66 -7.1545905103460744e-08
52 29 -1.1014816857488666e-07
52 44 -6.5892677873370073e-08
52 52 1.5824328982010322e-04
52 60 -8.7755097801894709e-08
53 27 -9.9233284501140899e-08
53 38 -6.8909265782625442e-08
53 53 1.4452932804901825e-04
53 61 -7.8468135333398201e-08
54 26 -1.1523511421635695e-07
54 37 -6.4573481034187192e-08
54 54 1.6253247664837629e-04
54 62 -8.7768374949967596e-08
55 28 -1.1327689876599167e-07
55 39 -6.5391082909265000e-08
55 55 1.5953129619251873e-04
55 63 -8.7789454531389983e-08
56 16 -1.1287645871832416e-07
56 42 -6.5929436931599341e-08
56 56 1.5613927219600965e-04
56 61 -8.3902988493820198e-08
57 17 -1.0160506894048209e-07
57 41 -6.8814101380376019e-08
57 57 1.4374078757852166e-04
57 62 -7.5989769727525760e-08
58 18 -1.0235740500143226e-07
58 40 -6.8873220738239971e-08
58 58 1.4305523186289209e-04
58 63 -7.5272909824136233e-08
59 22 -1.0289440252568834e-07
59 43 -6.9238784117264101e-08
59 59 1.4171634503782907e-04
59 60 -7.4856487596546695e-08
60 7 -9.7926520881639319e-08
60 52 -8.7755097801894709e-08
60 59 -7.4856487596546695e-08
60 60 1.5257949107371451e-04
61 5 -9.5875023893705238e-08
61 53 -7.8468135333398201e-08
61 56 -8.3902988493820198e-08
61 61 1.5329638132646742e-04
62 3 -9.2200939785872731e-08
62 54 -8.7768374949967596e-08
62 57 -7.5989769727525760e-08
62 62 1.5168136148999666e-04
63 6 -9.5970415303282716e-08
63 55 -8.7789454531389983e-08
63 58 -7.5272909824136233e-08
63 63 1.5004766498382573e-04
64 4 -7.2445935208388516e-08
64 45 -7.7835367706788805e-08
64 50 -1.1185340786376169e-07
64 64 1.7003429017353427e-04
65 35 -1.0222558796639015e-07
65 49 -7.4124455455491734e-08
65 50 -7.1640321380750056e-08
65 65 1.4120519729565029e-04
66 36 -1.0787263276302968e-07
66 46 -7.0136222948845181e-08
66 51 -7.1545905103460744e-08
66 66 1.4253639194531842e-04
