%%MatrixMarket matrix coordinate real general
66 66 244
1 1 5.7065033454754846e-05
1 2 -1.3288103934251778e-05
1 7 -9.7040059743634657e-06
1 45 -9.3913486595701792e-06
2 1 -1.3288103934251778e-05
2 2 5.2356933912815176e-05
2 25 -8.1882172490695541e-06
2 34 -9.2684677865624698e-06
3 3 5.6893058267701657e-05
3 8 -1.3975828543324065e-05
3 20 -1.0343450536105338e-05
3 62 -1.1809054294625789e-05
4 4 5.0777733302867456e-05
4 6 -1.1494034953436178e-05
4 25 -1.1643479904635179e-05
4 64 -8.1751500318584770e-06
5 5 5.3906765879116036e-05
5 9 -1.2586051136540404e-05
5 30 -9.8887897419736780e-06
5 61 -1.0868626695607050e-05
6 4 -1.1494034953436178e-05
6 6 5.0093894029264943e-05
6 35 -9.3411674267171343e-06
6 63 -1.0787457226269836e-05
7 1 -9.7040059743634657e-06
7 7 4.8263781408879743e-05
7 36 -8.4102149446771024e-06
7 60 -1.0298515624933952e-05
8 3 -1.3975828543324065e-05
8 8 5.2303406117854919e-05
8 47 -8.2900117896611716e-06
8 49 -1.1715754757967212e-05
9 5 -1.2586051136540404e-05
9 9 4.9511781824344991e-05
9 46 -1.1037392946822932e-05
9 48 -7.5399164287774063e-06
10 10 5.5603863696943463e-05
10 19 -8.4998413099815123e-06
10 21 -9.1107144861264630e-06
11 11 5.3710005205838621e-05
11 23 -9.0019758101019325e-06
11 32 -9.2493919588081539e-06
12 12 5.3117698969549652e-05
12 24 -8.6417539717017067e-06
12 31 -9.2876797999482747e-06
13 13 5.1749049683627040e-05
13 15 -1.0758826514541906e-05
13 20 -1.0717508196181415e-05
13 30 -1.0277720793042181e-05
14 14 5.3900636309188102e-05
14 33 -7.5544905395818133e-06
14 34 -7.9163000914927999e-06
15 13 -1.0758826514541906e-05
15 15 5.7470493886500948e-05
15 47 -1.1845510284927271e-05
15 48 -1.1986405996521636e-05
16 16 5.8693510323681529e-05
16 21 -9.2223076994154831e-06
16 56 -1.1524307389127002e-05
17 17 5.9331255088841345e-05
17 23 -9.7873456696903249e-06
17 57 -1.1440490485337982e-05
18 18 5.1745519503035561e-05
18 24 -8.8734613603438321e-06
18 58 -9.9547364303364474e-06
19 10 -8.4998413099815123e-06
19 19 4.5706019560077468e-05
19 22 -9.2071863187917245e-06
19 36 -9.2232767289463557e-06
20 3 -1.0343450536105338e-05
20 13 -1.0717508196181415e-05
20 20 5.2932808251610362e-05
20 23 -1.1967766193006387e-05
21 10 -9.1107144861264630e-06
21 16 -9.2223076994154831e-06
21 21 4.9381582803530445e-05
21 46 -1.0316030158413489e-05
22 19 -9.2071863187917245e-06
22 22 5.8017248811085650e-05
22 59 -1.0393867470495932e-05
23 11 -9.0019758101019325e-06
23 17 -9.7873456696903249e-06
23 20 -1.1967766193006387e-05
23 23 5.2098406007022729e-05
24 12 -8.6417539717017067e-06
24 18 -8.8734613603438321e-06
24 24 4.8407204479186241e-05
24 35 -1.1099659870650827e-05
25 2 -8.1882172490695541e-06
25 4 -1.1643479904635179e-05
25 25 4.8053477327175943e-05
25 33 -9.1917823406139571e-06
26 26 6.1502389756477020e-05
26 31 -1.0180999635424007e-05
26 54 -1.3029017171324282e-05
27 27 5.0589461234898778e-05
27 32 -8.0597546301020982e-06
27 53 -9.6301007311083462e-06
28 28 5.9222663539586988e-05
28 33 -9.8185985910269602e-06
28 55 -1.1593576695405142e-05
29 29 5.8668162956682438e-05
29 34 -9.0586276815215782e-06
29 52 -1.1145390797814183e-05
30 5 -9.8887897419736780e-06
30 13 -1.0277720793042181e-05
30 30 5.1093591941499066e-05
30 32 -1.1552677330433230e-05
31 12 -9.2876797999482747e-06
31 26 -1.0180999635424007e-05
31 31 5.4519847430280311e-05
31 49 -1.2258950645198134e-05
32 11 -9.2493919588081539e-06
32 27 -8.0597546301020982e-06
32 30 -1.1552677330433230e-05
32 32 4.8849677838474402e-05
33 14 -7.5544905395818133e-06
33 25 -9.1917823406139571e-06
33 28 -9.8185985910269602e-06
33 33 4.3336194329226057e-05
34 2 -9.2684677865624698e-06
34 14 -7.9163000914927999e-06
34 29 -9.0586276815215782e-06
34 34 4.3674483119431087e-05
35 6 -9.3411674267171343e-06
35 24 -1.1099659870650827e-05
35 35 5.0715836392711666e-05
35 65 -1.2269104638252336e-05
36 7 -8.4102149446771024e-06
36 19 -9.2232767289463557e-06
36 36 4.7845190601068511e-05
36 66 -1.1593909094293038e-05
37 37 6.2209959617200549e-05
37 41 -1.3400805083719318e-05
37 54 -7.8451146088212926e-06
38 38 4.4735166525723818e-05
38 42 -9.4386613135766521e-06
38 53 -6.0145564499958277e-06
39 39 4.3716578001017152e-05
39 40 -9.4339439998411101e-06
39 55 -6.3154401492413574e-06
40 39 -9.4339439998411101e-06
40 40 4.4715736626780415e-05
40 58 -6.0119693304753114e-06
41 37 -1.3400805083719318e-05
41 41 6.2836812144568765e-05
41 57 -8.3729125648812482e-06
42 38 -9.4386613135766521e-06
42 42 4.3783094341084048e-05
42 56 -6.3501069958570657e-06
43 43 5.5552664071803216e-05
43 44 -1.1202864032233619e-05
43 59 -7.0030145029568863e-06
44 43 -1.1202864032233619e-05
44 44 5.5219888979893796e-05
44 52 -6.6756279884615131e-06
45 1 -9.3913486595701792e-06
45 45 4.8881819322376202e-05
45 51 -1.1089986997737411e-05
45 64 -8.8028563172279686e-06
46 9 -1.1037392946822932e-05
46 21 -1.0316030158413489e-05
46 46 4.5236361664329790e-05
46 66 -7.4469679881029928e-06
47 8 -8.2900117896611716e-06
47 15 -1.1845510284927271e-05
47 47 4.9735580941612345e-05
47 50 -1.1709786121841089e-05
48 9 -7.5399164287774063e-06
48 15 -1.1986405996521636e-05
48 48 4.9599252235170600e-05
48 51 -1.1456648376252521e-05
49 8 -1.1715754757967212e-05
49 31 -1.2258950645198134e-05
49 49 5.0510591196725380e-05
49 65 -9.1131295945694192e-06
50 47 -1.1709786121841089e-05
50 50 5.1022263969235766e-05
50 64 -1.3106669802882603e-05
50 65 -8.6401266102889816e-06
51 45 -1.1089986997737411e-05
51 48 -1.1456648376252521e-05
51 51 4.8107489672019206e-05
51 66 -7.9582421534770941e-06
52 29 -1.1145390797814183e-05
52 44 -6.6756279884615131e-06
52 52 4.2554562101738527e-05
52 60 -8.9624183586942213e-06
53 27 -9.6301007311083462e-06
53 38 -6.0145564499958277e-06
53 53 3.8283240361502646e-05
53 61 -8.8619825951322927e-06
54 26 -1.3029017171324282e-05
54 37 -7.8451146088212926e-06
54 54 5.0209735438160552e-05
54 62 -1.1482393763981952e-05
55 28 -1.1593576695405142e-05
55 39 -6.3154401492413574e-06
55 55 4.2623955496156488e-05
55 63 -9.5234561948960106e-06
56 16 -1.1524307389127002e-05
56 42 -6.3501069958570657e-06
56 56 4.1709911059796510e-05
56 61 -9.1713791170749365e-06
57 17 -1.1440490485337982e-05
57 41 -8.3729125648812482e-06
57 57 4.5575580313047253e-05
57 62 -9.9633797633927155e-06
58 18 -9.9547364303364474e-06
58 40 -6.0119693304753114e-06
58 58 3.8131605705483638e-05
58 63 -8.5050199078747506e-06
59 22 -1.0393867470495932e-05
59 43 -7.0030145029568863e-06
59 59 3.9137096911349749e-05
59 60 -7.6441506712313881e-06
60 7 -1.0298515624933952e-05
60 52 -8.9624183586942213e-06
60 59 -7.6441506712313881e-06
60 60 4.2040312089116117e-05
61 5 -1.0868626695607050e-05
61 53 -8.8619825951322927e-06
61 56 -9.1713791170749365e-06
61 61 4.3840280165752909e-05
62 3 -1.1809054294625789e-05
62 54 -1.1482393763981952e-05
62 57 -9.9633797633927155e-06
62 62 4.9569513620038596e-05
63 6 -1.0787457226269836e-05
63 55 -9.5234561948960106e-06
63 58 -8.5050199078747506e-06
63 63 4.3286574144983325e-05
64 4 -8.1751500318584770e-06
64 45 -8.8028563172279686e-06
64 50 -1.3106669802882603e-05
64 64 4.7450998367757553e-05
65 35 -1.2269104638252336e-05
65 49 -9.1131295945694192e-06
65 50 -8.6401266102889816e-06
65 65 4.4916334600506395e-05
66 36 -1.1593909094293038e-05
66 46 -7.4469679881029928e-06
66 51 -7.9582421534770941e-06
66 66 4.1411543849736953e-05
