%%MatrixMarket matrix coordinate real general
66 66 244
1 1 2.4603284159754711e-04
1 2 -1.2470381324179457e-07
1 7 -9.1021855361535774e-08
1 45 -8.4724984312910906e-08
2 1 -1.2470381324179457e-07
2 2 2.1311704406304352e-04
2 25 -7.7357888043677665e-08
2 34 -8.7179784037307197e-08
3 3 1.9358107359522287e-04
3 8 -1.1135822780858081e-07
3 20 -8.2576522001724372e-08
3 62 -9.2191946571756198e-08
4 4 1.9100084118143728e-04
4 6 -1.0138899646931166e-07
4 25 -1.0450193267788536e-07
4 64 -7.2445920033191012e-08
5 5 2.0344941370102862e-04
5 9 -1.1021733870333986e-07
5 30 -8.3062396975903399e-08
5 61 -9.5870054121706625e-08
6 4 -1.0138899646931166e-07
6 6 1.8243949841725374e-04
6 35 -7.8990766215331466e-08
6 63 -9.5965481313936149e-08
7 1 -9.1021855361535774e-08
7 7 1.9574828231538931e-04
7 36 -8.0070921152703914e-08
7 60 -9.7926660178608409e-08
8 3 -1.1135822780858081e-07
8 8 1.7115993468368483e-04
8 47 -6.6769370348167678e-08
8 49 -9.5329296656382051e-08
9 5 -1.1021733870333986e-07
9 9 1.8033763562736599e-04
9 46 -9.8280019620254877e-08
9 48 -6.6736916179478351e-08
10 10 1.9627018316061771e-04
10 19 -8.3474022501907173e-08
10 21 -8.8188177933421773e-08
11 11 2.0167797446926457e-04
11 23 -8.5034853580655527e-08
11 32 -8.7453438533897251e-08
12 12 2.0168072925676322e-04
12 24 -8.2169279067713461e-08
12 31 -8.8130754543060329e-08
13 13 1.9077759135237545e-04
13 15 -8.8857026260609196e-08
13 20 -8.6067281562138417e-08
13 30 -8.5274385557033252e-08
14 14 1.5780152807966051e-04
14 33 -7.3394978831858871e-08
14 34 -7.8010225611997349e-08
15 13 -8.8857026260609196e-08
15 15 2.1911370322212298e-04
15 47 -9.9960316980087819e-08
15 48 -1.0135434779475293e-07
16 16 2.2091893279647604e-04
16 21 -8.9743466057551384e-08
16 56 -1.1287692825988874e-07
17 17 2.0475737099018962e-04
17 23 -8.6381467316604145e-08
17 57 -1.0132094435156535e-07
18 18 2.0756740463900495e-04
18 24 -9.0098637499174911e-08
18 58 -1.0207881805569968e-07
19 10 -8.3474022501907173e-08
19 19 1.8928747193919687e-04
19 22 -9.0193972615491222e-08
19 36 -8.7732742008399456e-08
20 3 -8.2576522001724372e-08
20 13 -8.6067281562138417e-08
20 20 1.8763209666175802e-04
20 23 -9.2651200012981770e-08
21 10 -8.8188177933421773e-08
21 16 -8.9743466057551384e-08
21 21 2.0880082405190124e-04
21 46 -9.6927429677090079e-08
22 19 -9.0193972615491222e-08
22 22 2.0198076639912408e-04
22 59 -1.0289780272897642e-07
23 11 -8.5034853580655527e-08
23 17 -8.6381467316604145e-08
23 20 -9.2651200012981770e-08
23 23 1.9471429176375171e-04
24 12 -8.2169279067713461e-08
24 18 -9.0098637499174911e-08
24 24 1.8799334337270553e-04
24 35 -8.9462869567814399e-08
25 2 -7.7357888043677665e-08
25 4 -1.0450193267788536e-07
25 25 1.9185780126141356e-04
25 33 -8.7001704347822207e-08
26 26 2.3094862157031759e-04
26 31 -8.9566000220972165e-08
26 54 -1.1496800770499557e-07
27 27 1.9664387100142250e-04
27 32 -8.1954060049819222e-08
27 53 -9.8945346178722114e-08
28 28 2.1864286732296972e-04
28 33 -9.5898278751307734e-08
28 55 -1.1327739646651872e-07
29 29 2.0893060254735906e-04
29 34 -8.9016469818150925e-08
29 52 -1.1015153289188722e-07
30 5 -8.3062396975903399e-08
30 13 -8.5274385557033252e-08
30 30 1.8887494894570411e-04
30 32 -9.2855179666913291e-08
31 12 -8.8130754543060329e-08
31 26 -8.9566000220972165e-08
31 31 2.0854137815500812e-04
31 49 -9.5347487635023148e-08
32 11 -8.7453438533897251e-08
32 27 -8.1954060049819222e-08
32 30 -9.2855179666913291e-08
32 32 1.8939401813350477e-04
33 14 -7.3394978831858871e-08
33 25 -8.7001704347822207e-08
33 28 -9.5898278751307734e-08
33 33 1.6952137048468550e-04
34 2 -8.7179784037307197e-08
34 14 -7.8010225611997349e-08
34 29 -8.9016469818150925e-08
34 34 1.7644937381127481e-04
35 6 -7.8990766215331466e-08
35 24 -8.9462869567814399e-08
35 35 1.7510091031066477e-04
35 65 -1.0222063497661260e-07
36 7 -8.0070921152703914e-08
36 19 -8.7732742008399456e-08
36 36 1.8625731589113817e-04
36 66 -1.0787270318852027e-07
37 37 1.8239126610577428e-04
37 41 -1.1039506300251408e-07
37 54 -6.4372801891261351e-08
38 38 1.8025260311134295e-04
38 42 -1.1123255239879160e-07
38 53 -6.8706248849097199e-08
39 39 1.7677753669543053e-04
39 40 -1.1123276060574742e-07
39 55 -6.5369134666403162e-08
40 39 -1.1123276060574742e-07
40 40 1.8024644974136487e-04
40 58 -6.8672224731924399e-08
41 37 -1.1039506300251408e-07
41 41 1.8235621500006953e-04
41 57 -6.8583781533778075e-08
42 38 -1.1123255239879160e-07
42 42 1.7677790337947125e-04
42 56 -6.5907133311117903e-08
43 43 1.7452328366523165e-04
43 44 -1.1207262624615773e-07
43 59 -6.9241574595345282e-08
44 43 -1.1207262624615773e-07
44 44 1.7451940987604488e-04
44 52 -6.5895205820778497e-08
45 1 -8.4724984312910906e-08
45 45 1.9159369523870446e-04
45 51 -9.9826345689547027e-08
45 64 -7.7835366751082603e-08
46 9 -9.8280019620254877e-08
46 21 -9.6927429677090079e-08
46 46 1.6649155110659482e-04
46 66 -7.0136267535316699e-08
47 8 -6.6769370348167678e-08
47 15 -9.9960316980087819e-08
47 47 1.7300617215434860e-04
47 50 -9.8860154026886747e-08
48 9 -6.6736916179478351e-08
48 15 -1.0135434779475293e-07
48 48 1.8199126942028261e-04
48 51 -1.0123784689991682e-07
49 8 -9.5329296656382051e-08
49 31 -9.5347487635023148e-08
49 49 1.6520309488201389e-04
49 65 -7.4121095026179598e-08
50 47 -9.8860154026886747e-08
50 50 1.6966113801810016e-04
50 64 -1.1185338463692265e-07
50 65 -7.1639960377926843e-08
51 45 -9.9826345689547027e-08
51 48 -1.0123784689991682e-07
51 51 1.7317157508414893e-04
51 66 -7.1545910001988227e-08
52 29 -1.1015153289188722e-07
52 44 -6.5895205820778497e-08
52 52 1.5821588167149380e-04
52 60 -8.7755977938130220e-08
53 27 -9.8945346178722114e-08
53 38 -6.8706248849097199e-08
53 53 1.4459929105111992e-04
53 61 -7.8414856255474029e-08
54 26 -1.1496800770499557e-07
54 37 -6.4372801891261351e-08
54 54 1.6229351354281823e-04
54 62 -8.7709027523069699e-08
55 28 -1.1327739646651872e-07
55 39 -6.5369134666403162e-08
55 55 1.5959486917295989e-04
55 63 -8.7783466274021944e-08
56 16 -1.1287692825988874e-07
56 42 -6.5907133311117903e-08
56 56 1.5620372020373302e-04
56 61 -8.3896885997231152e-08
57 17 -1.0132094435156535e-07
57 41 -6.8583781533778075e-08
57 57 1.4384955056282402e-04
57 62 -7.5932889038603133e-08
58 18 -1.0207881805569968e-07
58 40 -6.8672224731924399e-08
58 58 1.4306254265154759e-04
58 63 -7.5222874712682885e-08
59 22 -1.0289780272897642e-07
59 43 -6.9241574595345282e-08
59 59 1.4168882605468424e-04
59 60 -7.4857281225662038e-08
60 7 -9.7926660178608409e-08
60 52 -8.7755977938130220e-08
60 59 -7.4857281225662038e-08
60 60 1.5257472917320529e-04
61 5 -9.5870054121706625e-08
61 53 -7.8414856255474029e-08
61 56 -8.3896885997231152e-08
61 61 1.5347097438139144e-04
62 3 -9.2191946571756198e-08
62 54 -8.7709027523069699e-08
62 57 -7.5932889038603133e-08
62 62 1.5200563523310592e-04
63 6 -9.5965481313936149e-08
63 55 -8.7783466274021944e-08
63 58 -7.5222874712682885e-08
63 63 1.5020869537573153e-04
64 4 -7.2445920033191012e-08
64 45 -7.7835366751082603e-08
64 50 -1.1185338463692265e-07
64 64 1.7003433926744157e-04
65 35 -1.0222063497661260e-07
65 49 -7.4121095026179598e-08
65 50 -7.1639960377926843e-08
65 65 1.4122073112615108e-04
66 36 -1.0787270318852027e-07
66 46 -7.0136267535316699e-08
66 51 -7.1545910001988227e-08
66 66 1.4253617946583582e-04
