%%MatrixMarket matrix coordinate real general
66 66 244
1 1 5.6933301434812636e-05
1 2 -1.3259702521663093e-05
1 7 -9.6831606521868494e-06
1 45 -9.3706000652803885e-06
2 1 -1.3259702521663093e-05
2 2 5.2261825169047993e-05
2 25 -8.1563493308448376e-06
2 34 -9.2565454028321781e-06
3 3 5.6790968932872748e-05
3 8 -1.3954068212796858e-05
3 20 -1.0325846869896665e-05
3 62 -1.1788747463567056e-05
4 4 5.0597862380680569e-05
4 6 -1.1443221001275538e-05
4 25 -1.1606191710384969e-05
4 64 -8.1463226315963619e-06
5 5 5.3663146274282459e-05
5 9 -1.2535015513246560e-05
5 30 -9.8486088147947693e-06
5 61 -1.0818168413471855e-05
6 4 -1.1443221001275538e-05
6 6 4.9856053558750003e-05
6 35 -9.2994083815824979e-06
6 63 -1.0732740320068952e-05
7 1 -9.6831606521868494e-06
7 7 4.8191999736168999e-05
7 36 -8.3950907641306204e-06
7 60 -1.0286406353753100e-05
8 3 -1.3954068212796858e-05
8 8 5.2207967930837041e-05
8 47 -8.2786721014333907e-06
8 49 -1.1678800021576200e-05
9 5 -1.2535015513246560e-05
9 9 4.9343224813642859e-05
9 46 -1.1004363795196994e-05
9 48 -7.5127007391642781e-06
10 10 5.5479078978936471e-05
10 19 -8.4846010718827424e-06
10 21 -9.0825230307413611e-06
11 11 5.2930853206942797e-05
11 23 -8.8837900955822002e-06
11 32 -9.1215404998029088e-06
12 12 5.2352924822864696e-05
12 24 -8.5220378960627517e-06
12 31 -9.1662118179695076e-06
13 13 5.1608563761894391e-05
13 15 -1.0732165620905968e-05
13 20 -1.0691310233366169e-05
13 30 -1.0249834257544763e-05
14 14 5.3762056989032801e-05
14 33 -7.5321721705872227e-06
14 34 -7.8978807431035544e-06
15 13 -1.0732165620905968e-05
15 15 5.7326883636087613e-05
15 47 -1.1809639671734650e-05
15 48 -1.1959629124297722e-05
16 16 5.8353009275939116e-05
16 21 -9.1889690360572335e-06
16 56 -1.1436721010035678e-05
17 17 5.8544862215326589e-05
17 23 -9.6700559280925563e-06
17 57 -1.1301561356152152e-05
18 18 5.1062032507091101e-05
18 24 -8.7631856601259389e-06
18 58 -9.8152459758359928e-06
19 10 -8.4846010718827424e-06
19 19 4.5625954216468412e-05
19 22 -9.1926798051270647e-06
19 36 -9.2057066577967003e-06
20 3 -1.0325846869896665e-05
20 13 -1.0691310233366169e-05
20 20 5.2817871214286822e-05
20 23 -1.1953704260725193e-05
21 10 -9.0825230307413611e-06
21 16 -9.1889690360572335e-06
21 21 4.9199795328969303e-05
21 46 -1.0270980396357701e-05
22 19 -9.1926798051270647e-06
22 22 5.7964664345848966e-05
22 59 -1.0387210589374398e-05
23 11 -8.8837900955822002e-06
23 17 -9.6700559280925563e-06
23 20 -1.1953704260725193e-05
23 23 5.1822567685363554e-05
24 12 -8.5220378960627517e-06
24 18 -8.7631856601259389e-06
24 24 4.7928425938861065e-05
24 35 -1.1021867470743407e-05
25 2 -8.1563493308448376e-06
25 4 -1.1606191710384969e-05
25 25 4.7855031933887292e-05
25 33 -9.1529311890680824e-06
26 26 6.0695309587157885e-05
26 31 -1.0060615203324224e-05
26 54 -1.2874018701899840e-05
27 27 4.9942305837560169e-05
27 32 -7.9625124229334845e-06
27 53 -9.4975662417462447e-06
28 28 5.8887040413868697e-05
28 33 -9.7846999301871613e-06
28 55 -1.1507557437172942e-05
29 29 5.8610368128732694e-05
29 34 -9.0400224502494603e-06
29 52 -1.1138693276429106e-05
30 5 -9.8486088147947693e-06
30 13 -1.0249834257544763e-05
30 30 5.0858488719948930e-05
30 32 -1.1474909638395755e-05
31 12 -9.1662118179695076e-06
31 26 -1.0060615203324224e-05
31 31 5.4221811512550810e-05
31 49 -1.2239895294099611e-05
32 11 -9.1215404998029088e-06
32 27 -7.9625124229334845e-06
32 30 -1.1474909638395755e-05
32 32 4.8378206699505158e-05
33 14 -7.5321721705872227e-06
33 25 -9.1529311890680824e-06
33 28 -9.7846999301871613e-06
33 33 4.3188955599211374e-05
34 2 -9.2565454028321781e-06
34 14 -7.8978807431035544e-06
34 29 -9.0400224502494603e-06
34 34 4.3581158328135015e-05
35 6 -9.2994083815824979e-06
35 24 -1.1021867470743407e-05
35 35 5.0472184640175423e-05
35 65 -1.2236591923390932e-05
36 7 -8.3950907641306204e-06
36 19 -9.2057066577967003e-06
36 36 4.7744605076910636e-05
36 66 -1.1564285732561216e-05
37 37 6.1621885556770802e-05
37 41 -1.3277078886372798e-05
37 54 -7.7811039715821971e-06
38 38 4.4500873801378046e-05
38 42 -9.3683181863369136e-06
38 53 -5.9773895715859699e-06
39 39 4.3073691589040260e-05
39 40 -9.3636903969909414e-06
39 55 -6.2489347153553933e-06
40 39 -9.3636903969909414e-06
40 40 4.4482592790337737e-05
40 58 -5.9750966411923059e-06
41 37 -1.3277078886372798e-05
41 41 6.2250906481092861e-05
41 57 -8.3050327624232752e-06
42 38 -9.3683181863369136e-06
42 42 4.3140197711171474e-05
42 56 -6.2821536234719301e-06
43 43 5.5537303466558638e-05
43 44 -1.1199955311126106e-05
43 59 -6.9991199735967660e-06
44 43 -1.1199955311126106e-05
44 44 5.5203888594273256e-05
44 52 -6.6721564109359361e-06
45 1 -9.3706000652803885e-06
45 45 4.8759622426113727e-05
45 51 -1.1064600767853994e-05
45 64 -8.7727580986055501e-06
46 9 -1.1004363795196994e-05
46 21 -1.0270980396357701e-05
46 46 4.5046037576258621e-05
46 66 -7.4149838343114521e-06
47 8 -8.2786721014333907e-06
47 15 -1.1809639671734650e-05
47 47 4.9582331513001743e-05
47 50 -1.1673159816859091e-05
48 9 -7.5127007391642781e-06
48 15 -1.1959629124297722e-05
48 48 4.9427869753010247e-05
48 51 -1.1415788621373518e-05
49 8 -1.1678800021576200e-05
49 31 -1.2239895294099611e-05
49 49 5.0353032861715259e-05
49 65 -9.0828565626376257e-06
50 47 -1.1673159816859091e-05
50 50 5.1008976174836640e-05
50 64 -1.3070074843823810e-05
50 65 -8.6192116446710558e-06
51 45 -1.1064600767853994e-05
51 48 -1.1415788621373518e-05
51 51 4.7972983876329428e-05
51 66 -7.9393621850588299e-06
52 29 -1.1138693276429106e-05
52 44 -6.6721564109359361e-06
52 52 4.2521718384232074e-05
52 60 -8.9493286701367069e-06
53 27 -9.4975662417462447e-06
53 38 -5.9773895715859699e-06
53 53 3.7673302572381162e-05
53 61 -8.7067912358340436e-06
54 26 -1.2874018701899840e-05
54 37 -7.7811039715821971e-06
54 54 5.0005096396178616e-05
54 62 -1.1485564807089229e-05
55 28 -1.1507557437172942e-05
55 39 -6.2489347153553933e-06
55 55 4.2228102192040925e-05
55 63 -9.4476728908704948e-06
56 16 -1.1436721010035678e-05
56 42 -6.2821536234719301e-06
56 56 4.1366853723033643e-05
56 61 -9.1010074632744915e-06
57 17 -1.1301561356152152e-05
57 41 -8.3050327624232752e-06
57 57 4.5384522588607694e-05
57 62 -9.9669692640891247e-06
58 18 -9.8152459758359928e-06
58 40 -5.9750966411923059e-06
58 58 3.7522850517401161e-05
58 63 -8.3568096563857876e-06
59 22 -1.0387210589374398e-05
59 43 -6.9991199735967660e-06
59 59 3.9105898767563478e-05
59 60 -7.6328574206627570e-06
60 7 -1.0286406353753100e-05
60 52 -8.9493286701367069e-06
60 59 -7.6328574206627570e-06
60 60 4.1977220497477937e-05
61 5 -1.0818168413471855e-05
61 53 -8.7067912358340436e-06
61 56 -9.1010074632744915e-06
61 61 4.3438962662827464e-05
62 3 -1.1788747463567056e-05
62 54 -1.1485564807089229e-05
62 57 -9.9669692640891247e-06
62 62 4.9520089175999417e-05
63 6 -1.0732740320068952e-05
63 55 -9.4476728908704948e-06
63 58 -8.3568096563857876e-06
63 63 4.2887851325109127e-05
64 4 -8.1463226315963619e-06
64 45 -8.7727580986055501e-06
64 50 -1.3070074843823810e-05
64 64 4.7286772091043586e-05
65 35 -1.2236591923390932e-05
65 49 -9.0828565626376257e-06
65 50 -8.6192116446710558e-06
65 65 4.4795476317890024e-05
66 36 -1.1564285732561216e-05
66 46 -7.4149838343114521e-06
66 51 -7.9393621850588299e-06
66 66 4.1289189094965825e-05
