%%MatrixMarket matrix coordinate real general
66 66 244
1 1 2.4603057464912933e-04
1 2 -1.2470426239208917e-07
1 7 -9.1021994542017413e-08
1 45 -8.4725026940079888e-08
2 1 -1.2470426239208917e-07
2 2 2.1310199186596490e-04
2 25 -7.7358400186959817e-08
2 34 -8.7181911336612707e-08
3 3 1.9390198257393594e-04
3 8 -1.1134545030141833e-07
3 20 -8.2551833420926790e-08
3 62 -9.2138397869573684e-08
4 4 1.9101731112235754e-04
4 6 -1.0138350790036511e-07
4 25 -1.0450183428666092e-07
4 64 -7.2445567290396369e-08
5 5 2.0366238473931237e-04
5 9 -1.1021105484381846e-07
5 30 -8.3039741995370725e-08
5 61 -9.5840315338921236e-08
6 4 -1.0138350790036511e-07
6 6 1.8263719217370567e-04
6 35 -7.8969068028837573e-08
6 63 -9.5935839373952239e-08
7 1 -9.1021994542017413e-08
7 7 1.9574341621829576e-04
7 36 -8.0071259446921227e-08
7 60 -9.7927501699666200e-08
8 3 -1.1134545030141833e-07
8 8 1.7127848951124637e-04
8 47 -6.6766997422805079e-08
8 49 -9.5305782908474107e-08
9 5 -1.1021105484381846e-07
9 9 1.8035506737462388e-04
9 46 -9.8279797515926996e-08
9 48 -6.6736578540736134e-08
10 10 1.9611365012494141e-04
10 19 -8.3478968061723310e-08
10 21 -8.8193020634843075e-08
11 11 2.0397768824929075e-04
11 23 -8.4606569525509454e-08
11 32 -8.7005649160108526e-08
12 12 2.0392154363776431e-04
12 24 -8.1752448566569023e-08
12 31 -8.7708193821951156e-08
13 13 1.9094910472238031e-04
13 15 -8.8853189062789023e-08
13 20 -8.6044541935416841e-08
13 30 -8.5251190682319424e-08
14 14 1.5766175693607024e-04
14 33 -7.3399655266383406e-08
14 34 -7.8015317103681954e-08
15 13 -8.8853189062789023e-08
15 15 2.1912753262121198e-04
15 47 -9.9959761194495781e-08
15 48 -1.0135397548607488e-07
16 16 2.2083406792745798e-04
16 21 -8.9746677719088325e-08
16 56 -1.1286703631668473e-07
17 17 2.0704256086292913e-04
17 23 -8.5949254387517764e-08
17 57 -1.0073708558664210e-07
18 18 2.0971938534917152e-04
18 24 -8.9648470975275424e-08
18 58 -1.0151360002629819e-07
19 10 -8.3478968061723310e-08
19 19 1.8920457699897562e-04
19 22 -9.0199298461247366e-08
19 36 -8.7734857208304654e-08
20 3 -8.2551833420926790e-08
20 13 -8.6044541935416841e-08
20 20 1.8851014162434777e-04
20 23 -9.2493218976158015e-08
21 10 -8.8193020634843075e-08
21 16 -8.9746677719088325e-08
21 21 2.0872429985405045e-04
21 46 -9.6929533841751493e-08
22 19 -9.0199298461247366e-08
22 22 2.0182153862313853e-04
22 59 -1.0290474154311740e-07
23 11 -8.4606569525509454e-08
23 17 -8.5949254387517764e-08
23 20 -9.2493218976158015e-08
23 23 1.9793553770693572e-04
24 12 -8.1752448566569023e-08
24 18 -8.9648470975275424e-08
24 24 1.9118294990401626e-04
24 35 -8.9306117769311686e-08
25 2 -7.7358400186959817e-08
25 4 -1.0450183428666092e-07
25 25 1.9184478612260989e-04
25 33 -8.7003814216323509e-08
26 26 2.3465546391400097e-04
26 31 -8.9167366234654991e-08
26 54 -1.1439478934420560e-07
27 27 1.9899677260605815e-04
27 32 -8.1529298957506489e-08
27 53 -9.8373966496674577e-08
28 28 2.1855502752079128e-04
28 33 -9.5902189388608398e-08
28 55 -1.1326767605262032e-07
29 29 2.0877007564845448e-04
29 34 -8.9021938799534200e-08
29 52 -1.1015855837357252e-07
30 5 -8.3039741995370725e-08
30 13 -8.5251190682319424e-08
30 30 1.8978804435299112e-04
30 32 -9.2692811760855442e-08
31 12 -8.7708193821951156e-08
31 26 -8.9167366234654991e-08
31 31 2.1139327479359688e-04
31 49 -9.5189871359701848e-08
32 11 -8.7005649160108526e-08
32 27 -8.1529298957506489e-08
32 30 -9.2692811760855442e-08
32 32 1.9273816616058342e-04
33 14 -7.3399655266383406e-08
33 25 -8.7003814216323509e-08
33 28 -9.5902189388608398e-08
33 33 1.6944312196806713e-04
34 2 -8.7181911336612707e-08
34 14 -7.8015317103681954e-08
34 29 -8.9021938799534200e-08
34 34 1.7636157315305240e-04
35 6 -7.8969068028837573e-08
35 24 -8.9306117769311686e-08
35 35 1.7593598924095472e-04
35 65 -1.0218982553577010e-07
36 7 -8.0071259446921227e-08
36 19 -8.7734857208304654e-08
36 36 1.8624526521252488e-04
36 66 -1.0787315056198410e-07
37 37 1.8523556011714807e-04
37 41 -1.0938433253969114e-07
37 54 -6.3964387464273016e-08
38 38 1.8214886834755887e-04
38 42 -1.1073269196656489e-07
38 53 -6.8318529002069384e-08
39 39 1.7765082296994161e-04
39 40 -1.1073366140637211e-07
39 55 -6.5303457647837575e-08
40 39 -1.1073366140637211e-07
40 40 1.8212302004525174e-04
40 58 -6.8288905776503369e-08
41 37 -1.0938433253969114e-07
41 41 1.8521507518642823e-04
41 57 -6.8116054434266112e-08
42 38 -1.1073269196656489e-07
42 42 1.7765252785953301e-04
42 56 -6.5840301859498433e-08
43 43 1.7433772363865469e-04
43 44 -1.1208400096460697e-07
43 59 -6.9247169675446838e-08
44 43 -1.1208400096460697e-07
44 44 1.7433384225337529e-04
44 52 -6.5900292306708819e-08
45 1 -8.4725026940079888e-08
45 45 1.9159367094373440e-04
45 51 -9.9826348435034337e-08
45 64 -7.7835325139813226e-08
46 9 -9.8279797515926996e-08
46 21 -9.6929533841751493e-08
46 46 1.6648202517544357e-04
46 66 -7.0136519634986948e-08
47 8 -6.6766997422805079e-08
47 15 -9.9959761194495781e-08
47 47 1.7301515453367597e-04
47 50 -9.8859519987006004e-08
48 9 -6.6736578540736134e-08
48 15 -1.0135397548607488e-07
48 48 1.8199294431515771e-04
48 51 -1.0123780312136394e-07
49 8 -9.5305782908474107e-08
49 31 -9.5189871359701848e-08
49 49 1.6596443738870338e-04
49 65 -7.4099877088700376e-08
50 47 -9.8859519987006004e-08
50 50 1.6967513740848635e-04
50 64 -1.1185287563698445e-07
50 65 -7.1635999445077462e-08
51 45 -9.9826348435034337e-08
51 48 -1.0123780312136394e-07
51 51 1.7317149470515706e-04
51 66 -7.1545960966267232e-08
52 29 -1.1015855837357252e-07
52 44 -6.5900292306708819e-08
52 52 1.5813093097848214e-04
52 60 -8.7759017774037032e-08
53 27 -9.8373966496674577e-08
53 38 -6.8318529002069384e-08
53 53 1.4625840949684818e-04
53 61 -7.8248241681449310e-08
54 26 -1.1439478934420560e-07
54 37 -6.3964387464273016e-08
54 54 1.6368132711053304e-04
54 62 -8.7502476081571593e-08
55 28 -1.1326767605262032e-07
55 39 -6.5303457647837575e-08
55 55 1.6002189843659448e-04
55 63 -8.7748503396087043e-08
56 16 -1.1286703631668473e-07
56 42 -6.5840301859498433e-08
56 56 1.5663476497606728e-04
56 61 -8.3861545146634655e-08
57 17 -1.0073708558664210e-07
57 41 -6.8116054434266112e-08
57 57 1.4586197394832426e-04
57 62 -7.5739691404370941e-08
58 18 -1.0151360002629819e-07
58 40 -6.8288905776503369e-08
58 58 1.4456725632969804e-04
58 63 -7.5065962228099368e-08
59 22 -1.0290474154311740e-07
59 43 -6.9247169675446838e-08
59 59 1.4160521910418743e-04
59 60 -7.4859982214696737e-08
60 7 -9.7927501699666200e-08
60 52 -8.7759017774037032e-08
60 59 -7.4859982214696737e-08
60 60 1.5254810074082951e-04
61 5 -9.5840315338921236e-08
61 53 -7.8248241681449310e-08
61 56 -8.3861545146634655e-08
61 61 1.5442718449840394e-04
62 3 -9.2138397869573684e-08
62 54 -8.7502476081571593e-08
62 57 -7.5739691404370941e-08
62 62 1.5187552427392911e-04
63 6 -9.5935839373952239e-08
63 55 -8.7748503396087043e-08
63 58 -7.5065962228099368e-08
63 63 1.5109507234968220e-04
64 4 -7.2445567290396369e-08
64 45 -7.7835325139813226e-08
64 50 -1.1185287563698445e-07
64 64 1.7003635738625471e-04
65 35 -1.0218982553577010e-07
65 49 -7.4099877088700376e-08
65 50 -7.1635999445077462e-08
65 65 1.4138523810002031e-04
66 36 -1.0787315056198410e-07
66 46 -7.0136519634986948e-08
66 51 -7.1545960966267232e-08
66 66 1.4253395737805362e-04
