%%MatrixMarket matrix coordinate real general
66 66 244
1 1 2.4603303755769143e-04
1 2 -1.2470373657600387e-07
1 7 -9.1021842319124932e-08
1 45 -8.4724980591198960e-08
2 1 -1.2470373657600387e-07
2 2 2.1311979972957797e-04
2 25 -7.7357789122769682e-08
2 34 -8.7179056291246264e-08
3 3 1.9354964420232882e-04
3 8 -1.1135944227526747e-07
3 20 -8.2580479421490906e-08
3 62 -9.2201597440101526e-08
4 4 1.9100007250421138e-04
4 6 -1.0138952378504064e-07
4 25 -1.0450188412801895e-07
4 64 -7.2445935697564350e-08
5 5 2.0342826263217419e-04
5 9 -1.1021793961827232e-07
5 30 -8.3066239197882438e-08
5 61 -9.5875386573678594e-08
6 4 -1.0138952378504064e-07
6 6 1.8241972918492004e-04
6 35 -7.8994455054625904e-08
6 63 -9.5970774833380371e-08
7 1 -9.1021842319124932e-08
7 7 1.9574875381321471e-04
7 36 -8.0070868077739453e-08
7 60 -9.7926510751945700e-08
8 3 -1.1135944227526747e-07
8 8 1.7114971277364560e-04
8 47 -6.6769568053844762e-08
8 49 -9.5333330342383360e-08
9 5 -1.1021793961827232e-07
9 9 1.8033680547157379e-04
9 46 -9.8279988577947097e-08
9 48 -6.6736931634591974e-08
10 10 1.9637671618614853e-04
10 19 -8.3471217643931943e-08
10 21 -8.8185382207435869e-08
11 11 1.9988067512490245e-04
11 23 -8.5273021134878491e-08
11 32 -8.7702788436917170e-08
12 12 1.9989631672000303e-04
12 24 -8.2402257231887715e-08
12 31 -8.8366024182768646e-08
13 13 1.9076115045027668e-04
13 15 -8.8857381305109598e-08
13 20 -8.6071123926518373e-08
13 30 -8.5278370802062443e-08
14 14 1.5791206475328614e-04
14 33 -7.3391942098469368e-08
14 34 -7.8007009158378337e-08
15 13 -8.8857381305109598e-08
15 15 2.1911304332084447e-04
15 47 -9.9960342181971820e-08
15 48 -1.0135436466895355e-07
16 16 2.2101224472159415e-04
16 21 -8.9741047346804069e-08
16 56 -1.1287622989094350e-07
17 17 2.0313039339300322e-04
17 23 -8.6618306404052901e-08
17 57 -1.0164288298703716e-07
18 18 2.0606609587926238e-04
18 24 -9.0345209302926467e-08
18 58 -1.0239467663277303e-07
19 10 -8.3471217643931943e-08
19 19 1.8931680814394985e-04
19 22 -9.0191027300596795e-08
19 36 -8.7732039616608742e-08
20 3 -8.2580479421490906e-08
20 13 -8.6071123926518373e-08
20 20 1.8747190332849760e-04
20 23 -9.2703066630769932e-08
21 10 -8.8185382207435869e-08
21 16 -8.9741047346804069e-08
21 21 2.0882886607697540e-04
21 46 -9.6926695112835426e-08
22 19 -9.0191027300596795e-08
22 22 2.0208539625847396e-04
22 59 -1.0289394652596775e-07
23 11 -8.5273021134878491e-08
23 17 -8.6618306404052901e-08
23 20 -9.2703066630769932e-08
23 23 1.9510803453523005e-04
24 12 -8.2402257231887715e-08
24 18 -9.0345209302926467e-08
24 24 1.8833595346195864e-04
24 35 -8.9514709382689758e-08
25 2 -7.7357789122769682e-08
25 4 -1.0450188412801895e-07
25 25 1.9186046647481897e-04
25 33 -8.7000928800602032e-08
26 26 2.3033064588458504e-04
26 31 -8.9775291387695641e-08
26 54 -1.1527010686986013e-07
27 27 1.9472755734078082e-04
27 32 -8.2192159475583887e-08
27 53 -9.9272026538381439e-08
28 28 2.1873649432720263e-04
28 33 -9.5895348379010588e-08
28 55 -1.1327666752736026e-07
29 29 2.0903368567007355e-04
29 34 -8.9013485318011059e-08
29 52 -1.1014772092492846e-07
30 5 -8.3066239197882438e-08
30 13 -8.5278370802062443e-08
30 30 1.8870578903108095e-04
30 32 -9.2909120845148524e-08
31 12 -8.8366024182768646e-08
31 26 -8.9775291387695641e-08
31 31 2.0922532861846803e-04
31 49 -9.5398307426703985e-08
32 11 -8.7702788436917170e-08
32 27 -8.2192159475583887e-08
32 30 -9.2909120845148524e-08
32 32 1.8967496235888879e-04
33 14 -7.3391942098469368e-08
33 25 -8.7000928800602032e-08
33 28 -9.5895348379010588e-08
33 33 1.6955219636171639e-04
34 2 -8.7179056291246264e-08
34 14 -7.8007009158378337e-08
34 29 -8.9013485318011059e-08
34 34 1.7648198375250253e-04
35 6 -7.8994455054625904e-08
35 24 -8.9514709382689758e-08
35 35 1.7494573068736161e-04
35 65 -1.0222594503155364e-07
36 7 -8.0070868077739453e-08
36 19 -8.7732039616608742e-08
36 36 1.8625949564259433e-04
36 66 -1.0787262773662195e-07
37 37 1.7905475762852765e-04
37 41 -1.1103365791987881e-07
37 54 -6.4600165322010228e-08
38 38 1.7820933108799510e-04
38 42 -1.1154851471639460e-07
38 53 -6.8937170729638520e-08
39 39 1.7551220365345565e-04
39 40 -1.1154855747130771e-07
39 55 -6.5393376905685263e-08
40 39 -1.1154855747130771e-07
40 40 1.7820796589186857e-04
40 58 -6.8900882717185283e-08
41 37 -1.1103365791987881e-07
41 41 1.7903697552204033e-04
41 57 -6.8844694853400048e-08
42 38 -1.1154851471639460e-07
42 42 1.7551267588020907e-04
42 56 -6.5931767186824207e-08
43 43 1.7464591027710572e-04
43 44 -1.1206510917588147e-07
43 59 -6.9238410539804362e-08
44 43 -1.1206510917588147e-07
44 44 1.7464229596147871e-04
44 52 -6.5892339553349291e-08
45 1 -8.4724980591198960e-08
45 45 1.9159369884216214e-04
45 51 -9.9826345365610566e-08
45 64 -7.7835367728804515e-08
46 9 -9.8279988577947097e-08
46 21 -9.6926695112835426e-08
46 46 1.6649355885742624e-04
46 66 -7.0136219724590987e-08
47 8 -6.6769568053844762e-08
47 15 -9.9960342181971820e-08
47 47 1.7300580043140494e-04
47 50 -9.8860183760495180e-08
48 9 -6.6736931634591974e-08
48 15 -1.0135436466895355e-07
48 48 1.8199122819460904e-04
48 51 -1.0123784779930161e-07
49 8 -9.5333330342383360e-08
49 31 -9.5398307426703985e-08
49 49 1.6506269456914821e-04
49 65 -7.4124696212025204e-08
50 47 -9.8860183760495180e-08
50 50 1.6966043528431746e-04
50 64 -1.1185340867246866e-07
50 65 -7.1640340010085278e-08
51 45 -9.9826345365610566e-08
51 48 -1.0123784779930161e-07
51 51 1.7317158377469773e-04
51 66 -7.1545904850024343e-08
52 29 -1.1014772092492846e-07
52 44 -6.5892339553349291e-08
52 52 1.5824613593922287e-04
52 60 -8.7755010031828630e-08
53 27 -9.9272026538381439e-08
53 38 -6.8937170729638520e-08
53 53 1.4432597024085868e-04
53 61 -7.8473601465914708e-08
54 26 -1.1527010686986013e-07
54 37 -6.4600165322010228e-08
54 54 1.6234316239224542e-04
54 62 -8.7774253769075430e-08
55 28 -1.1327666752736026e-07
55 39 -6.5393376905685263e-08
55 55 1.5952733676164902e-04
55 63 -8.7789882459360528e-08
56 16 -1.1287622989094350e-07
56 42 -6.5931767186824207e-08
56 56 1.5613524050551186e-04
56 61 -8.3903426735372621e-08
57 17 -1.0164288298703716e-07
57 41 -6.8844694853400048e-08
57 57 1.4353744021289847e-04
57 62 -7.5995431901058523e-08
58 18 -1.0239467663277303e-07
58 40 -6.8900882717185283e-08
58 58 1.4286106421068417e-04
58 63 -7.5278044028884163e-08
59 22 -1.0289394652596775e-07
59 43 -6.9238410539804362e-08
59 59 1.4171922094196508e-04
59 60 -7.4856408020082810e-08
60 7 -9.7926510751945700e-08
60 52 -8.7755010031828630e-08
60 59 -7.4856408020082810e-08
60 60 1.5257984634559828e-04
61 5 -9.5875386573678594e-08
61 53 -7.8473601465914708e-08
61 56 -8.3903426735372621e-08
61 61 1.5328324219950217e-04
62 3 -9.2201597440101526e-08
62 54 -8.7774253769075430e-08
62 57 -7.5995431901058523e-08
62 62 1.5165706893485004e-04
63 6 -9.5970774833380371e-08
63 55 -8.7789882459360528e-08
63 58 -7.5278044028884163e-08
63 63 1.5003556351122962e-04
64 4 -7.2445935697564350e-08
64 45 -7.7835367728804515e-08
64 50 -1.1185340867246866e-07
64 64 1.7003428907635582e-04
65 35 -1.0222594503155364e-07
65 49 -7.4124696212025204e-08
65 50 -7.1640340010085278e-08
65 65 1.4120438681371970e-04
66 36 -1.0787262773662195e-07
66 46 -7.0136219724590987e-08
66 51 -7.1545904850024343e-08
66 66 1.4253640296757242e-04
