%%MatrixMarket matrix coordinate real general
66 66 244
1 1 2.4603305409103031e-04
1 2 -1.2470372545787495e-07
1 7 -9.1021841157662251e-08
1 45 -8.4724980283863789e-08
2 1 -1.2470372545787495e-07
2 2 2.1312021031661253e-04
2 25 -7.7357774233492451e-08
2 34 -8.7178878836191981e-08
3 3 1.9354679711609818e-04
3 8 -1.1135955097868186e-07
3 20 -8.2581035455003373e-08
3 62 -9.2203031742205541e-08
4 4 1.9100003660674363e-04
4 6 -1.0138957127137616e-07
4 25 -1.0450187462435385e-07
4 64 -7.2445936412870651e-08
5 5 2.0342633422150818e-04
5 9 -1.1021799359132628e-07
5 30 -8.3066794175532298e-08
5 61 -9.5876177224806817e-08
6 4 -1.0138957127137616e-07
6 6 1.8241792093089186e-04
6 35 -7.8994988871329316e-08
6 63 -9.5971558054554631e-08
7 1 -9.1021841157662251e-08
7 7 1.9574879655591637e-04
7 36 -8.0070860704448633e-08
7 60 -9.7926488719313239e-08
8 3 -1.1135955097868186e-07
8 8 1.7114884386500029e-04
8 47 -6.6769584666746003e-08
8 49 -9.5333920484887292e-08
9 5 -1.1021799359132628e-07
9 9 1.8033676572059177e-04
9 46 -9.8279981469731678e-08
9 48 -6.6736932368001592e-08
10 10 1.9641971903589512e-04
10 19 -8.3470180892479107e-08
10 21 -8.8184345630171904e-08
11 11 1.9960565663643869e-04
11 23 -8.5360626916798564e-08
11 32 -8.7794417075390686e-08
12 12 1.9962504997322479e-04
12 24 -8.2488061347707740e-08
12 31 -8.8452837570901579e-08
13 13 1.9075967424952796e-04
13 15 -8.8857412768486601e-08
13 20 -8.6071680046690979e-08
13 30 -8.5278951469722187e-08
14 14 1.5795982753463315e-04
14 33 -7.3390746744575051e-08
14 34 -7.8005748488708553e-08
15 13 -8.8857412768486601e-08
15 15 2.1911300922000348e-04
15 47 -9.9960343463187781e-08
15 48 -1.0135436552662576e-07
16 16 2.2105116014505677e-04
16 21 -8.9740133915903596e-08
16 56 -1.1287534054638122e-07
17 17 2.0294800203462366e-04
17 23 -8.6704982945458674e-08
17 57 -1.0176058303041014e-07
18 18 2.0595136415209442e-04
18 24 -9.0435264813090015e-08
18 58 -1.0251044486503714e-07
19 10 -8.3470180892479107e-08
19 19 1.8932404374207457e-04
19 22 -9.0189947021801525e-08
19 36 -8.7731870961972644e-08
20 3 -8.2581035455003373e-08
20 13 -8.6071680046690979e-08
20 20 1.8744788205242183e-04
20 23 -9.2715557842891911e-08
21 10 -8.8184345630171904e-08
21 16 -8.9740133915903596e-08
21 21 2.0883576820498030e-04
21 46 -9.6926518848932806e-08
22 19 -9.0189947021801525e-08
22 22 2.0212731101655737e-04
22 59 -1.0289253304630024e-07
23 11 -8.5360626916798564e-08
23 17 -8.6704982945458674e-08
23 20 -9.2715557842891911e-08
23 23 1.9459215507855446e-04
24 12 -8.2488061347707740e-08
24 18 -9.0435264813090015e-08
24 24 1.8782787242977019e-04
24 35 -8.9527211973295082e-08
25 2 -7.7357774233492451e-08
25 4 -1.0450187462435385e-07
25 25 1.9186087022134995e-04
25 33 -8.7000737555684462e-08
26 26 2.2779160837970678e-04
26 31 -8.9849955778410993e-08
26 54 -1.1537764788941192e-07
27 27 1.9436614402419691e-04
27 32 -8.2280278451137314e-08
27 53 -9.9393336957627243e-08
28 28 2.1877550569308400e-04
28 33 -9.5894245409701075e-08
28 55 -1.1327577165623031e-07
29 29 2.0907458394644210e-04
29 34 -8.9012405702382818e-08
29 52 -1.1014633828530698e-07
30 5 -8.3066794175532298e-08
30 13 -8.5278951469722187e-08
30 30 1.8868029332857084e-04
30 32 -9.2922144800751844e-08
31 12 -8.8452837570901579e-08
31 26 -8.9849955778410993e-08
31 31 2.0874268841814176e-04
31 49 -9.5410512517712225e-08
32 11 -8.7794417075390686e-08
32 27 -8.2280278451137314e-08
32 30 -9.2922144800751844e-08
32 32 1.8914514834659103e-04
33 14 -7.3390746744575051e-08
33 25 -8.7000737555684462e-08
33 28 -9.5894245409701075e-08
33 33 1.6956003906367842e-04
34 2 -8.7178878836191981e-08
34 14 -7.8005748488708553e-08
34 29 -8.9012405702382818e-08
34 34 1.7649021002692268e-04
35 6 -7.8994988871329316e-08
35 24 -8.9527211973295082e-08
35 35 1.7492228305888497e-04
35 65 -1.0222671924794162e-07
36 7 -8.0070860704448633e-08
36 19 -8.7731870961972644e-08
36 36 1.8625982051544100e-04
36 66 -1.0787261687908634e-07
37 37 1.7815650536818546e-04
37 41 -1.1128104682924794e-07
37 54 -6.4682738054531359e-08
38 38 1.7766412044614886e-04
38 42 -1.1167096017875418e-07
38 53 -6.9024218787145316e-08
39 39 1.7519148443405336e-04
39 40 -1.1167097729632331e-07
39 55 -6.5399371774043044e-08
40 39 -1.1167097729632331e-07
40 40 1.7766354246253504e-04
40 58 -6.8987213713681823e-08
41 37 -1.1128104682924794e-07
41 41 1.7814648950870664e-04
41 57 -6.8939320018862380e-08
42 38 -1.1167096017875418e-07
42 42 1.7519199737364390e-04
42 56 -6.5937856002588108e-08
43 43 1.7469432945527833e-04
43 44 -1.1206214276664570e-07
43 59 -6.9237255836436127e-08
44 43 -1.1206214276664570e-07
44 44 1.7469081601836195e-04
44 52 -6.5891293813716913e-08
45 1 -8.4724980283863789e-08
45 45 1.9159369872447221e-04
45 51 -9.9826345349715873e-08
45 64 -7.7835367758952151e-08
46 9 -9.8279981469731678e-08
46 21 -9.6926518848932806e-08
46 46 1.6649386416156089e-04
46 66 -7.0136212744005354e-08
47 8 -6.6769584666746003e-08
47 15 -9.9960343463187781e-08
47 47 1.7300578231534990e-04
47 50 -9.8860185300662758e-08
48 9 -6.6736932368001592e-08
48 15 -1.0135436552662576e-07
48 48 1.8199122680822869e-04
48 51 -1.0123784781824989e-07
49 8 -9.5333920484887292e-08
49 31 -9.5410512517712225e-08
49 49 1.6504156804490863e-04
49 65 -7.4125216822131780e-08
50 47 -9.8860185300662758e-08
50 50 1.6966039799458970e-04
50 64 -1.1185340991161084e-07
50 65 -7.1640374169010382e-08
51 45 -9.9826345349715873e-08
51 48 -1.0123784781824989e-07
51 51 1.7317158448683023e-04
51 66 -7.1545904384651723e-08
52 29 -1.1014633828530698e-07
52 44 -6.5891293813716913e-08
52 52 1.5825363063425602e-04
52 60 -8.7754782912104636e-08
53 27 -9.9393336957627243e-08
53 38 -6.9024218787145316e-08
53 53 1.4378425887257628e-04
53 61 -7.8488054057453125e-08
54 26 -1.1537764788941192e-07
54 37 -6.4682738054531359e-08
54 54 1.6184434118741281e-04
54 62 -8.7789512324203684e-08
55 28 -1.1327577165623031e-07
55 39 -6.5399371774043044e-08
55 55 1.5951985121995948e-04
55 63 -8.7790791759408241e-08
56 16 -1.1287534054638122e-07
56 42 -6.5937856002588108e-08
56 56 1.5612758617537554e-04
56 61 -8.3904361109716436e-08
57 17 -1.0176058303041014e-07
57 41 -6.8939320018862380e-08
57 57 1.4299941981639518e-04
57 62 -7.6010193784146881e-08
58 18 -1.0251044486503714e-07
58 40 -6.8987213713681823e-08
58 58 1.4234449578111712e-04
58 63 -7.5291608906486194e-08
59 22 -1.0289253304630024e-07
59 43 -6.9237255836436127e-08
59 59 1.4172681338750032e-04
59 60 -7.4856201625147498e-08
60 7 -9.7926488719313239e-08
60 52 -8.7754782912104636e-08
60 59 -7.4856201625147498e-08
60 60 1.5258062616293854e-04
61 5 -9.5876177224806817e-08
61 53 -7.8488054057453125e-08
61 56 -8.3904361109716436e-08
61 61 1.5325426978683314e-04
62 3 -9.2203031742205541e-08
62 54 -8.7789512324203684e-08
62 57 -7.6010193784146881e-08
62 62 1.5160361586377075e-04
63 6 -9.5971558054554631e-08
63 55 -8.7790791759408241e-08
63 58 -7.5291608906486194e-08
63 63 1.5000889565125488e-04
64 4 -7.2445936412870651e-08
64 45 -7.7835367758952151e-08
64 50 -1.1185340991161084e-07
64 64 1.7003428775823722e-04
65 35 -1.0222671924794162e-07
65 49 -7.4125216822131780e-08
65 50 -7.1640374169010382e-08
65 65 1.4120289593298394e-04
66 36 -1.0787261687908634e-07
66 46 -7.0136212744005354e-08
66 51 -7.1545904384651723e-08
66 66 1.4253642315609512e-04
