%%MatrixMarket matrix coordinate real general
66 66 244
1 1 5.7671936776544625e-05
1 2 -1.3419310350719063e-05
1 7 -9.8005008808700403e-06
1 45 -9.4877230990643218e-06
2 1 -1.3419310350719063e-05
2 2 5.2809276546256247e-05
2 25 -8.3403225085801798e-06
2 34 -9.3218842482231365e-06
3 3 5.7342859603330771e-05
3 8 -1.4076576870910412e-05
3 20 -1.0423792266514695e-05
3 62 -1.1891412607934098e-05
4 4 5.1637922006005100e-05
4 6 -1.1736656833976478e-05
4 25 -1.1818522538238915e-05
4 64 -8.3098885713790566e-06
5 5 5.5057045423607961e-05
5 9 -1.2828991586473104e-05
5 30 -1.0088031733234849e-05
5 61 -1.1108916817509190e-05
6 4 -1.1736656833976478e-05
6 6 5.1273377627944657e-05
6 35 -9.5489207185533439e-06
6 63 -1.1049798698805678e-05
7 1 -9.8005008808700403e-06
7 7 4.8592092576411704e-05
7 36 -8.4794076288706514e-06
7 60 -1.0353666379875638e-05
8 3 -1.4076576870910412e-05
8 8 5.2739860829300960e-05
8 47 -8.3443309990471461e-06
8 49 -1.1879937668099659e-05
9 5 -1.2828991586473104e-05
9 9 5.0293712863312801e-05
9 46 -1.1192761239646540e-05
9 48 -7.6663838241478163e-06
10 10 5.6198457100058487e-05
10 19 -8.5695469216743383e-06
10 21 -9.2400485906550808e-06
11 11 5.8844884410061524e-05
11 23 -9.7702133087470420e-06
11 32 -1.0059531295947341e-05
12 12 5.8249105757238759e-05
12 24 -9.4077457711231449e-06
12 31 -1.0084812143854297e-05
13 13 5.2397724313383617e-05
13 15 -1.0883187570210663e-05
13 20 -1.0833664671727665e-05
13 30 -1.0408605871500867e-05
14 14 5.4538986710658423e-05
14 33 -7.6566986481046256e-06
14 34 -8.0020031435440449e-06
15 13 -1.0883187570210663e-05
15 15 5.8138982731672119e-05
15 47 -1.2008368963974620e-05
15 48 -1.2112602391641133e-05
16 16 6.0240612134199740e-05
16 21 -9.3734720439429167e-06
16 56 -1.1969888983450449e-05
17 17 6.3907807935292260e-05
17 23 -1.0453027822453700e-05
17 57 -1.2235267044376928e-05
18 18 5.6977535064355114e-05
18 24 -9.6933629020022808e-06
18 58 -1.0952480323909278e-05
19 10 -8.5695469216743383e-06
19 19 4.6083388217130290e-05
19 22 -9.2736077906612745e-06
19 36 -9.3037552198001074e-06
20 3 -1.0423792266514695e-05
20 13 -1.0833664671727665e-05
20 20 5.3411024900405604e-05
20 23 -1.1991874770476478e-05
21 10 -9.2400485906550808e-06
21 16 -9.3734720439429167e-06
21 21 5.0195968707627625e-05
21 46 -1.0531291077899293e-05
22 19 -9.2736077906612745e-06
22 22 5.8249356512275672e-05
22 59 -1.0423541968766816e-05
23 11 -9.7702133087470420e-06
23 17 -1.0453027822453700e-05
23 20 -1.1991874770476478e-05
23 23 5.3374414009644439e-05
24 12 -9.4077457711231449e-06
24 18 -9.6933629020022808e-06
24 24 5.0709301707133715e-05
24 35 -1.1328356634512955e-05
25 2 -8.3403225085801798e-06
25 4 -1.1818522538238915e-05
25 25 4.8997474175432811e-05
25 33 -9.3770365513651384e-06
26 26 6.6107907456779786e-05
26 31 -1.0856605090787074e-05
26 54 -1.3906742089957560e-05
27 27 5.5682275891364089e-05
27 32 -8.7955461090094522e-06
27 53 -1.0589662786812952e-05
28 28 6.0744231990566297e-05
28 33 -9.9719600375867729e-06
28 55 -1.2023507351188278e-05
29 29 5.8923335305347979e-05
29 34 -9.1451669072826452e-06
29 52 -1.1175146144963255e-05
30 5 -1.0088031733234849e-05
30 13 -1.0408605871500867e-05
30 30 5.2099480476584020e-05
30 32 -1.1779649961895718e-05
31 12 -1.0084812143854297e-05
31 26 -1.0856605090787074e-05
31 31 5.6085055922991650e-05
31 49 -1.2299793024702228e-05
32 11 -1.0059531295947341e-05
32 27 -8.7955461090094522e-06
32 30 -1.1779649961895718e-05
32 32 5.1094565205448507e-05
33 14 -7.6566986481046256e-06
33 25 -9.3770365513651384e-06
33 28 -9.9719600375867729e-06
33 33 4.4018688860571894e-05
34 2 -9.3218842482231365e-06
34 14 -8.0020031435440449e-06
34 29 -9.1451669072826452e-06
34 34 4.4095973145361037e-05
35 6 -9.5489207185533439e-06
35 24 -1.1328356634512955e-05
35 35 5.1767968721231636e-05
35 65 -1.2425272493810143e-05
36 7 -8.4794076288706514e-06
36 19 -9.3037552198001074e-06
36 36 4.8309325858790026e-05
36 66 -1.1730963058086521e-05
37 37 6.5212753866689571e-05
37 41 -1.4020279623028563e-05
37 54 -8.1679994529290906e-06
38 38 4.7614847697320049e-05
38 42 -1.0204477135607694e-05
38 53 -6.3856969654495318e-06
39 39 4.9283664633844538e-05
39 40 -1.0198829260585001e-05
39 55 -6.7198991217030622e-06
40 39 -1.0198829260585001e-05
40 40 4.7586645939351908e-05
40 58 -6.3809061347521049e-06
41 37 -1.4020279623028563e-05
41 41 6.5816605440632072e-05
41 57 -8.7136471507807848e-06
42 38 -1.0204477135607694e-05
42 42 4.9355937090915550e-05
42 56 -6.7676225724019675e-06
43 43 5.5621392913909567e-05
43 44 -1.1215908801348356e-05
43 59 -7.0203782820624572e-06
44 43 -1.1215908801348356e-05
44 44 5.5291583531182972e-05
44 52 -6.6911003421808178e-06
45 1 -9.4877230990643218e-06
45 45 4.9460957238855975e-05
45 51 -1.1207987149772016e-05
45 64 -8.9435454927536750e-06
46 9 -1.1192761239646540e-05
46 21 -1.0531291077899293e-05
46 46 4.6149316603485868e-05
46 66 -7.6000325531318253e-06
47 8 -8.3443309990471461e-06
47 15 -1.2008368963974620e-05
47 47 5.0418558387365172e-05
47 50 -1.1875925490513877e-05
48 9 -7.6663838241478163e-06
48 15 -1.2112602391641133e-05
48 48 5.0198218587917402e-05
48 51 -1.1646392671903563e-05
49 8 -1.1879937668099659e-05
49 31 -1.2299793024702228e-05
49 49 5.1160336275166124e-05
49 65 -9.2477131441639998e-06
50 47 -1.1875925490513877e-05
50 50 5.1657518179709655e-05
50 64 -1.3277842353066379e-05
50 65 -8.7398367137872538e-06
51 45 -1.1207987149772016e-05
51 48 -1.1646392671903563e-05
51 51 4.8712705293596133e-05
51 66 -8.0459457721184753e-06
52 29 -1.1175146144963255e-05
52 44 -6.6911003421808178e-06
52 52 4.2704109979224624e-05
52 60 -9.0226767622887326e-06
53 27 -1.0589662786812952e-05
53 38 -6.3856969654495318e-06
53 53 4.1346020197092676e-05
53 61 -9.4652898940365916e-06
54 26 -1.3906742089957560e-05
54 37 -8.1679994529290906e-06
54 54 5.1353204976014523e-05
54 62 -1.1470249558698063e-05
55 28 -1.2023507351188278e-05
55 39 -6.7198991217030622e-06
55 55 4.4497957313595919e-05
55 63 -9.9004466706469741e-06
56 16 -1.1969888983450449e-05
56 42 -6.7676225724019675e-06
56 56 4.3561545848953946e-05
56 61 -9.5174082450841382e-06
57 17 -1.2235267044376928e-05
57 41 -8.7136471507807848e-06
57 57 4.6492816375960825e-05
57 62 -9.9484765453432242e-06
58 18 -1.0952480323909278e-05
58 40 -6.3809061347521049e-06
58 58 4.1170161660515202e-05
58 63 -9.0771773426892276e-06
59 22 -1.0423541968766816e-05
59 43 -7.0203782820624572e-06
59 59 3.9278779767582914e-05
59 60 -7.6961401480388520e-06
60 7 -1.0353666379875638e-05
60 52 -9.0226767622887326e-06
60 59 -7.6961401480388520e-06
60 60 4.2331007625999853e-05
61 5 -1.1108916817509190e-05
61 53 -9.4652898940365916e-06
61 56 -9.5174082450841382e-06
61 61 4.5616327801473213e-05
62 3 -1.1891412607934098e-05
62 54 -1.1470249558698063e-05
62 57 -9.9484765453432242e-06
62 62 4.9761768296189228e-05
63 6 -1.1049798698805678e-05
63 55 -9.9004466706469741e-06
63 58 -9.0771773426892276e-06
63 63 4.5110716021843237e-05
64 4 -8.3098885713790566e-06
64 45 -8.9435454927536750e-06
64 50 -1.3277842353066379e-05
64 64 4.8229253973339289e-05
65 35 -1.2425272493810143e-05
65 49 -9.2477131441639998e-06
65 50 -8.7398367137872538e-06
65 65 4.5347278935665511e-05
66 36 -1.1730963058086521e-05
66 46 -7.6000325531318253e-06
66 51 -8.0459457721184753e-06
66 66 4.1982975525170184e-05
