%%MatrixMarket matrix coordinate real general
66 66 244
1 1 5.6947703405677985e-05
1 2 -1.3262810174394413e-05
1 7 -9.6854406009753512e-06
1 45 -9.3728635476752865e-06
2 1 -1.3262810174394413e-05
2 2 5.2272235862234464e-05
2 25 -8.1598122785376034e-06
2 34 -9.2578574718358601e-06
3 3 5.6802231575909750e-05
3 8 -1.3956445643242111e-05
3 20 -1.0327772927024672e-05
3 62 -1.1791015228383598e-05
4 4 5.0617501842795801e-05
4 6 -1.1448755189168357e-05
4 25 -1.1610266379630291e-05
4 64 -8.1494701511767176e-06
5 5 5.3690289875646913e-05
5 9 -1.2540568940007431e-05
5 30 -9.8529294948309332e-06
5 61 -1.0823675493599867e-05
6 4 -1.1448755189168357e-05
6 6 4.9882424075483139e-05
6 35 -9.3039049990251222e-06
6 63 -1.0738709452838270e-05
7 1 -9.6854406009753512e-06
7 7 4.8199863290076907e-05
7 36 -8.3967466483242656e-06
7 60 -1.0287733303323340e-05
8 3 -1.3956445643242111e-05
8 8 5.2218384739878791e-05
8 47 -8.2799062283591422e-06
8 49 -1.1682852394401884e-05
9 5 -1.2540568940007431e-05
9 9 4.9361977418724486e-05
9 46 -1.1007961031302865e-05
9 48 -7.5156739223760106e-06
10 10 5.5492721500956246e-05
10 19 -8.4862682656238295e-06
10 21 -9.0856107433104753e-06
11 11 5.3010667548391411e-05
11 23 -8.8960882591950074e-06
11 32 -9.1349082540909494e-06
12 12 5.2433943188336804e-05
12 24 -8.5345334670801960e-06
12 31 -9.1788313882148787e-06
13 13 5.1623932327248407e-05
13 15 -1.0735078740547887e-05
13 20 -1.0694177968865820e-05
13 30 -1.0252876090668759e-05
14 14 5.3777327474512619e-05
14 33 -7.5346144504349569e-06
14 34 -7.8998893563037218e-06
15 13 -1.0735078740547887e-05
15 15 5.7342577992123300e-05
15 47 -1.1813573904105251e-05
15 48 -1.1962546172920404e-05
16 16 5.8388829018254541e-05
16 21 -9.1926229597626895e-06
16 56 -1.1446154490864929e-05
17 17 5.8630287210090555e-05
17 23 -9.6824792761099252e-06
17 57 -1.1316251106118271e-05
18 18 5.1131174612937711e-05
18 24 -8.7744870175386437e-06
18 58 -9.8296149487519580e-06
19 10 -8.4862682656238295e-06
19 19 4.5634486405837256e-05
19 22 -9.1942666223843730e-06
19 36 -9.2076291957446341e-06
20 3 -1.0327772927024672e-05
20 13 -1.0694177968865820e-05
20 20 5.2831266656073141e-05
20 23 -1.1955442392175239e-05
21 10 -9.0856107433104753e-06
21 16 -9.1926229597626895e-06
21 21 4.9219696608993631e-05
21 46 -1.0275875274337872e-05
22 19 -9.1942666223843730e-06
22 22 5.7970436425455842e-05
22 59 -1.0387942625977232e-05
23 11 -8.8960882591950074e-06
23 17 -9.6824792761099252e-06
23 20 -1.1955442392175239e-05
23 23 5.1852402939077115e-05
24 12 -8.5345334670801960e-06
24 18 -8.7744870175386437e-06
24 24 4.7981084861071661e-05
24 35 -1.1030837009136383e-05
25 2 -8.1598122785376034e-06
25 4 -1.1610266379630291e-05
25 25 4.7877174697757239e-05
25 33 -9.1571535455912575e-06
26 26 6.0778804904089777e-05
26 31 -1.0073400570740975e-05
26 54 -1.2890448026346546e-05
27 27 5.0011235942496626e-05
27 32 -7.9724488402736715e-06
27 53 -9.5111860307722256e-06
28 28 5.8922320522516829e-05
28 33 -9.7884129593529064e-06
28 55 -1.1516858275096980e-05
29 29 5.8616712871601345e-05
29 34 -9.0420517151230600e-06
29 52 -1.1139430312508273e-05
30 5 -9.8529294948309332e-06
30 13 -1.0252876090668759e-05
30 30 5.0886150678267186e-05
30 32 -1.1483900934042367e-05
31 12 -9.1788313882148787e-06
31 26 -1.0073400570740975e-05
31 31 5.4254170976781858e-05
31 49 -1.2242203536924564e-05
32 11 -9.1349082540909494e-06
32 27 -7.9724488402736715e-06
32 30 -1.1483900934042367e-05
32 32 4.8429903579729356e-05
33 14 -7.5346144504349569e-06
33 25 -9.1571535455912575e-06
33 28 -9.7884129593529064e-06
33 33 4.3205534210788477e-05
34 2 -9.2578574718358601e-06
34 14 -7.8998893563037218e-06
34 29 -9.0420517151230600e-06
34 34 4.3591362248489855e-05
35 6 -9.3039049990251222e-06
35 24 -1.1030837009136383e-05
35 35 5.0499742956592426e-05
35 65 -1.2240123695746423e-05
36 7 -8.3967466483242656e-06
36 19 -9.2076291957446341e-06
36 36 4.7755133819598922e-05
36 66 -1.1567517996498118e-05
37 37 6.1686963701416362e-05
37 41 -1.3290397393728906e-05
37 54 -7.7879918256851634e-06
38 38 4.4523250218652053e-05
38 42 -9.3751090000266738e-06
38 53 -5.9811128756876023e-06
39 39 4.3137589593320757e-05
39 40 -9.3704724938445160e-06
39 55 -6.2559035339840461e-06
40 39 -9.3704724938445160e-06
40 40 4.4504857026524027e-05
40 58 -5.9787935257020907e-06
41 37 -1.3290397393728906e-05
41 41 6.2312831085984980e-05
41 57 -8.3123410447670775e-06
42 38 -9.3751090000266738e-06
42 42 4.3204052990534041e-05
42 56 -6.2892562127527684e-06
43 43 5.5538990812617786e-05
43 44 -1.1200274641880079e-05
43 59 -6.9995482236296027e-06
44 43 -1.1200274641880079e-05
44 44 5.5205645792498217e-05
44 52 -6.6725382487870646e-06
45 1 -9.3728635476752865e-06
45 45 4.8772990815882709e-05
45 51 -1.1067378835499094e-05
45 64 -8.7760442839624566e-06
46 9 -1.1007961031302865e-05
46 21 -1.0275875274337872e-05
46 46 4.5065972268534959e-05
46 66 -7.4184558329677505e-06
47 8 -8.2799062283591422e-06
47 15 -1.1813573904105251e-05
47 47 4.9598161190815831e-05
47 50 -1.1677177421391171e-05
48 9 -7.5156739223760106e-06
48 15 -1.1962546172920404e-05
48 48 4.9446603349554468e-05
48 51 -1.1420251849521095e-05
49 8 -1.1682852394401884e-05
49 31 -1.2242203536924564e-05
49 49 5.0370545265000754e-05
49 65 -9.0861758664989971e-06
50 47 -1.1677177421391171e-05
50 50 5.1025451325261594e-05
50 64 -1.3074072450658632e-05
50 65 -8.6214908645164185e-06
51 45 -1.1067378835499094e-05
51 48 -1.1420251849521095e-05
51 51 4.7987694774267144e-05
51 66 -7.9414272064500020e-06
52 29 -1.1139430312508273e-05
52 44 -6.6725382487870646e-06
52 52 4.2525320924932981e-05
52 60 -8.9507577194251991e-06
53 27 -9.5111860307722256e-06
53 38 -5.9811128756876023e-06
53 53 3.7733933034509943e-05
53 61 -8.7238864880852815e-06
54 26 -1.2890448026346546e-05
54 37 -7.7879918256851634e-06
54 54 5.0026858667749017e-05
54 62 -1.1485227003628164e-05
55 28 -1.1516858275096980e-05
55 39 -6.2559035339840461e-06
55 55 4.2269602670107793e-05
55 63 -9.4559703923113311e-06
56 16 -1.1446154490864929e-05
56 42 -6.2892562127527684e-06
56 56 4.1404608187779095e-05
56 61 -9.1087274352571772e-06
57 17 -1.1316251106118271e-05
57 41 -8.3123410447670775e-06
57 57 4.5404822900690068e-05
57 62 -9.9665850037658333e-06
58 18 -9.8296149487519580e-06
58 40 -5.9787935257020907e-06
58 58 3.7586510235564719e-05
58 63 -8.3731499551697373e-06
59 22 -1.0387942625977232e-05
59 43 -6.9995482236296027e-06
59 59 3.9109320732049021e-05
59 60 -7.6340903045107989e-06
60 7 -1.0287733303323340e-05
60 52 -8.9507577194251991e-06
60 59 -7.6340903045107989e-06
60 60 4.1983840784929663e-05
61 5 -1.0823675493599867e-05
61 53 -8.7238864880852815e-06
61 56 -9.1087274352571772e-06
61 61 4.3481821423400693e-05
62 3 -1.1791015228383598e-05
62 54 -1.1485227003628164e-05
62 57 -9.9665850037658333e-06
62 62 4.9525652254609086e-05
63 6 -1.0738709452838270e-05
63 55 -9.4559703923113311e-06
63 58 -8.3731499551697373e-06
63 63 4.2929267209553097e-05
64 4 -8.1494701511767176e-06
64 45 -8.7760442839624566e-06
64 50 -1.3074072450658632e-05
64 64 4.7304712545631066e-05
65 35 -1.2240123695746423e-05
65 49 -9.0861758664989971e-06
65 50 -8.6214908645164185e-06
65 65 4.4808653524504378e-05
66 36 -1.1567517996498118e-05
66 46 -7.4184558329677505e-06
66 51 -7.9414272064500020e-06
66 66 4.1302138429829711e-05
