%%MatrixMarket matrix coordinate real general
66 66 244
1 1 5.6847299740989231e-05
1 2 -1.3241162996581948e-05
1 7 -9.6695632124383401e-06
1 45 -9.3570801983563367e-06
2 1 -1.3241162996581948e-05
2 2 5.2198026555585859e-05
2 25 -8.1357888198578753e-06
2 34 -9.2486831505979232e-06
3 3 5.6723508382767950e-05
3 8 -1.3939889257826622e-05
3 20 -1.0314346847276120e-05
3 62 -1.1774963087254719e-05
4 4 5.0480785584498072e-05
4 6 -1.1410376020512554e-05
4 25 -1.1581927279763724e-05
4 64 -8.1275636279522533e-06
5 5 5.3622074645563875e-05
5 9 -1.2501988875634819e-05
5 30 -9.8231608474798909e-06
5 61 -1.0785316711996443e-05
6 4 -1.1410376020512554e-05
6 6 4.9699358158729454e-05
6 35 -9.2729585493714149e-06
6 63 -1.0697193693815752e-05
7 1 -9.6695632124383401e-06
7 7 4.8144991378739760e-05
7 36 -8.3851858291680259e-06
7 60 -1.0278469256623898e-05
8 3 -1.3939889257826622e-05
8 8 5.2145965501181944e-05
8 47 -8.2713349518333552e-06
8 49 -1.1654628172688747e-05
9 5 -1.2501988875634819e-05
9 9 4.9231462525919756e-05
9 46 -1.0982912740046947e-05
9 48 -7.4949765034185599e-06
10 10 5.5396624690253901e-05
10 19 -8.4746368612376901e-06
10 21 -9.0640541345686132e-06
11 11 5.2462904724836579e-05
11 23 -8.8133839256924666e-06
11 32 -9.0446945714343033e-06
12 12 5.1898331496572546e-05
12 24 -8.4502473974221747e-06
12 31 -9.0940063143992375e-06
13 13 5.1516862268519511e-05
13 15 -1.0714787530092601e-05
13 20 -1.0674151360176586e-05
13 30 -1.0231727489194867e-05
14 14 5.3670478191474922e-05
14 33 -7.5175586797581008e-06
14 34 -7.8859097091758802e-06
15 13 -1.0714787530092601e-05
15 15 5.7233258064585854e-05
15 47 -1.1786087929446197e-05
15 48 -1.1942245653107463e-05
16 16 5.8136144723471339e-05
16 21 -9.1670760548113632e-06
16 56 -1.1381033279146184e-05
17 17 5.8063595708938751e-05
17 23 -9.5978217456620031e-06
17 57 -1.1216285561041468e-05
18 18 5.0668715926990499e-05
18 24 -8.6992558794917598e-06
18 58 -9.7336463322348282e-06
19 10 -8.4746368612376901e-06
19 19 4.5574958511763370e-05
19 22 -9.1831957849937505e-06
19 36 -9.1942102750601259e-06
20 3 -1.0314346847276120e-05
20 13 -1.0674151360176586e-05
20 20 5.2736683274446942e-05
20 23 -1.1942265510216369e-05
21 10 -9.0640541345686132e-06
21 16 -9.1670760548113632e-06
21 21 4.9080958482537789e-05
21 46 -1.0241939724994730e-05
22 19 -9.1831957849937505e-06
22 22 5.7930084340259178e-05
22 59 -1.0382818443681859e-05
23 11 -8.8133839256924666e-06
23 17 -9.5978217456620031e-06
23 20 -1.1942265510216369e-05
23 23 5.1645650438196289e-05
24 12 -8.4502473974221747e-06
24 18 -8.6992558794917598e-06
24 24 4.7611828479233163e-05
24 35 -1.0966117155127440e-05
25 2 -8.1357888198578753e-06
25 4 -1.1581927279763724e-05
25 25 4.7730301380777660e-05
25 33 -9.1278615465514747e-06
26 26 6.0205340212584792e-05
26 31 -9.9861757838201838e-06
26 54 -1.2778526846906513e-05
27 27 4.9570821547160272e-05
27 32 -7.9063736112178115e-06
27 53 -9.4202414955951511e-06
28 28 5.8673916526868057e-05
28 33 -9.7624436855595863e-06
28 55 -1.1452538794021819e-05
29 29 5.8572347446671519e-05
29 34 -9.0279255777258457e-06
29 52 -1.1134268200825569e-05
30 5 -9.8231608474798909e-06
30 13 -1.0231727489194867e-05
30 30 5.0693716467471997e-05
30 32 -1.1419037997410108e-05
31 12 -9.0940063143992375e-06
31 26 -9.9861757838201838e-06
31 31 5.4029346259854225e-05
31 49 -1.2224919005458500e-05
32 11 -9.0446945714343033e-06
32 27 -7.9063736112178115e-06
32 30 -1.1419037997410108e-05
32 32 4.8067161963782141e-05
33 14 -7.5175586797581008e-06
33 25 -9.1278615465514747e-06
33 28 -9.7624436855595863e-06
33 33 4.3089898429685831e-05
34 2 -9.2486831505979232e-06
34 14 -7.8859097091758802e-06
34 29 -9.0279255777258457e-06
34 34 4.3520308355850772e-05
35 6 -9.2729585493714149e-06
35 24 -1.0966117155127440e-05
35 35 5.0310234471457167e-05
35 65 -1.2215630056202834e-05
36 7 -8.3851858291680259e-06
36 19 -9.1942102750601259e-06
36 36 4.7681692536956641e-05
36 66 -1.1545010467509884e-05
37 37 6.1240546183265204e-05
37 41 -1.3198488213220900e-05
37 54 -7.7404773589074265e-06
38 38 4.4381450100954156e-05
38 42 -9.3317480562934781e-06
38 53 -5.9565650578924174e-06
39 39 4.2723604743055739e-05
39 40 -9.3271658414366331e-06
39 55 -6.2088026421053072e-06
40 39 -9.3271658414366331e-06
40 40 4.4363845865690772e-05
40 58 -5.9544297921714350e-06
41 37 -1.3198488213220900e-05
41 41 6.1871341907828334e-05
41 57 -8.2619174384568671e-06
42 38 -9.3317480562934781e-06
42 42 4.2790156598986737e-05
42 56 -6.2413164479453903e-06
43 43 5.5527191054949068e-05
43 44 -1.1198042668127839e-05
43 59 -6.9965505381948532e-06
44 43 -1.1198042668127839e-05
44 44 5.5193359952997203e-05
44 52 -6.6698650096140259e-06
45 1 -9.3570801983563367e-06
45 45 4.8679824459448018e-05
45 51 -1.1048007777240511e-05
45 64 -8.7531759781936878e-06
46 9 -1.0982912740046947e-05
46 21 -1.0241939724994730e-05
46 46 4.4923703059115086e-05
46 66 -7.3943942769101317e-06
47 8 -8.2713349518333552e-06
47 15 -1.1786087929446197e-05
47 47 4.9487437215010272e-05
47 50 -1.1649098147856314e-05
48 9 -7.4949765034185599e-06
48 15 -1.1942245653107463e-05
48 48 4.9316136560256145e-05
48 51 -1.1389179847280423e-05
49 8 -1.1654628172688747e-05
49 31 -1.2224919005458500e-05
49 49 5.0247142243442531e-05
49 65 -9.0630534083686610e-06
50 47 -1.1649098147856314e-05
50 50 5.0914553422608089e-05
50 64 -1.3046294711553173e-05
50 65 -8.6056397753466916e-06
51 45 -1.1048007777240511e-05
51 48 -1.1389179847280423e-05
51 51 4.7885975981296940e-05
51 66 -7.9270325325701323e-06
52 29 -1.1134268200825569e-05
52 44 -6.6698650096140259e-06
52 52 4.2500145871390741e-05
52 60 -8.9408035754756318e-06
53 27 -9.4202414955951511e-06
53 38 -5.9565650578924174e-06
53 53 3.7287300750949444e-05
53 61 -8.6047059932241690e-06
54 26 -1.2778526846906513e-05
54 37 -7.7404773589074265e-06
54 54 4.9878116205108028e-05
54 62 -1.1487515870979981e-05
55 28 -1.1452538794021819e-05
55 39 -6.2088026421053072e-06
55 55 4.1990013179043952e-05
55 63 -9.3979520846532698e-06
56 16 -1.1381033279146184e-05
56 42 -6.2413164479453903e-06
56 56 4.1148247916038670e-05
56 61 -9.0545396088863098e-06
57 17 -1.1216285561041468e-05
57 41 -8.2619174384568671e-06
57 57 4.5266089177038959e-05
57 62 -9.9691882149764282e-06
58 18 -9.7336463322348282e-06
58 40 -5.9544297921714350e-06
58 58 3.7140552517869727e-05
58 63 -8.2590858956062185e-06
59 22 -1.0382818443681859e-05
59 43 -6.9965505381948532e-06
59 59 3.9085408287244646e-05
59 60 -7.6255027242780159e-06
60 7 -1.0278469256623898e-05
60 52 -8.9408035754756318e-06
60 59 -7.6255027242780159e-06
60 60 4.1938164378433707e-05
61 5 -1.0785316711996443e-05
61 53 -8.6047059932241690e-06
61 56 -9.0545396088863098e-06
61 61 4.3176341355361927e-05
62 3 -1.1774963087254719e-05
62 54 -1.1487515870979981e-05
62 57 -9.9691882149764282e-06
62 62 4.9485996583571910e-05
63 6 -1.0697193693815752e-05
63 55 -9.3979520846532698e-06
63 58 -8.2590858956062185e-06
63 63 4.2624588754410253e-05
64 4 -8.1275636279522533e-06
64 45 -8.7531759781936878e-06
64 50 -1.3046294711553173e-05
64 64 4.7179788109990900e-05
65 35 -1.2215630056202834e-05
65 49 -9.0630534083686610e-06
65 50 -8.6056397753466916e-06
65 65 4.4714556417515997e-05
66 36 -1.1545010467509884e-05
66 46 -7.3943942769101317e-06
66 51 -7.9270325325701323e-06
66 66 4.1213011738260334e-05
