%%MatrixMarket matrix coordinate real general
66 66 244
1 1 2.4602454160535731e-04
1 2 -1.2470501695447411e-07
1 7 -9.1022340679972105e-08
1 45 -8.4725131445175197e-08
2 1 -1.2470501695447411e-07
2 2 2.1307891115971125e-04
2 25 -7.7359066542646164e-08
2 34 -8.7184040476528555e-08
3 3 1.9466804683760912e-04
3 8 -1.1131397196197823e-07
3 20 -8.2507575484739387e-08
3 62 -9.2051611557396517e-08
4 4 1.9107953219861968e-04
4 6 -1.0137013867803223e-07
4 25 -1.0450053821048950e-07
4 64 -7.2444160462788397e-08
5 5 2.0416172043551735e-04
5 9 -1.1019568619371914e-07
5 30 -8.3001416795044411e-08
5 61 -9.5792397200958341e-08
6 4 -1.0137013867803223e-07
6 6 1.8309737650130912e-04
6 35 -7.8932397938436940e-08
6 63 -9.5888012031941277e-08
7 1 -9.1022340679972105e-08
7 7 1.9573170784628418e-04
7 36 -8.0071878594851861e-08
7 60 -9.7928860166267827e-08
8 3 -1.1131397196197823e-07
8 8 1.7159845311894752e-04
8 47 -6.6760322685679894e-08
8 49 -9.5265565069545704e-08
9 5 -1.1019568619371914e-07
9 9 1.8042034352704303e-04
9 46 -9.8278232664703225e-08
9 48 -6.6735254016261686e-08
10 10 1.9602280713996515e-04
10 19 -8.3482478319782697e-08
10 21 -8.8196169420335119e-08
11 11 2.0481581527810808e-04
11 23 -8.4294172632630051e-08
11 32 -8.6680320746091768e-08
12 12 2.0467797785523760e-04
12 24 -8.1450648861086719e-08
12 31 -8.7399195813085223e-08
13 13 1.9136799050811605e-04
13 15 -8.8843408633598956e-08
13 20 -8.6005493725512025e-08
13 30 -8.5212184428819285e-08
14 14 1.5759401371415784e-04
14 33 -7.3402308678004575e-08
14 34 -7.8018590461857884e-08
15 13 -8.8843408633598956e-08
15 15 2.1918215906314086e-04
15 47 -9.9957466004745128e-08
15 48 -1.0135242896336340e-07
16 16 2.2090220931328169e-04
16 21 -8.9746518255554514e-08
16 56 -1.1284549758301174e-07
17 17 2.0812520908781185e-04
17 23 -8.5627228768355799e-08
17 57 -1.0030578398816410e-07
18 18 2.1295847850336531e-04
18 24 -8.9314170730011226e-08
18 58 -1.0110716454507127e-07
19 10 -8.3482478319782697e-08
19 19 1.8912556687868782e-04
19 22 -9.0203237288757016e-08
19 36 -8.7737046814323309e-08
20 3 -8.2507575484739387e-08
20 13 -8.6005493725512025e-08
20 20 1.8990386380675101e-04
20 23 -9.2327608301727349e-08
21 10 -8.8196169420335119e-08
21 16 -8.9746518255554514e-08
21 21 2.0866363299216730e-04
21 46 -9.6931217256832780e-08
22 19 -9.0203237288757016e-08
22 22 2.0172156910102236e-04
22 59 -1.0290980956618313e-07
23 11 -8.4294172632630051e-08
23 17 -8.5627228768355799e-08
23 20 -9.2327608301727349e-08
23 23 1.9836902317887369e-04
24 12 -8.1450648861086719e-08
24 18 -8.9314170730011226e-08
24 24 1.9163665116538273e-04
24 35 -8.9143639110943682e-08
25 2 -7.7359066542646164e-08
25 4 -1.0450053821048950e-07
25 25 1.9183152022987196e-04
25 33 -8.7005415680981945e-08
26 26 2.3592935502561084e-04
26 31 -8.8855821596959662e-08
26 54 -1.1394775811373062e-07
27 27 1.9985213361565308e-04
27 32 -8.1221411563399708e-08
27 53 -9.7973636667530907e-08
28 28 2.1861640935083967e-04
28 33 -9.5902061560333739e-08
28 55 -1.1324641066180945e-07
29 29 2.0866653520356727e-04
29 34 -8.9025967733398771e-08
29 52 -1.1016383823017790e-07
30 5 -8.3001416795044411e-08
30 13 -8.5212184428819285e-08
30 30 1.9120357667030998e-04
30 32 -9.2524848482514046e-08
31 12 -8.7399195813085223e-08
31 26 -8.8855821596959662e-08
31 31 2.1408775603429207e-04
31 49 -9.5022823031674383e-08
32 11 -8.6680320746091768e-08
32 27 -8.1221411563399708e-08
32 30 -9.2524848482514046e-08
32 32 1.9326711806183530e-04
33 14 -7.3402308678004575e-08
33 25 -8.7005415680981945e-08
33 28 -9.5902061560333739e-08
33 33 1.6938702906401477e-04
34 2 -8.7184040476528555e-08
34 14 -7.8018590461857884e-08
34 29 -8.9025967733398771e-08
34 34 1.7628237493607648e-04
35 6 -7.8932397938436940e-08
35 24 -8.9143639110943682e-08
35 35 1.7723042397872998e-04
35 65 -1.0213834248141043e-07
36 7 -8.0071878594851861e-08
36 19 -8.7737046814323309e-08
36 36 1.8622600671672028e-04
36 66 -1.0787390447957399e-07
37 37 1.8747043615704933e-04
37 41 -1.0876390028672391e-07
37 54 -6.3674201650714896e-08
38 38 1.8406832194627019e-04
38 42 -1.1042286365030292e-07
38 53 -6.8058730678025271e-08
39 39 1.7778267654205241e-04
39 40 -1.1042469362321923e-07
39 55 -6.5244871947129592e-08
40 39 -1.1042469362321923e-07
40 40 1.8402138685415451e-04
40 58 -6.8031875921959397e-08
41 37 -1.0876390028672391e-07
41 41 1.8750370042292129e-04
41 57 -6.7786731853062830e-08
42 38 -1.1042286365030292e-07
42 42 1.7778862713139812e-04
42 56 -6.5780568675556163e-08
43 43 1.7422991508164926e-04
43 44 -1.1209060057192828e-07
43 59 -6.9251036710145092e-08
44 43 -1.1209060057192828e-07
44 44 1.7422653153741080e-04
44 52 -6.5903844514196984e-08
45 1 -8.4725131445175197e-08
45 45 1.9159408676713816e-04
45 51 -9.9826329583675620e-08
45 64 -7.7835075813544218e-08
46 9 -9.8278232664703225e-08
46 21 -9.6931217256832780e-08
46 46 1.6647382835097634e-04
46 66 -7.0136800227023137e-08
47 8 -6.6760322685679894e-08
47 15 -9.9957466004745128e-08
47 47 1.7305482469672125e-04
47 50 -9.8856979121117585e-08
48 9 -6.6735254016261686e-08
48 15 -1.0135242896336340e-07
48 48 1.8200275475186754e-04
48 51 -1.0123752610723136e-07
49 8 -9.5265565069545704e-08
49 31 -9.5022823031674383e-08
49 49 1.6715451180137537e-04
49 65 -7.4063908420005699e-08
50 47 -9.8856979121117585e-08
50 50 1.6972768434624118e-04
50 64 -1.1185084379505079e-07
50 65 -7.1626296474010527e-08
51 45 -9.9826329583675620e-08
51 48 -1.0123752610723136e-07
51 51 1.7317179866612500e-04
51 66 -7.1546061007142467e-08
52 29 -1.1016383823017790e-07
52 44 -6.5903844514196984e-08
52 52 1.5805016793783534e-04
52 60 -8.7762271947073725e-08
53 27 -9.7973636667530907e-08
53 38 -6.8058730678025271e-08
53 53 1.4719361730171441e-04
53 61 -7.8087038307319827e-08
54 26 -1.1394775811373062e-07
54 37 -6.3674201650714896e-08
54 54 1.6686741197469553e-04
54 62 -8.7276381361132390e-08
55 28 -1.1324641066180945e-07
55 39 -6.5244871947129592e-08
55 55 1.6070640995503407e-04
55 63 -8.7696004478042427e-08
56 16 -1.1284549758301174e-07
56 42 -6.5780568675556163e-08
56 56 1.5732364884307482e-04
56 61 -8.3808774776572121e-08
57 17 -1.0030578398816410e-07
57 41 -6.7786731853062830e-08
57 57 1.4739988946116229e-04
57 62 -7.5533401012398820e-08
58 18 -1.0110716454507127e-07
58 40 -6.8031875921959397e-08
58 58 1.4720532674431446e-04
58 63 -7.4913674906019118e-08
59 22 -1.0290980956618313e-07
59 43 -6.9251036710145092e-08
59 59 1.4152792475619920e-04
59 60 -7.4862826181598084e-08
60 7 -9.7928860166267827e-08
60 52 -8.7762271947073725e-08
60 59 -7.4862826181598084e-08
60 60 1.5250898876792773e-04
61 5 -9.5792397200958341e-08
61 53 -7.8087038307319827e-08
61 56 -8.3808774776572121e-08
61 61 1.5385412883525302e-04
62 3 -9.2051611557396517e-08
62 54 -8.7276381361132390e-08
62 57 -7.5533401012398820e-08
62 62 1.5447076884903167e-04
63 6 -9.5888012031941277e-08
63 55 -8.7696004478042427e-08
63 58 -7.4913674906019118e-08
63 63 1.5047301075452702e-04
64 4 -7.2444160462788397e-08
64 45 -7.7835075813544218e-08
64 50 -1.1185084379505079e-07
64 64 1.7004791967922556e-04
65 35 -1.0213834248141043e-07
65 49 -7.4063908420005699e-08
65 50 -7.1626296474010527e-08
65 65 1.4177146046489035e-04
66 36 -1.0787390447957399e-07
66 46 -7.0136800227023137e-08
66 51 -7.1546061007142467e-08
66 66 1.4252914716197923e-04
