%%MatrixMarket matrix coordinate real general
66 66 244
1 1 5.6651370011919348e-05
1 2 -1.3198565191128824e-05
1 7 -9.6383561250712896e-06
1 45 -9.3259217100582286e-06
2 1 -1.3198565191128824e-05
2 2 5.2049578626270313e-05
2 25 -8.0893206996923321e-06
2 34 -9.2302872196940849e-06
3 3 5.6570091340311951e-05
3 8 -1.3907414678933275e-05
3 20 -1.0287917638232250e-05
3 62 -1.1741682337038252e-05
4 4 5.0212509075748027e-05
4 6 -1.1335760221487745e-05
4 25 -1.1526260455093419e-05
4 64 -8.0847599111445886e-06
5 5 5.3390072657256949e-05
5 9 -1.2426784762381793e-05
5 30 -9.7668976575158082e-06
5 61 -1.0709504690088991e-05
6 4 -1.1335760221487745e-05
6 6 4.9343085383528520e-05
6 35 -9.2144746058879494e-06
6 63 -1.0615498029135892e-05
7 1 -9.6383561250712896e-06
7 7 4.8036377898407491e-05
7 36 -8.3623301540171392e-06
7 60 -1.0260146286982221e-05
8 3 -1.3907414678933275e-05
8 8 5.2006989115301183e-05
8 47 -8.2546441040069885e-06
8 49 -1.1599196402593160e-05
9 5 -1.2426784762381793e-05
9 9 4.8985239933412676e-05
9 46 -1.0933745019630097e-05
9 48 -7.4545185863590545e-06
10 10 5.5199269615806099e-05
10 19 -8.4516749956644202e-06
10 21 -9.0215075448044943e-06
11 11 5.1526424183123191e-05
11 23 -8.6687802044307761e-06
11 32 -8.8848257725491543e-06
12 12 5.0968965113808652e-05
12 24 -8.3012704923775088e-06
12 31 -8.9460249333304471e-06
13 13 5.1306317422762811e-05
13 15 -1.0674983319197902e-05
13 20 -1.0634559224474721e-05
13 30 -1.0190516553813928e-05
14 14 5.3458305524800062e-05
14 33 -7.4837969201779609e-06
14 34 -7.8585194170311046e-06
15 13 -1.0674983319197902e-05
15 15 5.7018526207057096e-05
15 47 -1.1731817213859275e-05
15 48 -1.1902475895841955e-05
16 16 5.7631970466221860e-05
16 21 -9.1164597176604784e-06
16 56 -1.1256963710233402e-05
17 17 5.7033078194567521e-05
17 23 -9.4432228416727108e-06
17 57 -1.1034676465318804e-05
18 18 4.9896161079547607e-05
18 24 -8.5717647765752742e-06
18 58 -9.5696394802504345e-06
19 10 -8.4516749956644202e-06
19 19 4.5453688213912488e-05
19 22 -9.1613402241242259e-06
19 36 -9.1676942140771460e-06
20 3 -1.0287917638232250e-05
20 13 -1.0634559224474721e-05
20 20 5.2547556172008212e-05
20 23 -1.1908699833433639e-05
21 10 -9.0215075448044943e-06
21 16 -9.1164597176604784e-06
21 21 4.8810781911396418e-05
21 46 -1.0176352864319340e-05
22 19 -9.1613402241242259e-06
22 22 5.7849778952040045e-05
22 59 -1.0372582827244162e-05
23 11 -8.6687802044307761e-06
23 17 -9.4432228416727108e-06
23 20 -1.1908699833433639e-05
23 23 5.1241801889419706e-05
24 12 -8.3012704923775088e-06
24 18 -8.5717647765752742e-06
24 24 4.6874695510209808e-05
24 35 -1.0824048946215509e-05
25 2 -8.0893206996923321e-06
25 4 -1.1526260455093419e-05
25 25 4.7447312167708114e-05
25 33 -9.0711756494779118e-06
26 26 5.9151507051388612e-05
26 31 -9.8263644733402758e-06
26 54 -1.2574634931472440e-05
27 27 4.8837879269067169e-05
27 32 -7.7948527087825768e-06
27 53 -9.2651967425413905e-06
28 28 5.8176661871813582e-05
28 33 -9.7108320111063276e-06
28 55 -1.1328986297838085e-05
29 29 5.8483950523351749e-05
29 34 -9.0002300708694182e-06
29 52 -1.1123922798197453e-05
30 5 -9.7668976575158082e-06
30 13 -1.0190516553813928e-05
30 30 5.0330148366973649e-05
30 32 -1.1276282163503735e-05
31 12 -8.9460249333304471e-06
31 26 -9.8263644733402758e-06
31 31 5.3586483850052497e-05
31 49 -1.2182284369039470e-05
32 11 -8.8848257725491543e-06
32 27 -7.7948527087825768e-06
32 30 -1.1276282163503735e-05
32 32 4.7341457344044166e-05
33 14 -7.4837969201779609e-06
33 25 -9.0711756494779118e-06
33 28 -9.7108320111063276e-06
33 33 4.2861443923302159e-05
34 2 -9.2302872196940849e-06
34 14 -7.8585194170311046e-06
34 29 -9.0002300708694182e-06
34 34 4.3386444183046973e-05
35 6 -9.2144746058879494e-06
35 24 -1.0824048946215509e-05
35 35 4.9940489697361274e-05
35 65 -1.2168136546406986e-05
36 7 -8.3623301540171392e-06
36 19 -9.1676942140771460e-06
36 36 4.7531497802353500e-05
36 66 -1.1500646197704306e-05
37 37 6.0413003850437797e-05
37 41 -1.3023825498161237e-05
37 54 -7.6504080881096300e-06
38 38 4.4178956839296966e-05
38 42 -9.2685936329032271e-06
38 53 -5.9159813851767964e-06
39 39 4.2081424119573404e-05
39 40 -9.2640860784234653e-06
39 55 -6.1247914641088790e-06
40 39 -9.2640860784234653e-06
40 40 4.4162512345099406e-05
40 58 -5.9141097809567171e-06
41 37 -1.3023825498161237e-05
41 41 6.1042087157639439e-05
41 57 -8.1661164750544610e-06
42 38 -9.2685936329032271e-06
42 42 4.2148700516546521e-05
42 56 -6.1563482383959410e-06
43 43 5.5503675750484039e-05
43 44 -1.1193600846015736e-05
43 59 -6.9905642119736190e-06
44 43 -1.1193600846015736e-05
44 44 5.5168883889639551e-05
44 52 -6.6645150616397307e-06
45 1 -9.3259217100582286e-06
45 45 4.8496230559896117e-05
45 51 -1.1009760578383088e-05
45 64 -8.7084958184296181e-06
46 9 -1.0933745019630097e-05
46 21 -1.0176352864319340e-05
46 46 4.4646439962618237e-05
46 66 -7.3479114331715443e-06
47 8 -8.2546441040069885e-06
47 15 -1.1731817213859275e-05
47 47 4.9451212556324292e-05
47 50 -1.1593626363983288e-05
48 9 -7.4545185863590545e-06
48 15 -1.1902475895841955e-05
48 48 4.9060015847389300e-05
48 51 -1.1328430353832425e-05
49 8 -1.1599196402593160e-05
49 31 -1.2182284369039470e-05
49 49 4.9995125449949546e-05
49 65 -9.0176172915220959e-06
50 47 -1.1593626363983288e-05
50 50 5.0693458054150745e-05
50 64 -1.2991800442183109e-05
50 65 -8.5746563975524378e-06
51 45 -1.1009760578383088e-05
51 48 -1.1328430353832425e-05
51 51 4.7692353608060967e-05
51 66 -7.8986064516308124e-06
52 29 -1.1123922798197453e-05
52 44 -6.6645150616397307e-06
52 52 4.2450051081487485e-05
52 60 -8.9211995585380511e-06
53 27 -9.2651967425413905e-06
53 38 -5.9159813851767964e-06
53 53 3.6451084236044227e-05
53 61 -8.3721883017533510e-06
54 26 -1.2574634931472440e-05
54 37 -7.6504080881096300e-06
54 54 4.9603590003158017e-05
54 62 -1.1491395570108325e-05
55 28 -1.1328986297838085e-05
55 39 -6.1247914641088790e-06
55 55 4.1505654960659292e-05
55 63 -9.2805222755858342e-06
56 16 -1.1256963710233402e-05
56 42 -6.1563482383959410e-06
56 56 4.0660484688999053e-05
56 61 -8.9441757751748917e-06
57 17 -1.1034676465318804e-05
57 41 -8.1661164750544610e-06
57 57 4.5009841024173347e-05
57 62 -9.9736041738778864e-06
58 18 -9.5696394802504345e-06
58 40 -5.9141097809567171e-06
58 58 3.6312401638056527e-05
58 63 -8.0359744550063087e-06
59 22 -1.0372582827244162e-05
59 43 -6.9905642119736190e-06
59 59 3.9038994170248175e-05
59 60 -7.6085945798867641e-06
60 7 -1.0260146286982221e-05
60 52 -8.9211995585380511e-06
60 59 -7.6085945798867641e-06
60 60 4.1847721939605205e-05
61 5 -1.0709504690088991e-05
61 53 -8.3721883017533510e-06
61 56 -8.9441757751748917e-06
61 61 4.2570398428166247e-05
62 3 -1.1741682337038252e-05
62 54 -1.1491395570108325e-05
62 57 -9.9736041738778864e-06
62 62 4.9407341602297755e-05
63 6 -1.0615498029135892e-05
63 55 -9.2805222755858342e-06
63 58 -8.0359744550063087e-06
63 63 4.2014113365618496e-05
64 4 -8.0847599111445886e-06
64 45 -8.7084958184296181e-06
64 50 -1.2991800442183109e-05
64 64 4.6934721492002463e-05
65 35 -1.2168136546406986e-05
65 49 -9.0176172915220959e-06
65 50 -8.5746563975524378e-06
65 65 4.4523639669046634e-05
66 36 -1.1500646197704306e-05
66 46 -7.3479114331715443e-06
66 51 -7.8986064516308124e-06
66 66 4.1032898846020254e-05
