%%MatrixMarket matrix coordinate real general
66 66 244
1 1 5.7888337363426663e-05
1 2 -1.3463716325805856e-05
1 7 -9.8331999774231950e-06
1 45 -9.5210109759425949e-06
2 1 -1.3463716325805856e-05
2 2 5.2967480709155752e-05
2 25 -8.3929381821234673e-06
2 34 -9.3400413641989639e-06
3 3 5.7486616894663294e-05
3 8 -1.4110501514055244e-05
3 20 -1.0450337865637076e-05
3 62 -1.1915365904898500e-05
4 4 5.1932275980775237e-05
4 6 -1.1822091444600235e-05
4 25 -1.1879440142856104e-05
4 64 -8.3557688954390062e-06
5 5 5.5465802998779414e-05
5 9 -1.2914356029572588e-05
5 30 -1.0157125403812552e-05
5 61 -1.1194009772542354e-05
6 4 -1.1822091444600235e-05
6 6 5.1687508741211893e-05
6 35 -9.6210360092186391e-06
6 63 -1.1143059835638570e-05
7 1 -9.8331999774231950e-06
7 7 4.8703470757370237e-05
7 36 -8.5027133570277344e-06
7 60 -1.0372469220315756e-05
8 3 -1.4110501514055244e-05
8 8 5.2888471317300034e-05
8 47 -8.3636291009167014e-06
8 49 -1.1931539390284223e-05
9 5 -1.2914356029572588e-05
9 9 5.0572527471519550e-05
9 46 -1.1247095405130428e-05
9 48 -7.7090351937408831e-06
10 10 5.6388902135804600e-05
10 19 -8.5926583110160072e-06
10 21 -9.2837370762307173e-06
11 11 6.1401769614116011e-05
11 23 -1.0143397815893330e-05
11 32 -1.0446663155543306e-05
12 12 6.0827014388900497e-05
12 24 -9.7783100100328002e-06
12 31 -1.0476839130009403e-05
13 13 5.2618195714296654e-05
13 15 -1.0925728584741463e-05
13 20 -1.0870383316299099e-05
13 30 -1.0453021683512793e-05
14 14 5.4748876772863749e-05
14 33 -7.6911568562763974e-06
14 34 -8.0307194921927085e-06
15 13 -1.0925728584741463e-05
15 15 5.8368462878169341e-05
15 47 -1.2062115362176877e-05
15 48 -1.2156616016519298e-05
16 16 6.0769620673503364e-05
16 21 -9.4237533513174935e-06
16 56 -1.2138473774662310e-05
17 17 6.5845278655177902e-05
17 23 -1.0729248962746262e-05
17 57 -1.2566262537339245e-05
18 18 6.0073643359253308e-05
18 24 -1.0166046172894667e-05
18 58 -1.1510235793489494e-05
19 10 -8.5926583110160072e-06
19 19 4.6208752663342027e-05
19 22 -9.2957201149364327e-06
19 36 -9.3308522427762151e-06
20 3 -1.0450337865637076e-05
20 13 -1.0870383316299099e-05
20 20 5.3558339853610861e-05
20 23 -1.1994116144504315e-05
21 10 -9.2837370762307173e-06
21 16 -9.4237533513174935e-06
21 21 5.0476893569049248e-05
21 46 -1.0605583205955549e-05
22 19 -9.2957201149364327e-06
22 22 5.8323462872154394e-05
22 59 -1.0433206267998506e-05
23 11 -1.0143397815893330e-05
23 17 -1.0729248962746262e-05
23 20 -1.1994116144504315e-05
23 23 5.4018947540715809e-05
24 12 -9.7783100100328002e-06
24 18 -1.0166046172894667e-05
24 24 5.1646973847813961e-05
24 35 -1.1364246376772924e-05
25 2 -8.3929381821234673e-06
25 4 -1.1879440142856104e-05
25 25 4.9326978497149512e-05
25 33 -9.4409586210048802e-06
26 26 6.8044393852829203e-05
26 31 -1.1133191155737295e-05
26 54 -1.4267695302345236e-05
27 27 5.8751572225800801e-05
27 32 -9.2280050879757819e-06
27 53 -1.1134561463074188e-05
28 28 6.1264315983262750e-05
28 33 -1.0022870464867988e-05
28 55 -1.2184009919700595e-05
29 29 5.9004778940353279e-05
29 34 -9.1742216544876049e-06
29 52 -1.1184846119942667e-05
30 5 -1.0157125403812552e-05
30 13 -1.0453021683512793e-05
30 30 5.2411449972020904e-05
30 32 -1.1814969744030131e-05
31 12 -1.0476839130009403e-05
31 26 -1.1133191155737295e-05
31 31 5.6759072792530958e-05
31 49 -1.2305970316119779e-05
32 11 -1.0446663155543306e-05
32 27 -9.2280050879757819e-06
32 30 -1.1814969744030131e-05
32 32 5.2005893776466548e-05
33 14 -7.6911568562763974e-06
33 25 -9.4409586210048802e-06
33 28 -1.0022870464867988e-05
33 33 4.4252267951407830e-05
34 2 -9.3400413641989639e-06
34 14 -8.0307194921927085e-06
34 29 -9.1742216544876049e-06
34 34 4.4239807361612584e-05
35 6 -9.6210360092186391e-06
35 24 -1.1364246376772924e-05
35 35 5.1907116929962474e-05
35 65 -1.2479493094191399e-05
36 7 -8.5027133570277344e-06
36 19 -9.3308522427762151e-06
36 36 4.8467803440708476e-05
36 66 -1.1777511467568354e-05
37 37 6.6299027445417246e-05
37 41 -1.4240598289157495e-05
37 54 -8.2839923477580878e-06
38 38 5.0259627897478567e-05
38 42 -1.0821505263521752e-05
38 53 -6.7073786473345760e-06
39 39 5.2501942061456626e-05
39 40 -1.0815445458189555e-05
39 55 -6.8884682572918813e-06
40 39 -1.0815445458189555e-05
40 40 5.0227802600323711e-05
40 58 -6.7016350169900361e-06
41 37 -1.4240598289157495e-05
41 41 6.6897551327766352e-05
41 57 -8.8354159854161515e-06
42 38 -1.0821505263521752e-05
42 42 5.2578408060833743e-05
42 56 -6.9429182815199603e-06
43 43 5.5643789998290664e-05
43 44 -1.1220145136444203e-05
43 59 -7.0260731221832785e-06
44 43 -1.1220145136444203e-05
44 44 5.5314967566402798e-05
44 52 -6.6961988391386111e-06
45 1 -9.5210109759425949e-06
45 45 4.9662808571632433e-05
45 51 -1.1248791759839671e-05
45 64 -8.9914778754445082e-06
46 9 -1.1247095405130428e-05
46 21 -1.0605583205955549e-05
46 46 4.6460940074930171e-05
46 66 -7.6528956245292391e-06
47 8 -8.3636291009167014e-06
47 15 -1.2062115362176877e-05
47 47 5.0651461184493616e-05
47 50 -1.1930648133892235e-05
48 9 -7.7090351937408831e-06
48 15 -1.2156616016519298e-05
48 48 5.0476006564266948e-05
48 51 -1.1710364775478511e-05
49 8 -1.1931539390284223e-05
49 31 -1.2305970316119779e-05
49 49 5.1225007715187286e-05
49 65 -9.2899754050241714e-06
50 47 -1.1930648133892235e-05
50 50 5.1893200157167695e-05
50 64 -1.3336650213079800e-05
50 65 -8.7747690365135588e-06
51 45 -1.1248791759839671e-05
51 48 -1.1710364775478511e-05
51 51 4.8916768932479312e-05
51 66 -8.0762055939391378e-06
52 29 -1.1184846119942667e-05
52 44 -6.6961988391386111e-06
52 52 4.2754611915536095e-05
52 60 -9.0428180849875134e-06
53 27 -1.1134561463074188e-05
53 38 -6.7073786473345760e-06
53 53 4.2579072427847845e-05
53 61 -9.5947818919416191e-06
54 26 -1.4267695302345236e-05
54 37 -8.2839923477580878e-06
54 54 5.1822174487347781e-05
54 62 -1.1469761269823265e-05
55 28 -1.2184009919700595e-05
55 39 -6.8884682572918813e-06
55 55 4.5216860944415215e-05
55 63 -1.0045216337375859e-05
56 16 -1.2138473774662310e-05
56 42 -6.9429182815199603e-06
56 56 4.4285147352337756e-05
56 61 -9.6498115475569834e-06
57 17 -1.2566262537339245e-05
57 41 -8.8354159854161515e-06
57 57 4.6936892840367651e-05
57 62 -9.9466707456996772e-06
58 18 -1.1510235793489494e-05
58 40 -6.7016350169900361e-06
58 58 4.2399400513237388e-05
58 63 -9.1995256363347779e-06
59 22 -1.0433206267998506e-05
59 43 -7.0260731221832785e-06
59 59 3.9326682564065167e-05
59 60 -7.7135133745660657e-06
60 7 -1.0372469220315756e-05
60 52 -9.0428180849875134e-06
60 59 -7.7135133745660657e-06
60 60 4.2428180858637211e-05
61 5 -1.1194009772542354e-05
61 53 -9.5947818919416191e-06
61 56 -9.6498115475569834e-06
61 61 4.6200338187355837e-05
62 3 -1.1915365904898500e-05
62 54 -1.1469761269823265e-05
62 57 -9.9466707456996772e-06
62 62 4.9822037783152975e-05
63 6 -1.1143059835638570e-05
63 55 -1.0045216337375859e-05
63 58 -9.1995256363347779e-06
63 63 4.5720037858136618e-05
64 4 -8.3557688954390062e-06
64 45 -8.9914778754445082e-06
64 50 -1.3336650213079800e-05
64 64 4.8491996312018571e-05
65 35 -1.2479493094191399e-05
65 49 -9.2899754050241714e-06
65 50 -8.7747690365135588e-06
65 65 4.5551147562807322e-05
66 36 -1.1777511467568354e-05
66 46 -7.6528956245292391e-06
66 51 -8.0762055939391378e-06
66 66 4.2180433406473070e-05
