%%MatrixMarket matrix coordinate real general
66 66 244
1 1 5.7832572162549251e-05
1 2 -1.3452306643344356e-05
1 7 -9.8247978522479763e-06
1 45 -9.5123915541926587e-06
2 1 -1.3452306643344356e-05
2 2 5.2927065936196156e-05
2 25 -8.3794216698080545e-06
2 34 -9.3353199946859456e-06
3 3 5.7450128778277613e-05
3 8 -1.4101825724384953e-05
3 20 -1.0443571664799360e-05
3 62 -1.1909389571517048e-05
4 4 5.1856602459816016e-05
4 6 -1.1799967644953732e-05
4 25 -1.1863670521868126e-05
4 64 -8.3439904809938588e-06
5 5 5.5362516255264439e-05
5 9 -1.2892229855535175e-05
5 30 -1.0139449788166091e-05
5 61 -1.1171979834674022e-05
6 4 -1.1799967644953732e-05
6 6 5.1578438439225992e-05
6 35 -9.6026419769458351e-06
6 63 -1.1118936530677537e-05
7 1 -9.8247978522479763e-06
7 7 4.8674732913725676e-05
7 36 -8.4967238918298541e-06
7 60 -1.0367596404868962e-05
8 3 -1.4101825724384953e-05
8 8 5.2849975266799477e-05
8 47 -8.3586236944925502e-06
8 49 -1.1918542321104555e-05
9 5 -1.2892229855535175e-05
9 9 5.0500215029898443e-05
9 46 -1.1233008167646427e-05
9 48 -7.6981083761231916e-06
10 10 5.6339900566883555e-05
10 19 -8.5867435797127555e-06
10 21 -9.2724968716852809e-06
11 11 6.0693442554864876e-05
11 23 -1.0041137301868332e-05
11 32 -1.0340787525541591e-05
12 12 6.0113332517971896e-05
12 24 -9.6766304256574072e-06
12 31 -1.0369054852923487e-05
13 13 5.2560503080722058e-05
13 15 -1.0914791898105546e-05
13 20 -1.0861087597589155e-05
13 30 -1.0441648380407902e-05
14 14 5.4695963389438554e-05
14 33 -7.6822989046946699e-06
14 34 -8.0233954791149571e-06
15 13 -1.0914791898105546e-05
15 15 5.8309329489774806e-05
15 47 -1.2048412973273122e-05
15 48 -1.2145234870574619e-05
16 16 6.0634777726184217e-05
16 21 -9.4108678052447595e-06
16 56 -1.2094204144626472e-05
17 17 6.5325534200525885e-05
17 23 -1.0656105850024064e-05
17 57 -1.2478613560311414e-05
18 18 5.9173062359968180e-05
18 24 -1.0030983535905858e-05
18 58 -1.1351551182025511e-05
19 10 -8.5867435797127555e-06
19 19 4.6176686579738876e-05
19 22 -9.2900510052894009e-06
19 36 -9.3238882487199843e-06
20 3 -1.0443571664799360e-05
20 13 -1.0861087597589155e-05
20 20 5.3522275507294089e-05
20 23 -1.1993309560748895e-05
21 10 -9.2724968716852809e-06
21 16 -9.4108678052447595e-06
21 21 5.0404828910471424e-05
21 46 -1.0586498354557333e-05
22 19 -9.2900510052894009e-06
22 22 5.8304563966882014e-05
22 59 -1.0430739430781387e-05
23 11 -1.0041137301868332e-05
23 17 -1.0656105850024064e-05
23 20 -1.1993309560748895e-05
23 23 5.3844443115051089e-05
24 12 -9.6766304256574072e-06
24 18 -1.0030983535905858e-05
24 24 5.1389742468577998e-05
24 35 -1.1356206545150105e-05
25 2 -8.3794216698080545e-06
25 4 -1.1863670521868126e-05
25 25 4.9247868048994106e-05
25 33 -9.4245540191080218e-06
26 26 6.7525662864312391e-05
26 31 -1.1060175797103428e-05
26 54 -1.4172394360933706e-05
27 27 5.7868954889019000e-05
27 32 -9.1039010003176378e-06
27 53 -1.0978934757849779e-05
28 28 6.1131646847443076e-05
28 33 -1.0009831427307847e-05
28 55 -1.2141920123411961e-05
29 29 5.8984049671540037e-05
29 34 -9.1668028170674683e-06
29 52 -1.1182365650348022e-05
30 5 -1.0139449788166091e-05
30 13 -1.0441648380407902e-05
30 30 5.2334910299973283e-05
30 32 -1.1807052572778498e-05
31 12 -1.0369054852923487e-05
31 26 -1.1060175797103428e-05
31 31 5.6576157773806933e-05
31 49 -1.2304197067170931e-05
32 11 -1.0340787525541591e-05
32 27 -9.1039010003176378e-06
32 30 -1.1807052572778498e-05
32 32 5.1755989219048318e-05
33 14 -7.6822989046946699e-06
33 25 -9.4245540191080218e-06
33 28 -1.0009831427307847e-05
33 33 4.4192351920300708e-05
34 2 -9.3353199946859456e-06
34 14 -8.0233954791149571e-06
34 29 -9.1668028170674683e-06
34 34 4.4203037918454330e-05
35 6 -9.6026419769458351e-06
35 24 -1.1356206545150105e-05
35 35 5.1831632002731276e-05
35 65 -1.2465556906043145e-05
36 7 -8.4967238918298541e-06
36 19 -9.3238882487199843e-06
36 36 4.8425859311989239e-05
36 66 -1.1765525292048540e-05
37 37 6.6020445432634999e-05
37 41 -1.4184149727875843e-05
37 54 -8.2541956341477883e-06
38 38 4.9421322060972739e-05
38 42 -1.0631484370475363e-05
38 53 -6.6057537888155614e-06
39 39 5.1609447885276745e-05
39 40 -1.0625506229950566e-05
39 55 -6.8446652480533877e-06
40 39 -1.0625506229950566e-05
40 40 4.9391330541922719e-05
40 58 -6.6002489308639560e-06
41 37 -1.4184149727875843e-05
41 41 6.6622368770739274e-05
41 57 -8.8041821576291793e-06
42 38 -1.0631484370475363e-05
42 42 5.1684847880039543e-05
42 56 -6.8973004041606493e-06
43 43 5.5638081210191117e-05
43 44 -1.1219068192686690e-05
43 59 -7.0246151114169265e-06
44 43 -1.1219068192686690e-05
44 44 5.5309007711025566e-05
44 52 -6.6948900542971059e-06
45 1 -9.5123915541926587e-06
45 45 4.9611921243276918e-05
45 51 -1.1238246825935684e-05
45 64 -8.9791688488258173e-06
46 9 -1.1233008167646427e-05
46 21 -1.0586498354557333e-05
46 46 4.6375549247797839e-05
46 66 -7.6393163434561530e-06
47 8 -8.3586236944925502e-06
47 15 -1.2048412973273122e-05
47 47 5.0591198099350011e-05
47 50 -1.1916709164389900e-05
48 9 -7.6981083761231916e-06
48 15 -1.2145234870574619e-05
48 48 5.0404914091117402e-05
48 51 -1.1693971373901442e-05
49 8 -1.1918542321104555e-05
49 31 -1.2304197067170931e-05
49 49 5.1309553681895206e-05
49 65 -9.2793371460122990e-06
50 47 -1.1916709164389900e-05
50 50 5.1832651516719400e-05
50 64 -1.3321483532010797e-05
50 65 -8.7657493009563767e-06
51 45 -1.1238246825935684e-05
51 48 -1.1693971373901442e-05
51 51 4.8864145469795808e-05
51 66 -8.0683888529187092e-06
52 29 -1.1182365650348022e-05
52 44 -6.6948900542971059e-06
52 52 4.2741685614580676e-05
52 60 -9.0376571997769632e-06
53 27 -1.0978934757849779e-05
53 38 -6.6057537888155614e-06
53 53 4.2240102359561482e-05
53 61 -9.5653367452102593e-06
54 26 -1.4172394360933706e-05
54 37 -8.2541956341477883e-06
54 54 5.1698118245537431e-05
54 62 -1.1469602787041437e-05
55 28 -1.2141920123411961e-05
55 39 -6.8446652480533877e-06
55 55 4.5030008008615304e-05
55 63 -1.0007308068063395e-05
56 16 -1.2094204144626472e-05
56 42 -6.8973004041606493e-06
56 56 4.4099233774497738e-05
56 61 -9.6151298689683170e-06
57 17 -1.2478613560311414e-05
57 41 -8.8041821576291793e-06
57 57 4.6819410330030560e-05
57 62 -9.9468699783930137e-06
58 18 -1.1351551182025511e-05
58 40 -6.6002489308639560e-06
58 58 4.2060191390698788e-05
58 63 -9.1716467350722775e-06
59 22 -1.0430739430781387e-05
59 43 -7.0246151114169265e-06
59 59 3.9314439839060718e-05
59 60 -7.7090623023527217e-06
60 7 -1.0367596404868962e-05
60 52 -9.0376571997769632e-06
60 59 -7.7090623023527217e-06
60 60 4.2403282387954410e-05
61 5 -1.1171979834674022e-05
61 53 -9.5653367452102593e-06
61 56 -9.6151298689683170e-06
61 61 4.6051035179833178e-05
62 3 -1.1909389571517048e-05
62 54 -1.1469602787041437e-05
62 57 -9.9468699783930137e-06
62 62 4.9805243481744981e-05
63 6 -1.1118936530677537e-05
63 55 -1.0007308068063395e-05
63 58 -9.1716467350722775e-06
63 63 4.5561545379184393e-05
64 4 -8.3439904809938588e-06
64 45 -8.9791688488258173e-06
64 50 -1.3321483532010797e-05
64 64 4.8422426246016922e-05
65 35 -1.2465556906043145e-05
65 49 -9.2793371460122990e-06
65 50 -8.7657493009563767e-06
65 65 4.5498484181206654e-05
66 36 -1.1765525292048540e-05
66 46 -7.6393163434561530e-06
66 51 -8.0683888529187092e-06
66 66 4.2128338339393070e-05
