%%MatrixMarket matrix coordinate real general
66 66 244
1 1 5.8160836319596812e-05
1 2 -1.3522455510035822e-05
1 7 -9.8764676494962420e-06
1 45 -9.5659175679622464e-06
2 1 -1.3522455510035822e-05
2 2 5.3176431083939718e-05
2 25 -8.4618253861508172e-06
2 34 -9.3654107365098276e-06
3 3 5.7670120472344098e-05
3 8 -1.4154108889351627e-05
3 20 -1.0484091275670190e-05
3 62 -1.1943762716681805e-05
4 4 5.2332456356685202e-05
4 6 -1.1936919139426359e-05
4 25 -1.1962045041661314e-05
4 64 -8.4154465632904827e-06
5 5 5.6002218535490041e-05
5 9 -1.3029292697087074e-05
5 30 -1.0245391532814882e-05
5 61 -1.1307256571982917e-05
6 4 -1.1936919139426359e-05
6 6 5.2244764559508582e-05
6 35 -9.7128007642021794e-06
6 63 -1.1266951473953994e-05
7 1 -9.8764676494962420e-06
7 7 4.8853556417883693e-05
7 36 -8.5335271978283762e-06
7 60 -1.0398156507261370e-05
8 3 -1.4154108889351627e-05
8 8 5.3083759883695511e-05
8 47 -8.3896503832754767e-06
8 49 -1.1994816492645829e-05
9 5 -1.3029292697087074e-05
9 9 5.0949286989745583e-05
9 46 -1.1321289003157774e-05
9 48 -7.7641191440563987e-06
10 10 5.6645987755462171e-05
10 19 -8.6222914824931441e-06
10 21 -9.3413931228439526e-06
11 11 6.5470579318199906e-05
11 23 -1.0729067597200015e-05
11 32 -1.1051584743119070e-05
12 12 6.4995130789232265e-05
12 24 -1.0363484295247684e-05
12 31 -1.1098770125580457e-05
13 13 5.2899543459274513e-05
13 15 -1.0981408005644912e-05
13 20 -1.0915928131896709e-05
13 30 -1.0510265793792116e-05
14 14 5.5024071777194147e-05
14 33 -7.7367205802973895e-06
14 34 -8.0673427890859492e-06
15 13 -1.0981408005644912e-05
15 15 5.8679516708237400e-05
15 47 -1.2130898103656545e-05
15 48 -1.2215659077723140e-05
16 16 6.1490215648580653e-05
16 21 -9.4891790458757616e-06
16 56 -1.2375498760760024e-05
17 17 6.8578045444875259e-05
17 23 -1.1114400954697648e-05
17 57 -1.3027382410383405e-05
18 18 6.5890242862524397e-05
18 24 -1.1033040754521517e-05
18 58 -1.2521892658613273e-05
19 10 -8.6222914824931441e-06
19 19 4.6370470310788305e-05
19 22 -9.3242852778884017e-06
19 36 -9.3665956000080048e-06
20 3 -1.0484091275670190e-05
20 13 -1.0915928131896709e-05
20 20 5.3743527239646998e-05
20 23 -1.2004592094430928e-05
21 10 -9.3413931228439526e-06
21 16 -9.4891790458757616e-06
21 21 5.0843529969492181e-05
21 46 -1.0702264139064555e-05
22 19 -9.3242852778884017e-06
22 22 5.8418095461795094e-05
22 59 -1.0445677079061694e-05
23 11 -1.0729067597200015e-05
23 17 -1.1114400954697648e-05
23 20 -1.2004592094430928e-05
23 23 5.5009490255382631e-05
24 12 -1.0363484295247684e-05
24 18 -1.1033040754521517e-05
24 24 5.3202673268593427e-05
24 35 -1.1404420497660871e-05
25 2 -8.4618253861508172e-06
25 4 -1.1962045041661314e-05
25 25 4.9763331511139725e-05
25 33 -9.5241914579153267e-06
26 26 7.0747431650698751e-05
26 31 -1.1515589476330913e-05
26 54 -1.4766411144858467e-05
27 27 6.4602897209762596e-05
27 32 -1.0034537502003476e-05
27 53 -1.2138308590903869e-05
28 28 6.1973339103127588e-05
28 33 -1.0089223126854269e-05
28 55 -1.2409664892463089e-05
29 29 5.9108623971347475e-05
29 34 -9.2114662519651088e-06
29 52 -1.1197487967462760e-05
30 5 -1.0245391532814882e-05
30 13 -1.0510265793792116e-05
30 30 5.2795790085475124e-05
30 32 -1.1854791524482831e-05
31 12 -1.1098770125580457e-05
31 26 -1.1515589476330913e-05
31 31 5.7798464996118383e-05
31 49 -1.2321408753051813e-05
32 11 -1.1051584743119070e-05
32 27 -1.0034537502003476e-05
32 30 -1.1854791524482831e-05
32 32 5.3518623258622295e-05
33 14 -7.7367205802973895e-06
33 25 -9.5241914579153267e-06
33 28 -1.0089223126854269e-05
33 33 4.4557680990092896e-05
34 2 -9.3654107365098276e-06
34 14 -8.0673427890859492e-06
34 29 -9.2114662519651088e-06
34 34 4.4425051165549122e-05
35 6 -9.7128007642021794e-06
35 24 -1.1404420497660871e-05
35 35 5.2309569447513628e-05
35 65 -1.2550370176133817e-05
36 7 -8.5335271978283762e-06
36 19 -9.3665956000080048e-06
36 36 4.8677943547854528e-05
36 66 -1.1839046573247273e-05
37 37 6.7673379362199383e-05
37 41 -1.4516889090711674e-05
37 54 -8.4305341021672943e-06
38 38 5.7748583036108789e-05
38 42 -1.2396085176056464e-05
38 53 -7.6049212185620906e-06
39 39 5.7703280452580497e-05
39 40 -1.2390470208708057e-05
39 55 -7.1041552925393733e-06
40 39 -1.2390470208708057e-05
40 40 5.7716729228109417e-05
40 58 -7.5982741110023196e-06
41 37 -1.4516889090711674e-05
41 41 6.8253615512943767e-05
41 57 -8.9887399431016632e-06
42 38 -1.2396085176056464e-05
42 42 5.7785537868044452e-05
42 56 -7.1681128070077609e-06
43 43 5.5672439759512793e-05
43 44 -1.1225490734937400e-05
43 59 -7.0335247399812086e-06
44 43 -1.1225490734937400e-05
44 44 5.5344855641766645e-05
44 52 -6.7029551138250136e-06
45 1 -9.5659175679622464e-06
45 45 4.9923669412085777e-05
45 51 -1.1303765126961668e-05
45 64 -9.0540115461030528e-06
46 9 -1.1321289003157774e-05
46 21 -1.0702264139064555e-05
46 46 4.6884922231574094e-05
46 66 -7.7217122549400515e-06
47 8 -8.3896503832754767e-06
47 15 -1.2130898103656545e-05
47 47 5.0941851386631767e-05
47 50 -1.2000465811990616e-05
48 9 -7.7641191440563987e-06
48 15 -1.2215659077723140e-05
48 48 5.0833195603704769e-05
48 51 -1.1793117245797794e-05
49 8 -1.1994816492645829e-05
49 31 -1.2321408753051813e-05
49 49 5.1434848713321704e-05
49 65 -9.3415684028710158e-06
50 47 -1.2000465811990616e-05
50 50 5.2206922981296990e-05
50 64 -1.3414178772096231e-05
50 65 -8.8212118719423291e-06
51 45 -1.1303765126961668e-05
51 48 -1.1793117245797794e-05
51 51 4.9197644161484993e-05
51 66 -8.1168646847809792e-06
52 29 -1.1197487967462760e-05
52 44 -6.7029551138250136e-06
52 52 4.2820161749405014e-05
52 60 -9.0687693833776326e-06
53 27 -1.2138308590903869e-05
53 38 -7.6049212185620906e-06
53 53 4.4827402838851411e-05
53 61 -9.7223892114031557e-06
54 26 -1.4766411144858467e-05
54 37 -8.4305341021672943e-06
54 54 5.2310978605366385e-05
54 62 -1.1474079133392856e-05
55 28 -1.2409664892463089e-05
55 39 -7.1041552925393733e-06
55 55 4.6006322110302914e-05
55 63 -1.0242956925084192e-05
56 16 -1.2375498760760024e-05
56 42 -7.1681128070077609e-06
56 56 4.5290558307881489e-05
56 61 -9.8309753245804364e-06
57 17 -1.3027382410383405e-05
57 41 -8.9887399431016632e-06
57 57 4.7554615059579980e-05
57 62 -9.9489974808862075e-06
58 18 -1.2521892658613273e-05
58 40 -7.5982741110023196e-06
58 58 4.4641658976329933e-05
58 63 -9.3213328417106048e-06
59 22 -1.0445677079061694e-05
59 43 -7.0335247399812086e-06
59 59 3.9388435319266274e-05
59 60 -7.7358849956818334e-06
60 7 -1.0398156507261370e-05
60 52 -9.0687693833776326e-06
60 59 -7.7358849956818334e-06
60 60 4.2554289473757721e-05
61 5 -1.1307256571982917e-05
61 53 -9.7223892114031557e-06
61 56 -9.8309753245804364e-06
61 61 4.6951274562312086e-05
62 3 -1.1943762716681805e-05
62 54 -1.1474079133392856e-05
62 57 -9.9489974808862075e-06
62 62 4.9908315554777272e-05
63 6 -1.1266951473953994e-05
63 55 -1.0242956925084192e-05
63 58 -9.3213328417106048e-06
63 63 4.6504110656420646e-05
64 4 -8.4154465632904827e-06
64 45 -9.0540115461030528e-06
64 50 -1.3414178772096231e-05
64 64 4.8795599189151078e-05
65 35 -1.2550370176133817e-05
65 49 -9.3415684028710158e-06
65 50 -8.8212118719423291e-06
65 65 4.5810342779932846e-05
66 36 -1.1839046573247273e-05
66 46 -7.7217122549400515e-06
66 51 -8.1168646847809792e-06
66 66 4.2440922871629831e-05
