%%MatrixMarket matrix coordinate real general
66 66 244
1 1 5.6733736962987543e-05
1 2 -1.3216721484307235e-05
1 7 -9.6516510238476946e-06
1 45 -9.3392058517657767e-06
2 1 -1.3216721484307235e-05
2 2 5.2112932800326549e-05
2 25 -8.1089875793858088e-06
2 34 -9.2381836140171355e-06
3 3 5.6634338561066443e-05
3 8 -1.3921210220120889e-05
3 20 -1.0299161881573409e-05
3 62 -1.1756147302948629e-05
4 4 5.0326700444284882e-05
4 6 -1.1367416474917588e-05
4 25 -1.1549957038679916e-05
4 64 -8.1029465891865271e-06
5 5 5.3539549722824610e-05
5 9 -1.2458681649044123e-05
5 30 -9.7904610616674092e-06
5 61 -1.0741859972597876e-05
6 4 -1.1367416474917588e-05
6 6 4.9494310069780518e-05
6 35 -9.2390126239286824e-06
6 63 -1.0650353848936388e-05
7 1 -9.6516510238476946e-06
7 7 4.8082742752651455e-05
7 36 -8.3720769541519390e-06
7 60 -1.0267976405135633e-05
8 3 -1.3921210220120889e-05
8 8 5.2065607532378684e-05
8 47 -8.2617303779428243e-06
8 49 -1.1622776244739400e-05
9 5 -1.2458681649044123e-05
9 9 4.9089710668918147e-05
9 46 -1.0954665018251825e-05
9 48 -7.4717228690287295e-06
10 10 5.5283875699126527e-05
10 19 -8.4614594936236421e-06
10 21 -9.0396669707145717e-06
11 11 5.1902665267412521e-05
11 23 -8.7276476167487678e-06
11 32 -8.9502754354478335e-06
12 12 5.1347809152508731e-05
12 24 -8.3622120722393833e-06
12 31 -9.0062299601045913e-06
13 13 5.1395947317735064e-05
13 15 -1.0691909451283059e-05
13 20 -1.0651428404082686e-05
13 30 -1.0207996988520409e-05
14 14 5.3547911422597856e-05
14 33 -7.4981987218370570e-06
14 34 -7.8701639523339979e-06
15 13 -1.0691909451283059e-05
15 15 5.7109953348377067e-05
15 47 -1.1754998527396806e-05
15 48 -1.1919359974276176e-05
16 16 5.7843968141188930e-05
16 21 -9.1380889293324272e-06
16 56 -1.1309216340691397e-05
17 17 5.7451573015269622e-05
17 23 -9.5072454298096768e-06
17 57 -1.1109720639430528e-05
18 18 5.0203542817624854e-05
18 24 -8.6230858729443266e-06
18 58 -9.6358174500121893e-06
19 10 -8.4614594936236421e-06
19 19 4.5506978310512510e-05
19 22 -9.1706514095266397e-06
19 36 -9.1790019596883165e-06
20 3 -1.0299161881573409e-05
20 13 -1.0651428404082686e-05
20 20 5.2627746677839678e-05
20 23 -1.1924292757956537e-05
21 10 -9.0396669707145717e-06
21 16 -9.1380889293324272e-06
21 21 4.8924057469598776e-05
21 46 -1.0204113349450705e-05
22 19 -9.1706514095266397e-06
22 22 5.7884121676318249e-05
22 59 -1.0376965818486287e-05
23 11 -8.7276476167487678e-06
23 17 -9.5072454298096768e-06
23 20 -1.1924292757956537e-05
23 23 5.1413816944852469e-05
24 12 -8.3622120722393833e-06
24 18 -8.6230858729443266e-06
24 24 4.7196145591335903e-05
24 35 -1.0886772958264413e-05
25 2 -8.1089875793858088e-06
25 4 -1.1549957038679916e-05
25 25 4.7560544739786047e-05
25 33 -9.0951693791396391e-06
26 26 5.9583658319774157e-05
26 31 -9.8926443989080162e-06
26 54 -1.2658993924347612e-05
27 27 4.9127471473022657e-05
27 32 -7.8396356159519232e-06
27 53 -9.3276535507150694e-06
28 28 5.8385114641557699e-05
28 33 -9.7328789313634029e-06
28 55 -1.1381120000534354e-05
29 29 5.8521780708662788e-05
29 34 -9.0120073228979044e-06
29 52 -1.1128359937385919e-05
30 5 -9.7904610616674092e-06
30 13 -1.0207996988520409e-05
30 30 5.0489727764646436e-05
30 32 -1.1339379479779827e-05
31 12 -9.0062299601045913e-06
31 26 -9.8926443989080162e-06
31 31 5.3775775466324597e-05
31 49 -1.2201877637856917e-05
32 11 -8.9502754354478335e-06
32 27 -7.8396356159519232e-06
32 30 -1.1339379479779827e-05
32 32 4.7654910288311662e-05
33 14 -7.4981987218370570e-06
33 25 -9.0951693791396391e-06
33 28 -9.7328789313634029e-06
33 33 4.2958868017869751e-05
34 2 -9.2381836140171355e-06
34 14 -7.8701639523339979e-06
34 29 -9.0120073228979044e-06
34 34 4.3442106325524193e-05
35 6 -9.2390126239286824e-06
35 24 -1.0886772958264413e-05
35 35 5.0098941298921167e-05
35 65 -1.2188252063887157e-05
36 7 -8.3720769541519390e-06
36 19 -9.1790019596883165e-06
36 36 4.7596825767233953e-05
36 66 -1.1519552351621404e-05
37 37 6.0766326616400755e-05
37 41 -1.3097202733871459e-05
37 54 -7.6882140560407199e-06
38 38 4.4254996129085508e-05
38 42 -9.2924068079913292e-06
38 53 -5.9322174001189803e-06
39 39 4.2329591505308968e-05
39 40 -9.2878687091374933e-06
39 55 -6.1592737342152779e-06
40 39 -9.2878687091374933e-06
40 40 4.4238101700838532e-05
40 58 -5.9302486079496199e-06
41 37 -1.3097202733871459e-05
41 41 6.1394312385089329e-05
41 57 -8.2063689749368813e-06
42 38 -9.2924068079913292e-06
42 42 4.2396786385633069e-05
42 56 -6.1911661686443619e-06
43 43 5.5513739443551124e-05
43 44 -1.1195500954498392e-05
43 59 -6.9931271251472821e-06
44 43 -1.1195500954498392e-05
44 44 5.5179358225022469e-05
44 52 -6.6668083762979965e-06
45 1 -9.3392058517657767e-06
45 45 4.8574514096928364e-05
45 51 -1.1026075193071432e-05
45 64 -8.7274808550754262e-06
46 9 -1.0954665018251825e-05
46 21 -1.0204113349450705e-05
46 46 4.4758854286340596e-05
46 66 -7.3675779779384825e-06
47 8 -8.2617303779428243e-06
47 15 -1.1754998527396806e-05
47 47 4.9458242802177344e-05
47 50 -1.1617326906937241e-05
48 9 -7.4717228690287295e-06
48 15 -1.1919359974276176e-05
48 48 4.9169013431017715e-05
48 51 -1.1354265476686041e-05
49 8 -1.1622776244739400e-05
49 31 -1.2201877637856917e-05
49 49 5.0103915257694339e-05
49 65 -9.0369489692100988e-06
50 47 -1.1617326906937241e-05
50 50 5.0789664853020651e-05
50 64 -1.3014965399702629e-05
50 65 -8.5878187330521267e-06
51 45 -1.1026075193071432e-05
51 48 -1.1354265476686041e-05
51 51 4.7774896702431689e-05
51 66 -7.9107331303910057e-06
52 29 -1.1128359937385919e-05
52 44 -6.6668083762979965e-06
52 52 4.2471476769507683e-05
52 60 -8.9295501986875053e-06
53 27 -9.3276535507150694e-06
53 38 -5.9322174001189803e-06
53 53 3.6800563219009422e-05
53 61 -8.4705407399919511e-06
54 26 -1.2658993924347612e-05
54 37 -7.6882140560407199e-06
54 54 4.9717802726227650e-05
54 62 -1.1489866115291418e-05
55 28 -1.1381120000534354e-05
55 39 -6.1592737342152779e-06
55 55 4.1703966379984624e-05
55 63 -9.3312399470951564e-06
56 16 -1.1309216340691397e-05
56 42 -6.1911661686443619e-06
56 56 4.0863452625031590e-05
56 61 -8.9919624239293588e-06
57 17 -1.1109720639430528e-05
57 41 -8.2063689749368813e-06
57 57 4.5116478649890495e-05
57 62 -9.9718574928704193e-06
58 18 -9.6358174500121893e-06
58 40 -5.9302486079496199e-06
58 58 3.6660339540348953e-05
58 63 -8.1304405648371094e-06
59 22 -1.0376965818486287e-05
59 43 -6.9931271251472821e-06
59 59 3.9058527837893929e-05
59 60 -7.6157957654652098e-06
60 7 -1.0267976405135633e-05
60 52 -8.9295501986875053e-06
60 59 -7.6157957654652098e-06
60 60 4.1886609446784155e-05
61 5 -1.0741859972597876e-05
61 53 -8.4705407399919511e-06
61 56 -8.9919624239293588e-06
61 61 4.2832824618683991e-05
62 3 -1.1756147302948629e-05
62 54 -1.1489866115291418e-05
62 57 -9.9718574928704193e-06
62 62 4.9441898240798951e-05
63 6 -1.0650353848936388e-05
63 55 -9.3312399470951564e-06
63 58 -8.1304405648371094e-06
63 63 4.2278218537912990e-05
64 4 -8.1029465891865271e-06
64 45 -8.7274808550754262e-06
64 50 -1.3014965399702629e-05
64 64 4.7038961971431636e-05
65 35 -1.2188252063887157e-05
65 49 -9.0369489692100988e-06
65 50 -8.5878187330521267e-06
65 65 4.4603540715142318e-05
66 36 -1.1519552351621404e-05
66 46 -7.3675779779384825e-06
66 51 -7.9107331303910057e-06
66 66 4.1110861043232853e-05
