%%MatrixMarket matrix coordinate real general
66 66 244
1 1 2.4602825476384714e-04
1 2 -1.2470458633711476e-07
1 7 -9.1022130055179168e-08
1 45 -8.4725068769106559e-08
2 1 -1.2470458633711476e-07
2 2 2.1309181434289330e-04
2 25 -7.7358714541230859e-08
2 34 -8.7182930956395242e-08
3 3 1.9420522105063599e-04
3 8 -1.1133310500066147e-07
3 20 -8.2533193810616315e-08
3 62 -9.2100591217633480e-08
4 4 1.9103916225950932e-04
4 6 -1.0137824930235119e-07
4 25 -1.0450143946520354e-07
4 64 -7.2445082181874839e-08
5 5 2.0386107869082258e-04
5 9 -1.1020501673356040e-07
5 30 -8.3023351124673977e-08
5 61 -9.5819665694192823e-08
6 4 -1.0137824930235119e-07
6 6 1.8282071146690583e-04
6 35 -7.8953383781755564e-08
6 63 -9.5915204211312705e-08
7 1 -9.1022130055179168e-08
7 7 1.9573879017270693e-04
7 36 -8.0071518930867202e-08
7 60 -9.7928090001555825e-08
8 3 -1.1133310500066147e-07
8 8 1.7140066850670729e-04
8 47 -6.6764482385086870e-08
8 49 -9.5288691175202192e-08
9 5 -1.1020501673356040e-07
9 9 1.8037804448002665e-04
9 46 -9.8279295765390500e-08
9 48 -6.6736119763947318e-08
10 10 1.9606561136541225e-04
10 19 -8.3480752164447283e-08
10 21 -8.8194678419068823e-08
11 11 2.0453026089182851e-04
11 23 -8.4448687307816597e-08
11 32 -8.6841015675528368e-08
12 12 2.0443655357431619e-04
12 24 -8.1599646388883456e-08
12 31 -8.7552487191629963e-08
13 13 1.9111371116707851e-04
13 15 -8.8849397485619858e-08
13 20 -8.6027936055762324e-08
13 30 -8.5234500910793360e-08
14 14 1.5762469604237668e-04
14 33 -7.3401095381315278e-08
14 34 -7.8017010035057754e-08
15 13 -8.8849397485619858e-08
15 15 2.1914634502135416e-04
15 47 -9.9958981434179718e-08
15 48 -1.0135345150118076e-07
16 16 2.2084952359597302e-04
16 21 -8.9746997607774190e-08
16 56 -1.1285801929549960e-07
17 17 2.0769162127018054e-04
17 23 -8.5787235761090024e-08
17 57 -1.0051975862012347e-07
18 18 2.1261917932579590e-04
18 24 -8.9480097003452796e-08
18 58 -1.0130742836836605e-07
19 10 -8.3480752164447283e-08
19 19 1.8916628008912488e-04
19 22 -9.0201279415704469e-08
19 36 -8.7735896568410610e-08
20 3 -8.2533193810616315e-08
20 13 -8.6027936055762324e-08
20 20 1.8911491726723839e-04
20 23 -9.2414851881874946e-08
21 10 -8.8194678419068823e-08
21 16 -8.9746997607774190e-08
21 21 2.0869256919755575e-04
21 46 -9.6930425485621063e-08
22 19 -9.0201279415704469e-08
22 22 2.0176981363594638e-04
22 59 -1.0290729872678650e-07
23 11 -8.4448687307816597e-08
23 17 -8.5787235761090024e-08
23 20 -9.2414851881874946e-08
23 23 1.9806145589475863e-04
24 12 -8.1599646388883456e-08
24 18 -8.9480097003452796e-08
24 24 1.9132701680041748e-04
24 35 -8.9228965040210563e-08
25 2 -7.7358714541230859e-08
25 4 -1.0450143946520354e-07
25 25 1.9183777917390353e-04
25 33 -8.7004672257966854e-08
26 26 2.3563660964677933e-04
26 31 -8.9012383148114010e-08
26 54 -1.1417209756701843e-07
27 27 1.9955809567856077e-04
27 32 -8.1373478919062429e-08
27 53 -9.8169752326150789e-08
28 28 2.1856773096351229e-04
28 33 -9.5902598913830316e-08
28 55 -1.1325877947205743e-07
29 29 2.0871677406300530e-04
29 34 -8.9023970710590181e-08
29 52 -1.1016120626545716e-07
30 5 -8.3023351124673977e-08
30 13 -8.5234500910793360e-08
30 30 1.9040687009610246e-04
30 32 -9.2613017174824258e-08
31 12 -8.7552487191629963e-08
31 26 -8.9012383148114010e-08
31 31 2.1131218630378499e-04
31 49 -9.5111308371149035e-08
32 11 -8.6841015675528368e-08
32 27 -8.1373478919062429e-08
32 30 -9.2613017174824258e-08
32 32 1.9292368325219141e-04
33 14 -7.3401095381315278e-08
33 25 -8.7004672257966854e-08
33 28 -9.5902598913830316e-08
33 33 1.6941297534487962e-04
34 2 -8.7182930956395242e-08
34 14 -7.8017010035057754e-08
34 29 -8.9023970710590181e-08
34 34 1.7632269754370804e-04
35 6 -7.8953383781755564e-08
35 24 -8.9228965040210563e-08
35 35 1.7650161660924261e-04
35 65 -1.0216774909562136e-07
36 7 -8.0071518930867202e-08
36 19 -8.7735896568410610e-08
36 36 1.8623691333853400e-04
36 66 -1.0787347453222152e-07
37 37 1.8645260852248241e-04
37 41 -1.0905825805981819e-07
37 54 -6.3816684242981208e-08
38 38 1.8427321739318940e-04
38 42 -1.1057054097943042e-07
38 53 -6.8184784727419886e-08
39 39 1.7660710865169114e-04
39 40 -1.1057190362523103e-07
39 55 -6.5274749554365352e-08
40 39 -1.1057190362523103e-07
40 40 1.8423687351193277e-04
40 58 -6.8156673781745948e-08
41 37 -1.0905825805981819e-07
41 41 1.8645520394699731e-04
41 57 -6.7947912116012365e-08
42 38 -1.1057054097943042e-07
42 42 1.7661047681113149e-04
42 56 -6.5811043698475667e-08
43 43 1.7428050601376305e-04
43 44 -1.1208750489070241e-07
43 59 -6.9249151331678957e-08
44 43 -1.1208750489070241e-07
44 44 1.7427682912785129e-04
44 52 -6.5902106910669068e-08
45 1 -8.4725068769106559e-08
45 45 1.9159374185293490e-04
45 51 -9.9826346059236158e-08
45 64 -7.7835248931648463e-08
46 9 -9.8279295765390500e-08
46 21 -9.6930425485621063e-08
46 46 1.6647729640243086e-04
46 66 -7.0136664233653390e-08
47 8 -6.6764482385086870e-08
47 15 -9.9958981434179718e-08
47 47 1.7302836926969047e-04
47 50 -9.8858648563790734e-08
48 9 -6.6736119763947318e-08
48 15 -1.0135345150118076e-07
48 48 1.8199596142149315e-04
48 51 -1.0123771988983729e-07
49 8 -9.5288691175202192e-08
49 31 -9.5111308371149035e-08
49 49 1.6648322336286237e-04
49 65 -7.4084510394571082e-08
50 47 -9.8858648563790734e-08
50 50 1.6969353795153976e-04
50 64 -1.1185217820807352e-07
50 65 -7.1632191255827171e-08
51 45 -9.9826346059236158e-08
51 48 -1.0123771988983729e-07
51 51 1.7317151442544363e-04
51 66 -7.1546004605419710e-08
52 29 -1.1016120626545716e-07
52 44 -6.5902106910669068e-08
52 52 1.5809178701499144e-04
52 60 -8.7760553497207063e-08
53 27 -9.8169752326150789e-08
53 38 -6.8184784727419886e-08
53 53 1.4670473405438162e-04
53 61 -7.8170604465893226e-08
54 26 -1.1417209756701843e-07
54 37 -6.3816684242981208e-08
54 54 1.6622261900828085e-04
54 62 -8.7396266302821263e-08
55 28 -1.1325877947205743e-07
55 39 -6.5274749554365352e-08
55 55 1.6032084327925758e-04
55 63 -8.7725348572476738e-08
56 16 -1.1285801929549960e-07
56 42 -6.5811043698475667e-08
56 56 1.5693585167441150e-04
56 61 -8.3838267254642630e-08
57 17 -1.0051975862012347e-07
57 41 -6.7947912116012365e-08
57 57 1.4657081957837918e-04
57 62 -7.5642204305198513e-08
58 18 -1.0130742836836605e-07
58 40 -6.8156673781745948e-08
58 58 1.4496734460897042e-04
58 63 -7.4992694867822594e-08
59 22 -1.0290729872678650e-07
59 43 -6.9249151331678957e-08
59 59 1.4156749225436511e-04
59 60 -7.4861329513868525e-08
60 7 -9.7928090001555825e-08
60 52 -8.7760553497207063e-08
60 59 -7.4861329513868525e-08
60 60 1.5253071474165809e-04
61 5 -9.5819665694192823e-08
61 53 -7.8170604465893226e-08
61 56 -8.3838267254642630e-08
61 61 1.5504333631100462e-04
62 3 -9.2100591217633480e-08
62 54 -8.7396266302821263e-08
62 57 -7.5642204305198513e-08
62 62 1.5302982342682290e-04
63 6 -9.5915204211312705e-08
63 55 -8.7725348572476738e-08
63 58 -7.4992694867822594e-08
63 63 1.5166897215685619e-04
64 4 -7.2445082181874839e-08
64 45 -7.7835248931648463e-08
64 50 -1.1185217820807352e-07
64 64 1.7003994476072042e-04
65 35 -1.0216774909562136e-07
65 49 -7.4084510394571082e-08
65 50 -7.1632191255827171e-08
65 65 1.4153884507817524e-04
66 36 -1.0787347453222152e-07
66 46 -7.0136664233653390e-08
66 51 -7.1546004605419710e-08
66 66 1.4253196794021449e-04
