%%MatrixMarket matrix coordinate real general
66 66 244
1 1 5.7943618491209539e-05
1 2 -1.3475443221680034e-05
1 7 -9.8418360918132923e-06
1 45 -9.5298864810149116e-06
2 1 -1.3475443221680034e-05
2 2 5.3008613888492582e-05
2 25 -8.4067813584635575e-06
2 34 -9.3449391401422052e-06
3 3 5.7523692877565908e-05
3 8 -1.4119347578091542e-05
3 20 -1.0457219224092426e-05
3 62 -1.1921347567059116e-05
4 4 5.2010196869981727e-05
4 6 -1.1844902255586786e-05
4 25 -1.1895711727348546e-05
4 64 -8.3677948005208130e-06
5 5 5.5569776100857432e-05
5 9 -1.2937134439215216e-05
5 30 -1.0175130347529298e-05
5 61 -1.1216648663124769e-05
6 4 -1.1844902255586786e-05
6 6 5.1799367246977576e-05
6 35 -9.6398090478476868e-06
6 63 -1.1167887371679156e-05
7 1 -9.8418360918132923e-06
7 7 4.8733067816980915e-05
7 36 -8.5088514594929886e-06
7 60 -1.0377497384964948e-05
8 3 -1.4119347578091542e-05
8 8 5.2927797004070620e-05
8 47 -8.3687865561624382e-06
8 49 -1.1944625250888705e-05
9 5 -1.2937134439215216e-05
9 9 5.0646962998642962e-05
9 46 -1.1261649745626249e-05
9 48 -7.7201765149239244e-06
10 10 5.6440728178245100e-05
10 19 -8.5986823946067160e-06
10 21 -9.2952497883363874e-06
11 11 6.2154285450049016e-05
11 23 -1.0252683600268930e-05
11 32 -1.0559690268370915e-05
12 12 6.1593875380990898e-05
12 24 -9.8870018388955743e-06
12 31 -1.0592187204309374e-05
13 13 5.2677013348407338e-05
13 15 -1.0936920924185268e-05
13 20 -1.0879779124936597e-05
13 30 -1.0464623258556537e-05
14 14 5.4803849442879931e-05
14 33 -7.7002409505566795e-06
14 34 -8.0381706970179777e-06
15 13 -1.0936920924185268e-05
15 15 5.8429159317265190e-05
15 47 -1.2076080327149086e-05
15 48 -1.2168319623124027e-05
16 16 6.0912233764599511e-05
16 21 -9.4369051869515739e-06
16 56 -1.2184415833384954e-05
17 17 6.6382517461438854e-05
17 23 -1.0805322705992790e-05
17 57 -1.2657410952632065e-05
18 18 6.1056160137232433e-05
18 24 -1.0315159206375204e-05
18 58 -1.1684962612014293e-05
19 10 -8.5986823946067160e-06
19 19 4.6241452632422062e-05
19 22 -9.3014984149052099e-06
19 36 -9.3379851957542151e-06
20 3 -1.0457219224092426e-05
20 13 -1.0879779124936597e-05
20 20 5.3595166963884969e-05
20 23 -1.1995250855168716e-05
21 10 -9.2952497883363874e-06
21 16 -9.4369051869515739e-06
21 21 5.0550559952898857e-05
21 46 -1.0625068814940934e-05
22 19 -9.3014984149052099e-06
22 22 5.8342690094409702e-05
22 59 -1.0435721987514503e-05
23 11 -1.0252683600268930e-05
23 17 -1.0805322705992790e-05
23 20 -1.1995250855168716e-05
23 23 5.4204569978846440e-05
24 12 -9.8870018388955743e-06
24 18 -1.0315159206375204e-05
24 24 5.1924345538614417e-05
24 35 -1.1372022466639687e-05
25 2 -8.4067813584635575e-06
25 4 -1.1895711727348546e-05
25 25 4.9411514759894342e-05
25 33 -9.4577416968685744e-06
26 26 6.8579956374144343e-05
26 31 -1.1208981411556003e-05
26 54 -1.4366609484751526e-05
27 27 5.9736272580446799e-05
27 32 -9.3655096258101506e-06
27 53 -1.1306479498074035e-05
28 28 6.1404613519467309e-05
28 33 -1.0036195802707088e-05
28 55 -1.2227724980641516e-05
29 29 5.9025860894878061e-05
29 34 -9.1817737084574323e-06
29 52 -1.1187380728234506e-05
30 5 -1.0175130347529298e-05
30 13 -1.0464623258556537e-05
30 30 5.2484780631099009e-05
30 32 -1.1822638614159595e-05
31 12 -1.0592187204309374e-05
31 26 -1.1208981411556003e-05
31 31 5.6953514286835681e-05
31 49 -1.2308079951348600e-05
32 11 -1.0559690268370915e-05
32 27 -9.3655096258101506e-06
32 30 -1.1822638614159595e-05
32 32 5.2275494250871936e-05
33 14 -7.7002409505566795e-06
33 25 -9.4577416968685744e-06
33 28 -1.0036195802707088e-05
33 33 4.4313537433769811e-05
34 2 -9.3449391401422052e-06
34 14 -8.0381706970179777e-06
34 29 -9.1817737084574323e-06
34 34 4.4277307326593044e-05
35 6 -9.6398090478476868e-06
35 24 -1.1372022466639687e-05
35 35 5.1985279827767069e-05
35 65 -1.2493765156320652e-05
36 7 -8.5088514594929886e-06
36 19 -9.3379851957542151e-06
36 36 4.8510736287018301e-05
36 66 -1.1789788794132613e-05
37 37 6.6581310460731943e-05
37 41 -1.4297895612610195e-05
37 54 -8.3142805390068694e-06
38 38 5.1269947976137327e-05
38 42 -1.1045584609766819e-05
38 53 -6.8297148374479681e-06
39 39 5.3466412870280437e-05
39 40 -1.1039449343262530e-05
39 55 -6.9331323429508635e-06
40 39 -1.1039449343262530e-05
40 40 5.1238745849619065e-05
40 58 -6.8237250981416855e-06
41 37 -1.4297895612610195e-05
41 41 6.7176298011484747e-05
41 57 -8.8671506707174610e-06
42 38 -1.1045584609766819e-05
42 42 5.3543790491363325e-05
42 56 -6.9894506302036255e-06
43 43 5.5649601313870240e-05
43 44 -1.1221238368291422e-05
43 59 -7.0275643058823177e-06
44 43 -1.1221238368291422e-05
44 44 5.5321033563164788e-05
44 52 -6.6975409468958059e-06
45 1 -9.5298864810149116e-06
45 45 4.9714513383556660e-05
45 51 -1.1259663322917971e-05
45 64 -9.0040537718523312e-06
46 9 -1.1261649745626249e-05
46 21 -1.0625068814940934e-05
46 46 4.6547641899673931e-05
46 66 -7.6667599914412112e-06
47 8 -8.3687865561624382e-06
47 15 -1.2076080327149086e-05
47 47 5.0711802652949974e-05
47 50 -1.1944845171740815e-05
48 9 -7.7201765149239244e-06
48 15 -1.2168319623124027e-05
48 48 5.0548531312121731e-05
48 51 -1.1727084119507517e-05
49 8 -1.1944625250888705e-05
49 31 -1.2308079951348600e-05
49 49 5.1240688948041443e-05
49 65 -9.3006777097216976e-06
50 47 -1.1944845171740815e-05
50 50 5.1955183456248714e-05
50 64 -1.3352181790238350e-05
50 65 -8.7840384871127575e-06
51 45 -1.1259663322917971e-05
51 48 -1.1727084119507517e-05
51 51 4.8972253617850291e-05
51 66 -8.0842596012568044e-06
52 29 -1.1187380728234506e-05
52 44 -6.6975409468958059e-06
52 52 4.2767807309982962e-05
52 60 -9.0480769781283974e-06
53 27 -1.1306479498074035e-05
53 38 -6.8297148374479681e-06
53 53 4.2954244014442830e-05
53 61 -9.6226806439895619e-06
54 26 -1.4366609484751526e-05
54 37 -8.3142805390068694e-06
54 54 5.1951112327129983e-05
54 62 -1.1470151070249860e-05
55 28 -1.2227724980641516e-05
55 39 -6.9331323429508635e-06
55 55 4.5408648674816169e-05
55 63 -1.0084394941381560e-05
56 16 -1.2184415833384954e-05
56 42 -6.9894506302036255e-06
56 56 4.4490317803488227e-05
56 61 -9.6856532742887442e-06
57 17 -1.2657410952632065e-05
57 41 -8.8671506707174610e-06
57 57 4.7059009546159705e-05
57 62 -9.9466808251735759e-06
58 18 -1.1684962612014293e-05
58 40 -6.8237250981416855e-06
58 58 4.2773679263737792e-05
58 63 -9.2259936891319285e-06
59 22 -1.0435721987514503e-05
59 43 -7.0275643058823177e-06
59 59 3.9339162953713231e-05
59 60 -7.7180484494637907e-06
60 7 -1.0377497384964948e-05
60 52 -9.0480769781283974e-06
60 59 -7.7180484494637907e-06
60 60 4.2453603809136007e-05
61 5 -1.1216648663124769e-05
61 53 -9.6226806439895619e-06
61 56 -9.6856532742887442e-06
61 61 4.6350530537542163e-05
62 3 -1.1921347567059116e-05
62 54 -1.1470151070249860e-05
62 57 -9.9466808251735759e-06
62 62 4.9839257551354045e-05
63 6 -1.1167887371679156e-05
63 55 -1.0084394941381560e-05
63 58 -9.2259936891319285e-06
63 63 4.5874416340079113e-05
64 4 -8.3677948005208130e-06
64 45 -9.0040537718523312e-06
64 50 -1.3352181790238350e-05
64 64 4.8563053718506337e-05
65 35 -1.2493765156320652e-05
65 49 -9.3006777097216976e-06
65 50 -8.7840384871127575e-06
65 65 4.5604213063502929e-05
66 36 -1.1789788794132613e-05
66 46 -7.6667599914412112e-06
66 51 -8.0842596012568044e-06
66 66 4.2233754210976184e-05
