%%MatrixMarket matrix coordinate real general
66 66 244
1 1 5.7174824977803239e-05
1 2 -1.3310580632918867e-05
1 7 -9.7205156868711741e-06
1 45 -9.4077716861817622e-06
2 1 -1.3310580632918867e-05
2 2 5.2432121040235711e-05
2 25 -8.2137802597512755e-06
2 34 -9.2777828860270545e-06
3 3 5.6970138479344682e-05
3 8 -1.3993087597965422e-05
3 20 -1.0357363582763961e-05
3 62 -1.1824470397374665e-05
4 4 5.0920651015974744e-05
4 6 -1.1534644898570218e-05
4 25 -1.1673162819465677e-05
4 64 -8.1980724255335356e-06
5 5 5.4096048522756863e-05
5 9 -1.2626867782824152e-05
5 30 -9.9215490585226419e-06
5 61 -1.0908828123410032e-05
6 4 -1.1534644898570218e-05
6 6 5.0288533867064329e-05
6 35 -9.3752612299016044e-06
6 63 -1.0831099690357777e-05
7 1 -9.7205156868711741e-06
7 7 4.8320381276027228e-05
7 36 -8.4221411915028591e-06
7 60 -1.0308047137632182e-05
8 3 -1.3993087597965422e-05
8 8 5.2379190231186998e-05
8 47 -8.2990747302325727e-06
8 49 -1.1744766531704474e-05
9 5 -1.2626867782824152e-05
9 9 4.9642834282474563e-05
9 46 -1.1063668297934806e-05
9 48 -7.5615220553007005e-06
10 10 5.5708758263592245e-05
10 19 -8.5118760335776176e-06
10 21 -9.1329563469584477e-06
11 11 5.4392924248786090e-05
11 23 -9.1054322893680441e-06
11 32 -9.3602991416882424e-06
12 12 5.3794107074079414e-05
12 24 -8.7458740193402263e-06
12 31 -9.3942743223236680e-06
13 13 5.1860174741611366e-05
13 15 -1.0779971394758586e-05
13 20 -1.0738052389037943e-05
13 30 -1.0299913798023611e-05
14 14 5.4007256287353352e-05
14 33 -7.5721059032289494e-06
14 34 -7.9309248833500672e-06
15 13 -1.0779971394758586e-05
15 15 5.7584330489861060e-05
15 47 -1.1873745183425856e-05
15 48 -1.2007719912598548e-05
16 16 5.8957329351113220e-05
16 21 -9.2485114021028621e-06
16 56 -1.1595594829001315e-05
17 17 6.0004126110675732e-05
17 23 -9.8862246438917656e-06
17 57 -1.1557978599422001e-05
18 18 5.2365534298188881e-05
18 24 -8.9732380317470317e-06
18 58 -1.0079617238231280e-05
19 10 -8.5118760335776176e-06
19 19 4.5771259952163175e-05
19 22 -9.2186476339589332e-06
19 36 -9.2371450178715683e-06
20 3 -1.0357363582763961e-05
20 13 -1.0738052389037943e-05
20 20 5.3020145862216108e-05
20 23 -1.1976144690046840e-05
21 10 -9.1329563469584477e-06
21 16 -9.2485114021028621e-06
21 21 4.9519080752964589e-05
21 46 -1.0352168391993492e-05
22 19 -9.2186476339589332e-06
22 22 5.8057833512072218e-05
22 59 -1.0399078750142016e-05
23 11 -9.1054322893680441e-06
23 17 -9.8862246438917656e-06
23 20 -1.1976144690046840e-05
23 23 5.2323101768922073e-05
24 12 -8.7458740193402263e-06
24 18 -8.9732380317470317e-06
24 24 4.8790844939386068e-05
24 35 -1.1154186381241079e-05
25 2 -8.2137802597512755e-06
25 4 -1.1673162819465677e-05
25 25 4.8211004327412299e-05
25 33 -9.2229332575992750e-06
26 26 6.2181156406296585e-05
26 31 -1.0282168424031502e-05
26 54 -1.3159730794170572e-05
27 27 5.1192835874252844e-05
27 32 -8.1481318778461532e-06
27 53 -9.7490967194374917e-06
28 28 5.9482285131908384e-05
28 33 -9.8452361985396307e-06
28 55 -1.1663255397561793e-05
29 29 5.8712915193152371e-05
29 34 -9.0733948302684717e-06
29 52 -1.1150626388601937e-05
30 5 -9.9215490585226419e-06
30 13 -1.0299913798023611e-05
30 30 5.1270500771275442e-05
30 32 -1.1607029109444858e-05
31 12 -9.3942743223236680e-06
31 26 -1.0282168424031502e-05
31 31 5.4760893570975525e-05
31 49 -1.2270915962145642e-05
32 11 -9.3602991416882424e-06
32 27 -8.1481318778461532e-06
32 30 -1.1607029109444858e-05
32 32 4.9223596832389967e-05
33 14 -7.5721059032289494e-06
33 25 -9.2229332575992750e-06
33 28 -9.8452361985396307e-06
33 33 4.3449825770373213e-05
34 2 -9.2777828860270545e-06
34 14 -7.9309248833500672e-06
34 29 -9.0733948302684717e-06
34 34 4.3747846587117595e-05
35 6 -9.3752612299016044e-06
35 24 -1.1154186381241079e-05
35 35 5.0900952506701622e-05
35 65 -1.2295246648683430e-05
36 7 -8.4221411915028591e-06
36 19 -9.2371450178715683e-06
36 36 4.7929199055202180e-05
36 66 -1.1617376597675480e-05
37 37 6.2687070115749135e-05
37 41 -1.3501463487851240e-05
37 54 -7.8973251513237606e-06
38 38 4.4977416018906187e-05
38 42 -9.5098008457207966e-06
38 53 -6.0500120941451896e-06
39 39 4.4333770988558096e-05
39 40 -9.5049862046309353e-06
39 55 -6.3729131189112558e-06
40 39 -9.5049862046309353e-06
40 40 4.4956851477092381e-05
40 58 -6.0471409801846821e-06
41 37 -1.3501463487851240e-05
41 41 6.3314016551165397e-05
41 57 -8.4281654632621099e-06
42 38 -9.5098008457207966e-06
42 42 4.4400510736515548e-05
42 56 -6.4090058756553428e-06
43 43 5.5564704392787580e-05
43 44 -1.1205146695177458e-05
43 59 -7.0060609714354466e-06
44 43 -1.1205146695177458e-05
44 44 5.5232437008423036e-05
44 52 -6.6783423786290307e-06
45 1 -9.4077716861817622e-06
45 45 4.8978650512782493e-05
45 51 -1.1110120028852299e-05
45 64 -8.8267999198352568e-06
46 9 -1.1063668297934806e-05
46 21 -1.0352168391993492e-05
46 46 4.5392108911185993e-05
46 66 -7.4726459521171049e-06
47 8 -8.2990747302325727e-06
47 15 -1.1873745183425856e-05
47 47 4.9857142729752625e-05
47 50 -1.1738610123415059e-05
48 9 -7.5615220553007005e-06
48 15 -1.2007719912598548e-05
48 48 4.9735024366426991e-05
48 51 -1.1489089948781228e-05
49 8 -1.1744766531704474e-05
49 31 -1.2270915962145642e-05
49 49 5.0630375695560756e-05
49 65 -9.1369033439728162e-06
50 47 -1.1738610123415059e-05
50 50 5.1082873242005544e-05
50 64 -1.3135739662117048e-05
50 65 -8.6568671183268112e-06
51 45 -1.1110120028852299e-05
51 48 -1.1489089948781228e-05
51 51 4.8209568502923962e-05
51 66 -7.9732115173921749e-06
52 29 -1.1150626388601937e-05
52 44 -6.6783423786290307e-06
52 52 4.2580353156248774e-05
52 60 -8.9727705241672654e-06
53 27 -9.7490967194374917e-06
53 38 -6.0500120941451896e-06
53 53 3.8772904134918776e-05
53 61 -8.9818795952675778e-06
54 26 -1.3159730794170572e-05
54 37 -7.8973251513237606e-06
54 54 5.0381288036781076e-05
54 62 -1.1479831901670738e-05
55 28 -1.1663255397561793e-05
55 39 -6.3729131189112558e-06
55 55 4.2941496513306877e-05
55 63 -9.5838376305956657e-06
56 16 -1.1595594829001315e-05
56 42 -6.4090058756553428e-06
56 56 4.2004660182251592e-05
56 61 -9.2272172546998089e-06
57 17 -1.1557978599422001e-05
57 41 -8.4281654632621099e-06
57 57 4.5669361925542175e-05
57 62 -9.9604591613632850e-06
58 18 -1.0079617238231280e-05
58 40 -6.0471409801846821e-06
58 58 3.8620542583866399e-05
58 63 -8.6192600655821557e-06
59 22 -1.0399078750142016e-05
59 43 -7.0060609714354466e-06
59 59 3.9161599228182618e-05
59 60 -7.6530824503779030e-06
60 7 -1.0308047137632182e-05
60 52 -8.9727705241672654e-06
60 59 -7.6530824503779030e-06
60 60 4.2090420266806631e-05
61 5 -1.0908828123410032e-05
61 53 -8.9818795952675778e-06
61 56 -9.2272172546998089e-06
61 61 4.4142815115097732e-05
62 3 -1.1824470397374665e-05
62 54 -1.1479831901670738e-05
62 57 -9.9604591613632850e-06
62 62 4.9606460752066883e-05
63 6 -1.0831099690357777e-05
63 55 -9.5838376305956657e-06
63 58 -8.6192600655821557e-06
63 63 4.3610273066963190e-05
64 4 -8.1980724255335356e-06
64 45 -8.8267999198352568e-06
64 50 -1.3135739662117048e-05
64 64 4.7581251531621124e-05
65 35 -1.2295246648683430e-05
65 49 -9.1369033439728162e-06
65 50 -8.6568671183268112e-06
65 65 4.5015582259563916e-05
66 36 -1.1617376597675480e-05
66 46 -7.4726459521171049e-06
66 51 -7.9732115173921749e-06
66 66 4.1509065428296799e-05
