%%MatrixMarket matrix coordinate real general
66 66 244
1 1 5.7158961336134230e-05
1 2 -1.3307354364531240e-05
1 7 -9.7181452927702458e-06
1 45 -9.4054129261692307e-06
2 1 -1.3307354364531240e-05
2 2 5.2421328924751943e-05
2 25 -8.2100923842916037e-06
2 34 -9.2764515802988766e-06
3 3 5.6959102849262304e-05
3 8 -1.3990608358700929e-05
3 20 -1.0355367786137413e-05
3 62 -1.1822288071266756e-05
4 4 5.0900098304183950e-05
4 6 -1.1528789263576894e-05
4 25 -1.1668893803095607e-05
4 64 -8.1947789001815488e-06
5 5 5.4068767424262841e-05
5 9 -1.2620983777932696e-05
5 30 -9.9167983553344761e-06
5 61 -1.0903035159565979e-05
6 4 -1.1528789263576894e-05
6 6 5.0259117259285528e-05
6 35 -9.3703149326365574e-06
6 63 -1.0824806543579779e-05
7 1 -9.7181452927702458e-06
7 7 4.8312264824626462e-05
7 36 -8.4204313532544906e-06
7 60 -1.0306680800614735e-05
8 3 -1.3990608358700929e-05
8 8 5.2368292862378009e-05
8 47 -8.2977686318344535e-06
8 49 -1.1740613241789293e-05
9 5 -1.2620983777932696e-05
9 9 4.9623978394085410e-05
9 46 -1.1059889799034625e-05
9 48 -7.5584163237526095e-06
10 10 5.5693725432443144e-05
10 19 -8.5101502159043836e-06
10 21 -9.1297674990976453e-06
11 11 5.4286915079011550e-05
11 23 -9.0899905656386228e-06
11 32 -9.3437955196973222e-06
12 12 5.3691618459971628e-05
12 24 -8.7303615796506703e-06
12 31 -9.3783455979312922e-06
13 13 5.1844206649977424e-05
13 15 -1.0776921597010250e-05
13 20 -1.0735107953050561e-05
13 30 -1.0296709834287851e-05
14 14 5.3991948538483888e-05
14 33 -7.5695748597055250e-06
14 34 -7.9288189984860638e-06
15 13 -1.0776921597010250e-05
15 15 5.7567947380539686e-05
15 47 -1.1869689342317807e-05
15 48 -1.2004653129802583e-05
16 16 5.8919543200298574e-05
16 21 -9.2447611455233977e-06
16 56 -1.1585266515866329e-05
17 17 5.9903459155501176e-05
17 23 -9.8716751282829220e-06
17 57 -1.1540672171682455e-05
18 18 5.2276417446755839e-05
18 24 -8.9581520812315680e-06
18 58 -1.0060821081662985e-05
19 10 -8.5101502159043836e-06
19 19 4.5761903882578124e-05
19 22 -9.2170040765186925e-06
19 36 -9.2351563258608362e-06
20 3 -1.0355367786137413e-05
20 13 -1.0735107953050561e-05
20 20 5.3007212556918683e-05
20 23 -1.1975080598061360e-05
21 10 -9.1297674990976453e-06
21 16 -9.2447611455233977e-06
21 21 4.9499641497789738e-05
21 46 -1.0346960160507783e-05
22 19 -9.2170040765186925e-06
22 22 5.8052031725227133e-05
22 59 -1.0398333707518676e-05
23 11 -9.0899905656386228e-06
23 17 -9.8716751282829220e-06
23 20 -1.1975080598061360e-05
23 23 5.2290383757780073e-05
24 12 -8.7303615796506703e-06
24 18 -8.9581520812315680e-06
24 24 4.8737102190668977e-05
24 35 -1.1146745469403631e-05
25 2 -8.2100923842916037e-06
25 4 -1.1668893803095607e-05
25 25 4.8187626096302452e-05
25 33 -9.2184404225340771e-06
26 26 6.2080317055839050e-05
26 31 -1.0267314710403227e-05
26 54 -1.3140515985057225e-05
27 27 5.1102047073020970e-05
27 32 -8.1347358604452694e-06
27 53 -9.7311464710896351e-06
28 28 5.9445054852261999e-05
28 33 -9.8414171241331597e-06
28 55 -1.1653136589696312e-05
29 29 5.8706535004191939e-05
29 34 -9.0712680139873107e-06
29 52 -1.1149878081003651e-05
30 5 -9.9167983553344761e-06
30 13 -1.0296709834287851e-05
30 30 5.1245338744762575e-05
30 32 -1.1599623366226310e-05
31 12 -9.3783455979312922e-06
31 26 -1.0267314710403227e-05
31 31 5.4725898965131795e-05
31 49 -1.2269358716488211e-05
32 11 -9.3437955196973222e-06
32 27 -8.1347358604452694e-06
32 30 -1.1599623366226310e-05
32 32 4.9171016947116190e-05
33 14 -7.5695748597055250e-06
33 25 -9.2184404225340771e-06
33 28 -9.8414171241331597e-06
33 33 4.3433516050916581e-05
34 2 -9.2764515802988766e-06
34 14 -7.9288189984860638e-06
34 29 -9.0712680139873107e-06
34 34 4.3737765221593256e-05
35 6 -9.3703149326365574e-06
35 24 -1.1146745469403631e-05
35 35 5.0874592160850819e-05
35 65 -1.2291473235862957e-05
36 7 -8.4204313532544906e-06
36 19 -9.2351563258608362e-06
36 36 4.7917145594740639e-05
36 66 -1.1614003148667365e-05
37 37 6.2618288984059422e-05
37 41 -1.3486878430819888e-05
37 54 -7.8897556385439041e-06
38 38 4.4938621735418482e-05
38 42 -9.4986088083591265e-06
38 53 -6.0445220657342448e-06
39 39 4.4238656535882685e-05
39 40 -9.4938054626340941e-06
39 55 -6.3643647407232323e-06
40 39 -9.4938054626340941e-06
40 40 4.4918221394351249e-05
40 58 -6.0416980685038045e-06
41 37 -1.3486878430819888e-05
41 41 6.3243677030802912e-05
41 57 -8.4201579028771046e-06
42 38 -9.4986088083591265e-06
42 42 4.4305420681501980e-05
42 56 -6.4002628077682739e-06
43 43 5.5562981794169321e-05
43 44 -1.1204819991581991e-05
43 59 -7.0056254140529840e-06
44 43 -1.1204819991581991e-05
44 44 5.5230641442519188e-05
44 52 -6.6779543366499722e-06
45 1 -9.4054129261692307e-06
45 45 4.8964741837335485e-05
45 51 -1.1107228840616680e-05
45 64 -8.8233594571048134e-06
46 9 -1.1059889799034625e-05
46 21 -1.0346960160507783e-05
46 46 4.5369672920025019e-05
46 66 -7.4689447116853808e-06
47 8 -8.2977686318344535e-06
47 15 -1.1869689342317807e-05
47 47 4.9840881172360031e-05
47 50 -1.1734470394285281e-05
48 9 -7.5584163237526095e-06
48 15 -1.2004653129802583e-05
48 48 4.9715523756084253e-05
48 51 -1.1484427070446790e-05
49 8 -1.1740613241789293e-05
49 31 -1.2269358716488211e-05
49 49 5.0613947779167199e-05
49 65 -9.1334997867927421e-06
50 47 -1.1734470394285281e-05
50 50 5.1065848273589283e-05
50 64 -1.3131556762006946e-05
50 65 -8.6544541636566409e-06
51 45 -1.1107228840616680e-05
51 48 -1.1484427070446790e-05
51 51 4.8194914300274969e-05
51 66 -7.9710624533552133e-06
52 29 -1.1149878081003651e-05
52 44 -6.6779543366499722e-06
52 52 4.2576660653607511e-05
52 60 -8.9712846154678237e-06
53 27 -9.7311464710896351e-06
53 38 -6.0445220657342448e-06
53 53 3.8702639436063286e-05
53 61 -8.9649141345420453e-06
54 26 -1.3140515985057225e-05
54 37 -7.8897556385439041e-06
54 54 5.0356122916733897e-05
54 62 -1.1480198245278395e-05
55 28 -1.1653136589696312e-05
55 39 -6.3643647407232323e-06
55 55 4.2897000538548447e-05
55 63 -9.5751313960512040e-06
56 16 -1.1585266515866329e-05
56 42 -6.4002628077682739e-06
56 56 4.1960445951997096e-05
56 61 -9.2191581660833403e-06
57 17 -1.1540672171682455e-05
57 41 -8.4201579028771046e-06
57 57 4.5657900576338194e-05
57 62 -9.9608789205884884e-06
58 18 -1.0060821081662985e-05
58 40 -6.0416980685038045e-06
58 58 3.8547409924835161e-05
58 63 -8.6031278224705803e-06
59 22 -1.0398333707518676e-05
59 43 -7.0056254140529840e-06
59 59 3.9158091329822157e-05
59 60 -7.6518004040790412e-06
60 7 -1.0306680800614735e-05
60 52 -8.9712846154678237e-06
60 59 -7.6518004040790412e-06
60 60 4.2083228981375585e-05
61 5 -1.0903035159565979e-05
61 53 -8.9649141345420453e-06
61 56 -9.2191581660833403e-06
61 61 4.4097394617245471e-05
62 3 -1.1822288071266756e-05
62 54 -1.1480198245278395e-05
62 57 -9.9608789205884884e-06
62 62 4.9601263270415154e-05
63 6 -1.0824806543579779e-05
63 55 -9.5751313960512040e-06
63 58 -8.6031278224705803e-06
63 63 4.3563961559488238e-05
64 4 -8.1947789001815488e-06
64 45 -8.8233594571048134e-06
64 50 -1.3131556762006946e-05
64 64 4.7562529140163112e-05
65 35 -1.2291473235862957e-05
65 49 -9.1334997867927421e-06
65 50 -8.6544541636566409e-06
65 65 4.5001197474750560e-05
66 36 -1.1614003148667365e-05
66 46 -7.4689447116853808e-06
66 51 -7.9710624533552133e-06
66 66 4.1495052468126484e-05
