%%MatrixMarket matrix coordinate real general
242 242 928
1 1 2.7079216186761590e-05
1 13 -9.7148777946122444e-06
1 15 -9.0774454600896625e-06
1 121 -7.3474273759477384e-06
2 2 2.5206357428185138e-05
2 7 -8.3456045451639246e-06
2 42 -8.7136968482831848e-06
2 173 -6.1275723671276875e-06
3 3 2.2519372885882835e-05
3 6 -8.1344735545034249e-06
3 22 -7.1244405002689455e-06
3 180 -5.3821274802084110e-06
4 4 2.4069259602945263e-05
4 5 -7.9358885863519053e-06
4 23 -7.3263253732831818e-06
4 181 -6.6761189927912793e-06
5 4 -7.9358885863519053e-06
5 5 2.5282300430212832e-05
5 9 -6.9402197232198666e-06
5 201 -7.9417645951845739e-06
6 3 -8.1344735545034249e-06
6 6 2.0535831362229726e-05
6 33 -4.8281647664220453e-06
6 187 -6.0556129759845321e-06
7 2 -8.3456045451639246e-06
7 7 2.3464726009688031e-05
7 12 -7.0735600173652334e-06
7 162 -6.2415940474031909e-06
8 8 2.9649293938747285e-05
8 14 -9.8710606677006207e-06
8 20 -9.4454085350103477e-06
8 99 -7.5678879261674868e-06
9 5 -6.9402197232198666e-06
9 9 2.5387436313894749e-05
9 12 -9.2558457129919977e-06
9 175 -6.9118448957224238e-06
10 10 2.6772722660043179e-05
10 16 -9.3315592854055748e-06
10 21 -8.3123365007056393e-06
10 43 -6.9644049589311943e-06
11 11 5.1613191230332149e-05
11 17 -9.7044525672122762e-06
11 25 -3.1945477463295822e-05
11 67 -6.1427011259062535e-06
12 7 -7.0735600173652334e-06
12 9 -9.2558457129919977e-06
12 12 2.4483240385374999e-05
12 166 -6.2005449373777598e-06
13 1 -9.7148777946122444e-06
13 13 2.4730487651548142e-05
13 177 -7.7033496668389869e-06
13 178 -6.5554045418323617e-06
14 8 -9.8710606677006207e-06
14 14 2.8825277724643765e-05
14 27 -9.0873050327706990e-06
14 200 -7.2426941462383532e-06
15 1 -9.0774454600896625e-06
15 15 2.6090902048243483e-05
15 105 -7.5798728776467527e-06
15 204 -8.5578744792731564e-06
16 10 -9.3315592854055748e-06
16 16 2.4490355357204259e-05
16 176 -5.7028580312283126e-06
16 188 -7.7737031926162660e-06
17 11 -9.7044525672122762e-06
17 17 2.7564533745908245e-05
17 39 -6.0981947594979906e-06
17 185 -8.2028637935889455e-06
18 18 2.5694869060264482e-05
18 19 -8.1660621425232450e-06
18 39 -9.3043064220052514e-06
18 74 -3.7010121133817722e-06
19 18 -8.1660621425232450e-06
19 19 2.7312739888252857e-05
19 37 -8.1401176594160880e-06
19 176 -8.6914782784567395e-06
20 8 -9.4454085350103477e-06
20 20 2.7014939145767009e-05
20 178 -8.4324396549129719e-06
20 202 -6.9129906751637229e-06
21 10 -8.3123365007056393e-06
21 21 2.3646326230127192e-05
21 162 -6.4002092828784203e-06
21 166 -7.1832944091674998e-06
22 3 -7.1244405002689455e-06
22 22 2.2816043910190696e-05
22 158 -7.0409475124912488e-06
22 236 -6.8357651227619588e-06
23 4 -7.3263253732831818e-06
23 23 2.2695036652762008e-05
23 146 -6.6578299516222634e-06
23 237 -6.8629791040747996e-06
24 24 2.0728185527921604e-05
24 31 -7.4934256253333297e-06
24 33 -7.2871840684743864e-06
24 222 -5.3710920067262809e-06
25 11 -3.1945477463295822e-05
25 25 6.9389355059815800e-05
25 168 -2.7571702343556419e-05
25 235 -4.4109981288191425e-06
26 26 3.0607775035077681e-05
26 38 -1.0748225571832183e-05
26 200 -8.0449435549095601e-06
26 238 -9.3195766609790948e-06
27 14 -9.0873050327706990e-06
27 27 2.8946610681546283e-05
27 142 -8.8478725850178322e-06
27 240 -8.5227027642926372e-06
28 28 2.1533934558412007e-05
28 41 -7.6398861070315401e-06
28 183 -6.2251039491611435e-06
28 208 -5.9950237863959827e-06
29 29 2.9122562477651136e-05
29 35 -9.1326092656133074e-06
29 36 -8.6728275703859455e-06
29 92 -8.9771252058343959e-06
30 30 2.4279909394006428e-05
30 34 -7.3702726612091708e-06
30 37 -8.1647717407047972e-06
30 164 -6.7927279946446987e-06
31 24 -7.4934256253333297e-06
31 31 2.0947095139923108e-05
31 190 -7.0731084428958119e-06
31 206 -5.8161902275112273e-06
32 32 2.6614004472014460e-05
32 40 -7.9750654143626904e-06
32 43 -8.5082916591861845e-06
32 44 -7.9988138009975071e-06
33 6 -4.8281647664220453e-06
33 24 -7.2871840684743864e-06
33 33 1.9273184503074890e-05
33 68 -6.5730027008190661e-06
34 30 -7.3702726612091708e-06
34 34 2.4640029972392902e-05
34 44 -7.6610879407403103e-06
34 163 -7.6260964926684624e-06
35 29 -9.1326092656133074e-06
35 35 2.9588740186060083e-05
35 106 -9.0520895436343286e-06
35 163 -9.0402314035206262e-06
36 29 -8.6728275703859455e-06
36 36 2.8300348094877735e-05
36 44 -8.5959670096481594e-06
36 88 -8.7511484586932568e-06
37 19 -8.1401176594160880e-06
37 30 -8.1647717407047972e-06
37 37 2.6579041371641340e-05
37 43 -8.0478699111239932e-06
38 26 -1.0748225571832183e-05
38 38 2.8531172705797680e-05
38 225 -8.5248597383307051e-06
38 240 -7.2781568345619767e-06
39 17 -6.0981947594979906e-06
39 18 -9.3043064220052514e-06
39 39 2.7413381908482882e-05
39 186 -8.5061756110562122e-06
40 32 -7.9750654143626904e-06
40 40 2.6033029216739559e-05
40 162 -7.6526813244777224e-06
40 184 -8.3663967499548188e-06
41 28 -7.6398861070315401e-06
41 41 2.1688141229373275e-05
41 219 -6.2882819387463528e-06
41 234 -6.2197708082895609e-06
42 2 -8.7136968482831848e-06
42 42 2.2289049642713134e-05
42 201 -6.3335378852586844e-06
42 203 -5.6276145792245795e-06
43 10 -6.9644049589311943e-06
43 32 -8.5082916591861845e-06
43 37 -8.0478699111239932e-06
43 43 2.5632649751485286e-05
44 32 -7.9988138009975071e-06
44 34 -7.6610879407403103e-06
44 36 -8.5959670096481594e-06
44 44 2.6404370150189877e-05
45 45 2.4558602931372049e-05
45 46 -7.6103554258941428e-06
45 60 -7.4921171901503768e-06
45 93 -7.5595997576779206e-06
46 45 -7.6103554258941428e-06
46 46 2.6686941025242238e-05
46 47 -7.6853360401740231e-06
46 61 -7.6683991008724590e-06
47 46 -7.6853360401740231e-06
47 47 3.4439729034460120e-05
47 56 -7.6745884057894105e-06
48 48 2.8689948727725774e-05
48 53 -7.8219566808525745e-06
48 54 -8.8170874644120867e-06
48 168 -7.8783180360910961e-06
49 49 3.2979853149276672e-05
49 174 -8.5932167816058572e-06
49 188 -8.0912040091508550e-06
50 50 2.3893922275985173e-05
50 52 -7.5272989005893263e-06
50 70 -7.1863265140286343e-06
50 76 -7.3047922153252396e-06
51 51 2.2517991544576725e-05
51 58 -6.4679132106694701e-06
51 75 -7.5017848560203559e-06
51 190 -7.7339680726006186e-06
52 50 -7.5272989005893263e-06
52 52 2.4715736877414104e-05
52 62 -7.6614773600296735e-06
52 101 -7.6373024245352910e-06
53 48 -7.8219566808525745e-06
53 53 2.6810722884599100e-05
53 57 -7.6789762683944882e-06
53 93 -7.6042949611233187e-06
54 48 -8.8170874644120867e-06
54 54 2.9636127461064854e-05
54 67 -7.2164319758954304e-06
54 150 -9.1258978685278977e-06
55 55 2.6427455327048136e-05
55 59 -7.6763788604955734e-06
55 77 -7.7171871422075948e-06
55 214 -8.8074774290528812e-06
56 47 -7.6745884057894105e-06
56 56 2.4805181759463272e-05
56 62 -7.6611526602278682e-06
56 69 -7.5698611420438577e-06
57 53 -7.6789762683944882e-06
57 57 2.6668857763728064e-05
57 61 -7.7254452510915656e-06
57 78 -7.6028529612772098e-06
58 51 -6.4679132106694701e-06
58 58 2.8768178082503215e-05
58 63 -7.2036645047004871e-06
59 55 -7.6763788604955734e-06
59 59 3.2637672084420119e-05
59 65 -7.3626881279364030e-06
60 45 -7.4921171901503768e-06
60 60 2.4323818212028584e-05
60 69 -7.4195396524081353e-06
60 85 -7.5243273469619228e-06
61 46 -7.6683991008724590e-06
61 57 -7.7254452510915656e-06
61 61 3.4533727561319801e-05
62 52 -7.6614773600296735e-06
62 56 -7.6611526602278682e-06
62 62 3.2550320152325689e-05
63 58 -7.2036645047004871e-06
63 63 2.2637365326161087e-05
63 73 -7.6143169144864648e-06
63 82 -7.0645607272770531e-06
64 64 2.2397127998582927e-05
64 71 -6.4703504151854555e-06
64 87 -6.3708248110499008e-06
64 208 -7.6326104700120461e-06
65 59 -7.3626881279364030e-06
65 65 2.5029298078603017e-05
65 71 -7.0971263848904834e-06
65 218 -8.4614278626182354e-06
66 66 2.6654480984761940e-05
66 73 -7.6964638272090461e-06
66 90 -8.0277166077578048e-06
66 202 -8.6630936060047696e-06
67 11 -6.1427011259062535e-06
67 54 -7.2164319758954304e-06
67 67 1.9943307468395466e-05
67 74 -3.1318189990884156e-06
68 33 -6.5730027008190661e-06
68 68 1.9636705211788823e-05
68 75 -6.2606908097365774e-06
68 80 -6.0569434905844345e-06
69 56 -7.5698611420438577e-06
69 60 -7.4195396524081353e-06
69 69 2.4263423986353962e-05
69 76 -7.3993060388379143e-06
70 50 -7.1863265140286343e-06
70 70 2.3682006099676944e-05
70 83 -7.2930745966467218e-06
70 148 -7.2873391991527337e-06
71 64 -6.4703504151854555e-06
71 65 -7.0971263848904834e-06
71 71 3.0011866323536564e-05
72 72 2.6940434060156988e-05
72 77 -8.3231799929232401e-06
72 84 -7.5655289513772705e-06
72 216 -8.8540195893319557e-06
73 63 -7.6143169144864648e-06
73 66 -7.6964638272090461e-06
73 73 3.3196498380422650e-05
74 18 -3.7010121133817722e-06
74 67 -3.1318189990884156e-06
74 74 4.2312519576270575e-05
74 164 -2.9772106992389014e-05
75 51 -7.5017848560203559e-06
75 68 -6.2606908097365774e-06
75 75 2.5034107315238277e-05
76 50 -7.3047922153252396e-06
76 69 -7.3993060388379143e-06
76 76 2.3843413239554207e-05
76 115 -7.2760588173825536e-06
77 55 -7.7171871422075948e-06
77 72 -8.3231799929232401e-06
77 77 3.4745252588378477e-05
78 57 -7.6028529612772098e-06
78 78 3.4789751966173040e-05
78 179 -7.8728981100198593e-06
79 79 2.4335225286284358e-05
79 83 -6.5482185740565328e-06
79 152 -7.8097433186376656e-06
79 158 -7.8094934769406826e-06
80 68 -6.0569434905844345e-06
80 80 2.3185567278506558e-05
80 180 -5.6858219346101500e-06
81 81 3.2533966043973787e-05
81 175 -7.9089336782802859e-06
81 181 -7.6815873286790977e-06
82 63 -7.0645607272770531e-06
82 82 2.6423693316941304e-05
82 177 -8.8607893405357337e-06
82 224 -9.6133860793506430e-06
83 70 -7.2930745966467218e-06
83 79 -6.5482185740565328e-06
83 83 2.3335110374612573e-05
83 143 -7.5575382079623398e-06
84 72 -7.5655289513772705e-06
84 84 3.6157552722760891e-05
84 182 -8.1789110637907872e-06
85 60 -7.5243273469619228e-06
85 85 2.5021784693975203e-05
85 130 -7.7008680769590845e-06
85 157 -7.8382244814582363e-06
86 86 3.3487749665242386e-05
86 131 -7.4147532828029697e-06
86 230 -8.6854414041149641e-06
87 64 -6.3708248110499008e-06
87 87 2.6082362323940973e-05
87 94 -5.3397256383422834e-06
88 36 -8.7511484586932568e-06
88 88 2.7800082745846323e-05
88 132 -8.7140510711587240e-06
88 184 -8.0400155834045493e-06
89 89 3.6708281054349818e-05
89 185 -8.0004215533412436e-06
89 231 -1.0062572812234075e-05
90 66 -8.0277166077578048e-06
90 90 3.4725537191725189e-05
90 99 -8.2234766890638787e-06
91 91 3.0420610978427522e-05
91 106 -9.3236407103003516e-06
91 125 -9.1510715274802254e-06
91 159 -9.5403151314479634e-06
92 29 -8.9771252058343959e-06
92 92 2.8915771665036083e-05
92 97 -8.8344145527747106e-06
92 109 -8.7843176683045838e-06
93 45 -7.5595997576779206e-06
93 53 -7.6042949611233187e-06
93 93 2.6901030569282869e-05
93 161 -7.9290857089355609e-06
94 87 -5.3397256383422834e-06
94 94 1.9441377583407783e-05
94 107 -5.8991223868462127e-06
94 183 -6.4976627200387085e-06
95 95 2.2827011010141665e-05
95 102 -6.6486174682016426e-06
95 145 -6.7222995973261197e-06
95 147 -7.6525953371670363e-06
96 96 3.5609671539968277e-05
96 186 -8.4455797739796710e-06
96 189 -8.3936764843424144e-06
97 92 -8.8344145527747106e-06
97 97 2.8388564196328664e-05
97 124 -8.6278500313949669e-06
97 132 -8.6015500952530179e-06
98 98 2.7112375770498255e-05
98 111 -8.3402460982266731e-06
98 122 -8.2961084148160022e-06
98 135 -8.2507533296446050e-06
99 8 -7.5678879261674868e-06
99 90 -8.2234766890638787e-06
99 99 2.6271623331284788e-05
99 104 -8.0996588168712490e-06
100 100 2.7917445236825311e-05
100 108 -8.4091152568020377e-06
100 110 -8.5317038289391578e-06
100 117 -8.6780786494833872e-06
101 52 -7.6373024245352910e-06
101 101 3.2342132675973740e-05
101 143 -7.5252832027420199e-06
102 95 -6.6486174682016426e-06
102 102 2.3215441014910840e-05
102 137 -7.0785494143837643e-06
102 222 -7.6324601489979277e-06
103 103 2.6255012977879976e-05
103 105 -8.2626331273085740e-06
103 113 -8.0260692095599097e-06
103 137 -7.8026659659079447e-06
104 99 -8.0996588168712490e-06
104 104 3.6155067847606868e-05
104 134 -8.7442815578018719e-06
105 15 -7.5798728776467527e-06
105 103 -8.2626331273085740e-06
105 105 2.6218421690534286e-05
105 108 -8.1537933092941542e-06
106 35 -9.0520895436343286e-06
106 91 -9.3236407103003516e-06
106 106 2.9899819596828671e-05
106 112 -9.1487653373227470e-06
107 94 -5.8991223868462127e-06
107 107 2.4455650655846729e-05
107 141 -5.5594138844191945e-06
108 100 -8.4091152568020377e-06
108 105 -8.1537933092941542e-06
108 108 2.7515276187993696e-05
108 127 -8.6320510492171095e-06
109 92 -8.7843176683045838e-06
109 109 2.8859096402406693e-05
109 110 -8.7699462847102162e-06
109 112 -8.9501244592351024e-06
110 100 -8.5317038289391578e-06
110 109 -8.7699462847102162e-06
110 110 2.8336096083665331e-05
110 128 -8.7107230007885647e-06
111 98 -8.3402460982266731e-06
111 111 2.6351831753707279e-05
111 114 -8.0167536460402034e-06
111 119 -7.7935715295456779e-06
112 106 -9.1487653373227470e-06
112 109 -8.9501244592351024e-06
112 112 2.9347209494268421e-05
112 116 -8.8915222640691532e-06
113 103 -8.0260692095599097e-06
113 113 2.6452753941248954e-05
113 117 -8.4814721089944447e-06
113 147 -7.7839068394425273e-06
114 111 -8.0167536460402034e-06
114 114 2.7183991009838374e-05
114 153 -7.9385193945894910e-06
114 210 -9.0439862368121722e-06
115 76 -7.2760588173825536e-06
115 115 2.3680008047851235e-05
115 120 -7.2141883858837290e-06
115 130 -7.3146652001000003e-06
116 112 -8.8915222640691532e-06
116 116 2.8805410571032233e-05
116 117 -8.7826551246074286e-06
116 129 -8.8088435843364465e-06
117 100 -8.6780786494833872e-06
117 113 -8.4814721089944447e-06
117 116 -8.7826551246074286e-06
117 117 2.8232721837698799e-05
118 118 3.8695412603990106e-05
118 134 -7.8230306994334394e-06
118 232 -9.8106654420368219e-06
119 111 -7.7935715295456779e-06
119 119 2.5642004712200319e-05
119 140 -7.1545417219402683e-06
119 219 -8.6872415160330807e-06
120 115 -7.2141883858837290e-06
120 120 2.3265451751350163e-05
120 136 -7.2457289995867979e-06
120 148 -6.9153814065312485e-06
121 1 -7.3474273759477384e-06
121 121 2.6423340926317831e-05
121 127 -8.4892002540779222e-06
121 138 -8.2364171737850479e-06
122 98 -8.2961084148160022e-06
122 122 2.6774186871371101e-05
122 132 -8.5951605600964495e-06
122 144 -7.6729817964927416e-06
123 123 2.7452527247259264e-05
123 138 -7.9689753803302661e-06
123 142 -9.0266563540992648e-06
123 178 -9.4748777927708479e-06
124 97 -8.6278500313949669e-06
124 124 2.7906978163078740e-05
124 128 -8.4582553135389882e-06
124 135 -8.5379465844412690e-06
125 91 -9.1510715274802254e-06
125 125 2.8145366823048295e-05
125 129 -8.6461046826770181e-06
125 130 -8.1255229182968366e-06
126 126 2.5989641760088083e-05
126 141 -5.7675810937545687e-06
126 233 -6.9356003683171103e-06
127 108 -8.6320510492171095e-06
127 121 -8.4892002540779222e-06
127 127 2.7573536080018750e-05
127 139 -8.0904551193504135e-06
128 110 -8.7107230007885647e-06
128 124 -8.4582553135389882e-06
128 128 2.8032166802812060e-05
128 139 -8.5235775377868336e-06
129 116 -8.8088435843364465e-06
129 125 -8.6461046826770181e-06
129 129 2.8302850000626604e-05
129 136 -8.5631772361280405e-06
130 85 -7.7008680769590845e-06
130 115 -7.3146652001000003e-06
130 125 -8.1255229182968366e-06
130 130 2.5202918045213556e-05
131 86 -7.4147532828029697e-06
131 131 2.3702627271412222e-05
131 133 -7.6317298519486838e-06
131 158 -6.8320673580878006e-06
132 88 -8.7140510711587240e-06
132 97 -8.6015500952530179e-06
132 122 -8.5951605600964495e-06
132 132 2.8207090679412783e-05
133 131 -7.6317298519486838e-06
133 133 3.2343204540064531e-05
133 143 -7.7570580391359485e-06
134 104 -8.7442815578018719e-06
134 118 -7.8230306994334394e-06
134 134 2.7785918347004266e-05
134 200 -8.8717055330129551e-06
135 98 -8.2507533296446050e-06
135 124 -8.5379465844412690e-06
135 135 2.7507516537706728e-05
135 149 -8.4262700191526132e-06
136 120 -7.2457289995867979e-06
136 129 -8.5631772361280405e-06
136 136 2.5295564634995915e-05
136 147 -7.5219121237181848e-06
137 102 -7.0785494143837643e-06
137 103 -7.8026659659079447e-06
137 137 2.4705902129972082e-05
137 206 -7.8719983308898173e-06
138 121 -8.2364171737850479e-06
138 123 -7.9689753803302661e-06
138 138 2.5189821070837069e-05
138 155 -8.1083187474120683e-06
139 127 -8.0904551193504135e-06
139 128 -8.5235775377868336e-06
139 139 2.7363870436238077e-05
139 151 -8.4462677729414410e-06
140 119 -7.1545417219402683e-06
140 140 2.4269469437579955e-05
140 144 -8.1414523691377278e-06
140 203 -7.1110803639699556e-06
141 107 -5.5594138844191945e-06
141 126 -5.7675810937545687e-06
141 141 1.8585742379315102e-05
141 146 -5.6387534766044973e-06
142 27 -8.8478725850178322e-06
142 123 -9.0266563540992648e-06
142 142 2.6296310273689672e-05
142 160 -7.5037335455700784e-06
143 83 -7.5575382079623398e-06
143 101 -7.5252832027420199e-06
143 133 -7.7570580391359485e-06
143 143 2.4790461429082530e-05
144 122 -7.6729817964927416e-06
144 140 -8.1414523691377278e-06
144 144 2.5564664106954726e-05
144 173 -7.7361163140805546e-06
145 95 -6.7222995973261197e-06
145 145 2.1609481500429100e-05
145 148 -6.9871707565786226e-06
145 152 -6.1485486896370183e-06
146 23 -6.6578299516222634e-06
146 141 -5.6387534766044973e-06
146 146 2.1314250887287700e-05
146 205 -7.1470077939151235e-06
147 95 -7.6525953371670363e-06
147 113 -7.7839068394425273e-06
147 136 -7.5219121237181848e-06
147 147 2.5005974949278409e-05
148 70 -7.2873391991527337e-06
148 120 -6.9153814065312485e-06
148 145 -6.9871707565786226e-06
148 148 2.3058180757131195e-05
149 135 -8.4262700191526132e-06
149 149 2.7290930181113024e-05
149 151 -8.1720049038336858e-06
149 153 -8.3865257891255772e-06
150 54 -9.1258978685278977e-06
150 150 3.3876288624600605e-05
150 161 -1.1042785257818921e-05
150 167 -1.0761615545542344e-05
151 139 -8.4462677729414410e-06
151 149 -8.1720049038336858e-06
151 151 2.7276781917980177e-05
151 155 -8.3205223184077262e-06
152 79 -7.8097433186376656e-06
152 145 -6.1485486896370183e-06
152 152 2.3517156125743554e-05
152 187 -7.5612264327340395e-06
153 114 -7.9385193945894910e-06
153 149 -8.3865257891255772e-06
153 153 2.6824053267718201e-05
153 154 -8.2131120050000631e-06
154 153 -8.2131120050000631e-06
154 154 2.7543451127443782e-05
154 156 -7.9490876067737620e-06
154 211 -9.1098611886885480e-06
155 138 -8.1083187474120683e-06
155 151 -8.3205223184077262e-06
155 155 2.7167234889217715e-05
155 156 -8.3814716952663813e-06
156 154 -7.9490876067737620e-06
156 155 -8.3814716952663813e-06
156 156 2.5680178169440832e-05
156 160 -8.5087999784158698e-06
157 85 -7.8382244814582363e-06
157 157 2.8250510646421133e-05
157 159 -9.3191305111513365e-06
157 161 -8.7536240559571812e-06
158 22 -7.0409475124912488e-06
158 79 -7.8094934769406826e-06
158 131 -6.8320673580878006e-06
158 158 2.3673355646911899e-05
159 91 -9.5403151314479634e-06
159 157 -9.3191305111513365e-06
159 159 2.9658584841704931e-05
159 165 -8.3457471628787731e-06
160 142 -7.5037335455700784e-06
160 156 -8.5087999784158698e-06
160 160 2.5754875638269187e-05
160 213 -8.9422458435477017e-06
161 93 -7.9290857089355609e-06
161 150 -1.1042785257818921e-05
161 157 -8.7536240559571812e-06
161 161 2.9913748077679246e-05
162 7 -6.2415940474031909e-06
162 21 -6.4002092828784203e-06
162 40 -7.6526813244777224e-06
162 162 2.1845660406652946e-05
163 34 -7.6260964926684624e-06
163 35 -9.0402314035206262e-06
163 163 2.7312568743512096e-05
163 165 -8.3402494412372966e-06
164 30 -6.7927279946446987e-06
164 74 -2.9772106992389014e-05
164 164 4.5224769308889541e-05
164 167 -6.8343327682829770e-06
165 159 -8.3457471628787731e-06
165 163 -8.3402494412372966e-06
165 165 2.6865415772226609e-05
165 167 -8.0636741398203767e-06
166 12 -6.2005449373777598e-06
166 21 -7.1832944091674998e-06
166 166 2.4225478069223354e-05
166 174 -8.9698967866439190e-06
167 150 -1.0761615545542344e-05
167 164 -6.8343327682829770e-06
167 165 -8.0636741398203767e-06
167 167 2.7692284947973710e-05
168 25 -2.7571702343556419e-05
168 48 -7.8783180360910961e-06
168 168 4.6890042732154688e-05
168 179 -7.7672442016885900e-06
169 169 3.6260693087090339e-05
169 179 -7.3346546050691448e-06
169 226 -9.0766564391407116e-06
170 170 2.4968804861465530e-05
170 180 -5.8226543045815182e-06
170 228 -6.8501589123517585e-06
171 171 3.3484792253727411e-05
171 181 -7.3269776597915920e-06
171 227 -8.6122229350735201e-06
172 172 3.8685067661865178e-05
172 182 -8.7937007828011431e-06
172 229 -1.1231675653711266e-05
173 2 -6.1275723671276875e-06
173 144 -7.7361163140805546e-06
173 173 2.3820041749836622e-05
173 184 -8.0261267579155169e-06
174 49 -8.5932167816058572e-06
174 166 -8.9698967866439190e-06
174 174 2.6385600906817092e-05
174 199 -6.7510787141209852e-06
175 9 -6.9118448957224238e-06
175 81 -7.9089336782802859e-06
175 175 2.3754758846594669e-05
175 199 -7.0873715680137316e-06
176 16 -5.7028580312283126e-06
176 19 -8.6914782784567395e-06
176 176 2.4904411745409297e-05
176 189 -8.7561652654372865e-06
177 13 -7.7033496668389869e-06
177 82 -8.8607893405357337e-06
177 177 2.4619931737412673e-05
177 202 -7.2931656187129954e-06
178 13 -6.5554045418323617e-06
178 20 -8.4324396549129719e-06
178 123 -9.4748777927708479e-06
178 178 2.5263283318905952e-05
179 78 -7.8728981100198593e-06
179 168 -7.7672442016885900e-06
179 169 -7.3346546050691448e-06
179 179 2.6509330241566982e-05
180 3 -5.3821274802084110e-06
180 80 -5.6858219346101500e-06
180 170 -5.8226543045815182e-06
180 180 1.7464202597839324e-05
181 4 -6.6761189927912793e-06
181 81 -7.6815873286790977e-06
181 171 -7.3269776597915920e-06
181 181 2.3513797157438211e-05
182 84 -8.1789110637907872e-06
182 172 -8.7937007828011431e-06
182 182 2.8997970974353242e-05
182 225 -9.5454844266638176e-06
183 28 -6.2251039491611435e-06
183 94 -6.4976627200387085e-06
183 183 1.9586925885692956e-05
183 205 -5.2350086246714072e-06
184 40 -8.3663967499548188e-06
184 88 -8.0400155834045493e-06
184 173 -8.0261267579155169e-06
184 184 2.6572868501908861e-05
185 17 -8.2028637935889455e-06
185 89 -8.0004215533412436e-06
185 185 2.6196619690819836e-05
185 212 -6.7513559250049360e-06
186 39 -8.5061756110562122e-06
186 96 -8.4455797739796710e-06
186 186 2.6347429135499001e-05
186 212 -6.2022104114690202e-06
187 6 -6.0556129759845321e-06
187 152 -7.5612264327340395e-06
187 187 2.0905200743434988e-05
187 222 -5.7563043728498947e-06
188 16 -7.7737031926162660e-06
188 49 -8.0912040091508550e-06
188 188 2.4080822146071630e-05
188 223 -6.6118815983879713e-06
189 96 -8.3936764843424144e-06
189 176 -8.7561652654372865e-06
189 189 2.6646633434309429e-05
189 223 -6.2256226987848363e-06
190 31 -7.0731084428958119e-06
190 51 -7.7339680726006186e-06
190 190 2.1511425146234567e-05
190 224 -6.0640931884775372e-06
191 191 3.2788639998114412e-05
191 193 -9.1538527594893284e-06
191 230 -5.6808976973317393e-06
192 192 3.6929070233264752e-05
192 198 -1.0006437394240190e-05
192 231 -5.9058727436135470e-06
193 191 -9.1538527594893284e-06
193 193 2.8212594216621912e-05
193 228 -4.7967190593622988e-06
194 194 3.9868191971564003e-05
194 195 -1.1105003604393473e-05
194 232 -6.8092911253562469e-06
195 194 -1.1105003604393473e-05
195 195 3.9518202636365868e-05
195 229 -6.4677625724228426e-06
196 196 2.9121301602052091e-05
196 197 -9.1532964617064109e-06
196 233 -4.7531433749481766e-06
197 196 -9.1532964617064109e-06
197 197 3.2803555237959496e-05
197 227 -5.6973758191158380e-06
198 192 -1.0006437394240190e-05
198 198 3.7250555271811432e-05
198 226 -6.2161855400456665e-06
199 174 -6.7510787141209852e-06
199 175 -7.0873715680137316e-06
199 199 3.2200438519159790e-05
200 14 -7.2426941462383532e-06
200 26 -8.0449435549095601e-06
200 134 -8.8717055330129551e-06
200 200 2.6376939832129058e-05
201 5 -7.9417645951845739e-06
201 42 -6.3335378852586844e-06
201 201 2.2207802841928750e-05
201 239 -6.1544931194463349e-06
202 20 -6.9129906751637229e-06
202 66 -8.6630936060047696e-06
202 177 -7.2931656187129954e-06
202 202 2.3559978244233034e-05
203 42 -5.6276145792245795e-06
203 140 -7.1110803639699556e-06
203 203 2.1190465673156112e-05
203 234 -7.0289612366319759e-06
204 15 -8.5578744792731564e-06
204 204 2.3398097362051406e-05
204 206 -6.5919756888148733e-06
204 224 -7.5715740582356575e-06
205 146 -7.1470077939151235e-06
205 183 -5.2350086246714072e-06
205 205 2.2419596823068007e-05
205 239 -8.1017365124189164e-06
206 31 -5.8161902275112273e-06
206 137 -7.8719983308898173e-06
206 204 -6.5919756888148733e-06
206 206 2.1794220579485502e-05
207 207 2.5433246307364572e-05
207 211 -7.2579668931830827e-06
207 213 -7.3703403237848186e-06
207 215 -1.0140499458537142e-05
208 28 -5.9950237863959827e-06
208 64 -7.6326104700120461e-06
208 208 2.2066698605173573e-05
208 221 -6.7415267227134490e-06
209 209 2.5979220744627628e-05
209 210 -7.1026044807983562e-06
209 211 -7.1727563713601182e-06
209 217 -9.9076294729922550e-06
210 114 -9.0439862368121722e-06
210 209 -7.1026044807983562e-06
210 210 2.4902311986658204e-05
210 220 -6.9783175924662019e-06
211 154 -9.1098611886885480e-06
211 207 -7.2579668931830827e-06
211 209 -7.1727563713601182e-06
211 211 2.4201307938455962e-05
212 185 -6.7513559250049360e-06
212 186 -6.2022104114690202e-06
212 212 3.6081476286306959e-05
213 160 -8.9422458435477017e-06
213 207 -7.3703403237848186e-06
213 213 2.5250674035956604e-05
213 241 -8.2770567966733187e-06
214 55 -8.8074774290528812e-06
214 214 2.3579353371809820e-05
214 215 -7.1818428034253807e-06
214 217 -6.9394609008796779e-06
215 207 -1.0140499458537142e-05
215 214 -7.1818428034253807e-06
215 215 2.6509697582824790e-05
215 216 -7.3213247025041300e-06
216 72 -8.8540195893319557e-06
216 215 -7.3213247025041300e-06
216 216 2.6879778438627792e-05
216 242 -8.8088030776804829e-06
217 209 -9.9076294729922550e-06
217 214 -6.9394609008796779e-06
217 217 2.5512178665953742e-05
217 218 -6.8622215859720516e-06
218 65 -8.4614278626182354e-06
218 217 -6.8622215859720516e-06
218 218 2.3806536944750112e-05
218 221 -6.7192797561887554e-06
219 41 -6.2882819387463528e-06
219 119 -8.6872415160330807e-06
219 219 2.3418340838534010e-05
219 220 -6.6906536848476007e-06
220 210 -6.9783175924662019e-06
220 219 -6.6906536848476007e-06
220 220 2.4919910416538297e-05
220 221 -9.5192302063120291e-06
221 208 -6.7415267227134490e-06
221 218 -6.7192797561887554e-06
221 220 -9.5192302063120291e-06
221 221 2.4804844365803718e-05
222 24 -5.3710920067262809e-06
222 102 -7.6324601489979277e-06
222 187 -5.7563043728498947e-06
222 222 2.0194244354523408e-05
223 188 -6.6118815983879713e-06
223 189 -6.2256226987848363e-06
223 223 3.6017559742975207e-05
224 82 -9.6133860793506430e-06
224 190 -6.0640931884775372e-06
224 204 -7.5715740582356575e-06
224 224 2.3968483768112868e-05
225 38 -8.5248597383307051e-06
225 182 -9.5454844266638176e-06
225 225 2.6931484583748193e-05
225 242 -7.0251970070000109e-06
226 169 -9.0766564391407116e-06
226 198 -6.2161855400456665e-06
226 226 2.5874009046725422e-05
226 235 -7.6820654624221654e-06
227 171 -8.6122229350735201e-06
227 197 -5.6973758191158380e-06
227 227 2.1880813879241329e-05
227 237 -6.3056139731642990e-06
228 170 -6.8501589123517585e-06
228 193 -4.7967190593622988e-06
228 228 1.7790729702872597e-05
228 236 -5.7230502593477955e-06
229 172 -1.1231675653711266e-05
229 195 -6.4677625724228426e-06
229 229 2.7898707728104514e-05
229 238 -8.2324088617250907e-06
230 86 -8.6854414041149641e-06
230 191 -5.6808976973317393e-06
230 230 2.2015720118078325e-05
230 236 -6.3770804840213294e-06
231 89 -1.0062572812234075e-05
231 192 -5.9058727436135470e-06
231 231 2.7939896574967654e-05
231 235 -8.7263587074320819e-06
232 118 -9.8106654420368219e-06
232 194 -6.8092911253562469e-06
232 232 2.6048097378147313e-05
232 238 -7.6430072552810651e-06
233 126 -6.9356003683171103e-06
233 196 -4.7531433749481766e-06
233 233 1.8702462032846540e-05
233 237 -5.8215910406193352e-06
234 41 -6.2197708082895609e-06
234 203 -7.0289612366319759e-06
234 234 2.0002126980381392e-05
234 239 -5.3953421738103431e-06
235 25 -4.4109981288191425e-06
235 226 -7.6820654624221654e-06
235 231 -8.7263587074320819e-06
235 235 2.4515216202382557e-05
236 22 -6.8357651227619588e-06
236 228 -5.7230502593477955e-06
236 230 -6.3770804840213294e-06
236 236 2.0122741760263175e-05
237 23 -6.8629791040747996e-06
237 227 -6.3056139731642990e-06
237 233 -5.8215910406193352e-06
237 237 2.0197064436108691e-05
238 26 -9.3195766609790948e-06
238 229 -8.2324088617250907e-06
238 232 -7.6430072552810651e-06
238 238 2.7092425392078361e-05
239 201 -6.1544931194463349e-06
239 205 -8.1017365124189164e-06
239 234 -5.3953421738103431e-06
239 239 2.1228202032048582e-05
240 27 -8.5227027642926372e-06
240 38 -7.2781568345619767e-06
240 240 2.5241048214729505e-05
240 241 -7.7222552490244821e-06
241 213 -8.2770567966733187e-06
241 240 -7.7222552490244821e-06
241 241 2.5032626963907732e-05
241 242 -7.5492804749319895e-06
242 216 -8.8088030776804829e-06
242 225 -7.0251970070000109e-06
242 241 -7.5492804749319895e-06
242 242 2.4896397419522259e-05
