%%MatrixMarket matrix coordinate real general
66 66 244
1 1 7.3652394930835024e+07
1 2 -3.4409521413187520e+00
1 7 -2.5115675273802816e+00
1 45 -2.3378181651149688e+00
2 1 -3.4409521413187520e+00
2 2 6.3790860012937568e+07
2 25 -2.1345341956462960e+00
2 34 -2.4055213021135953e+00
3 3 5.7928525406179301e+07
3 8 -3.0727533834626035e+00
3 20 -2.2786816774130401e+00
3 62 -2.5442120472846468e+00
4 4 5.7164422766626701e+07
4 6 -2.7976475833816390e+00
4 25 -2.8835223061298336e+00
4 64 -1.9990024339650285e+00
5 5 6.0887652153643563e+07
5 9 -3.0412508548559578e+00
5 30 -2.2920844946243739e+00
5 61 -2.6455420103155074e+00
6 4 -2.7976475833816390e+00
6 6 5.4594565008761138e+07
6 35 -2.1797302686050664e+00
6 63 -2.6481736410508643e+00
7 1 -2.5115675273802816e+00
7 7 5.8590297953437664e+07
7 36 -2.2093966772264966e+00
7 60 -2.7020868893750412e+00
8 3 -3.0727533834626035e+00
8 8 5.1217035763970613e+07
8 47 -1.8423758189131660e+00
8 49 -2.6305727615930863e+00
9 5 -3.0412508548559578e+00
9 9 5.3969306019250609e+07
9 46 -2.7118415749191414e+00
9 48 -1.8414737566999255e+00
10 10 5.8802988355751544e+07
10 19 -2.3031062212249891e+00
10 21 -2.4331840158007951e+00
11 11 5.8709130301276639e+07
11 23 -2.3627835494923954e+00
11 32 -2.4302678816495504e+00
12 12 5.8719786174444668e+07
12 24 -2.2833712483578577e+00
12 31 -2.4480633528767903e+00
13 13 5.7099395979544386e+07
13 15 -2.4518465502443965e+00
13 20 -2.3749984674762263e+00
13 30 -2.3531254063720670e+00
14 14 4.7275785203149803e+07
14 33 -2.0249641421811790e+00
14 34 -2.1523003005617842e+00
15 13 -2.4518465502443965e+00
15 15 6.5587030035622217e+07
15 47 -2.7582081534695826e+00
15 48 -2.7966733461364837e+00
16 16 6.6179351535434984e+07
16 21 -2.4761249855984242e+00
16 56 -3.1144768427009089e+00
17 17 5.9784938600786611e+07
17 23 -2.3997945337332194e+00
17 57 -2.8178373169420330e+00
18 18 6.0743767166059643e+07
18 24 -2.5030021129043081e+00
18 58 -2.8383711269061238e+00
19 10 -2.3031062212249891e+00
19 19 5.6668633912292168e+07
19 22 -2.4885214388683758e+00
19 36 -2.4207804247702152e+00
20 3 -2.2786816774130401e+00
20 13 -2.3749984674762263e+00
20 20 5.6109837515888155e+07
20 23 -2.5588216615327006e+00
21 10 -2.4331840158007951e+00
21 16 -2.4761249855984242e+00
21 21 6.2512711500193283e+07
21 46 -2.6744883075867758e+00
22 19 -2.4885214388683758e+00
22 22 6.0507640530401379e+07
22 59 -2.8389962921426566e+00
23 11 -2.3627835494923954e+00
23 17 -2.3997945337332194e+00
23 20 -2.5588216615327006e+00
23 23 5.8125458311655447e+07
24 12 -2.2833712483578577e+00
24 18 -2.5030021129043081e+00
24 24 5.6100017262474038e+07
24 35 -2.4708460049029859e+00
25 2 -2.1345341956462960e+00
25 4 -2.8835223061298336e+00
25 25 5.7425018180963397e+07
25 33 -2.4006053282178690e+00
26 26 6.7695042007194787e+07
26 31 -2.4854409346310926e+00
26 54 -3.1925430457117336e+00
27 27 5.7040695785663202e+07
27 32 -2.2778819978353759e+00
27 53 -2.7529170834495091e+00
28 28 6.5495049563745856e+07
28 33 -2.6459202820548446e+00
28 55 -3.1255252695393385e+00
29 29 6.2588861638319246e+07
29 34 -2.4560313334188861e+00
29 52 -3.0391543030892043e+00
30 5 -2.2920844946243739e+00
30 13 -2.3531254063720670e+00
30 30 5.6479338316759862e+07
30 32 -2.5645446940002801e+00
31 12 -2.4480633528767903e+00
31 26 -2.4854409346310926e+00
31 31 6.2375020577319823e+07
31 49 -2.6331701509117096e+00
32 11 -2.4302678816495504e+00
32 27 -2.2778819978353759e+00
32 30 -2.5645446940002801e+00
32 32 5.6488348908488341e+07
33 14 -2.0249641421811790e+00
33 25 -2.4006053282178690e+00
33 28 -2.6459202820548446e+00
33 33 5.0746710157534681e+07
34 2 -2.4055213021135953e+00
34 14 -2.1523003005617842e+00
34 29 -2.4560313334188861e+00
34 34 5.2824508672070019e+07
35 6 -2.1797302686050664e+00
35 24 -2.4708460049029859e+00
35 35 5.2352383248836115e+07
35 65 -2.8207726300136744e+00
36 7 -2.2093966772264966e+00
36 19 -2.4207804247702152e+00
36 36 5.5744189456141986e+07
36 66 -2.9765310104097371e+00
37 37 5.2584206810592309e+07
37 41 -3.0926597079948230e+00
37 54 -1.7916901411241308e+00
38 38 5.2530974144491531e+07
38 42 -3.0922592325468479e+00
38 53 -1.9121796541107872e+00
39 39 5.2335599287173256e+07
39 40 -3.0922588968614675e+00
39 55 -1.8047777216675722e+00
40 39 -3.0922588968614675e+00
40 40 5.2530691423356265e+07
40 58 -1.9111105752145545e+00
41 37 -3.0926597079948230e+00
41 41 5.2584063215587750e+07
41 57 -1.9101351113388758e+00
42 38 -3.0922592325468479e+00
42 42 5.2335613889993012e+07
42 56 -1.8196394616932083e+00
43 43 5.2287793080542825e+07
43 44 -3.0918658122418745e+00
43 59 -1.9103688540777277e+00
44 43 -3.0918658122418745e+00
44 44 5.2287789503933132e+07
44 52 -1.8180526866229150e+00
45 1 -2.3378181651149688e+00
45 45 5.7346944932780966e+07
45 51 -2.7545104738910027e+00
45 64 -2.1477129822323153e+00
46 9 -2.7118415749191414e+00
46 21 -2.6744883075867758e+00
46 46 4.9822945304629251e+07
46 66 -1.9352697695590759e+00
47 8 -1.8423758189131660e+00
47 15 -2.7582081534695826e+00
47 47 5.1774814327523381e+07
47 50 -2.7278515030430524e+00
48 9 -1.8414737566999255e+00
48 15 -2.7966733461364837e+00
48 48 5.4466776887875661e+07
48 51 -2.7934581139984944e+00
49 8 -2.6305727615930863e+00
49 31 -2.6331701509117096e+00
49 49 4.9392278203885943e+07
49 65 -2.0453580720901106e+00
50 47 -2.7278515030430524e+00
50 50 5.0767148209997363e+07
50 64 -3.0863737655656478e+00
50 65 -1.9767765222032707e+00
51 45 -2.7545104738910027e+00
51 48 -2.7934581139984944e+00
51 51 5.1822297334516145e+07
51 66 -1.9741676365459122e+00
52 29 -3.0391543030892043e+00
52 44 -1.8180526866229150e+00
52 52 4.7355389699346960e+07
52 60 -2.4214102854001518e+00
53 27 -2.7529170834495091e+00
53 38 -1.9121796541107872e+00
53 53 4.2884367132028550e+07
53 61 -2.1663288716030169e+00
54 26 -3.1925430457117336e+00
54 37 -1.7916901411241308e+00
54 54 4.8313524077041566e+07
54 62 -2.4230075539231990e+00
55 28 -3.1255252695393385e+00
55 39 -1.8047777216675722e+00
55 55 4.7736867602768250e+07
55 63 -2.4224434591221233e+00
56 16 -3.1144768427009089e+00
56 42 -1.8196394616932083e+00
56 56 4.6721243352724403e+07
56 61 -2.3152059698817014e+00
57 17 -2.8178373169420330e+00
57 41 -1.9101351113388758e+00
57 57 4.2657510036664851e+07
57 62 -2.0979630126690791e+00
58 18 -2.8383711269061238e+00
58 40 -1.9111105752145545e+00
58 58 4.2460263681484491e+07
58 63 -2.0780917884041834e+00
59 22 -2.8389962921426566e+00
59 43 -1.9103688540777277e+00
59 59 4.2406978026270904e+07
59 60 -2.0655002941455747e+00
60 7 -2.7020868893750412e+00
60 52 -2.4214102854001518e+00
60 59 -2.0655002941455747e+00
60 60 4.5654128055810429e+07
61 5 -2.6455420103155074e+00
61 53 -2.1663288716030169e+00
61 56 -2.3152059698817014e+00
61 61 4.5861854342698768e+07
62 3 -2.5442120472846468e+00
62 54 -2.4230075539231990e+00
62 57 -2.0979630126690791e+00
62 62 4.5372492561453097e+07
63 6 -2.6481736410508643e+00
63 55 -2.4224434591221233e+00
63 58 -2.0780917884041834e+00
63 63 4.4888576782802641e+07
64 4 -1.9990024339650285e+00
64 45 -2.1477129822323153e+00
64 50 -3.0863737655656478e+00
64 64 5.0885134118383817e+07
65 35 -2.8207726300136744e+00
65 49 -2.0453580720901106e+00
65 50 -1.9767765222032707e+00
65 65 4.2249521128794141e+07
66 36 -2.9765310104097371e+00
66 46 -1.9352697695590759e+00
66 51 -1.9741676365459122e+00
66 66 4.2647035231779367e+07
