%%MatrixMarket matrix coordinate real general
66 66 244
1 1 7.3652368092042223e+07
1 2 -3.4409520120369601e+00
1 7 -2.5115674683745053e+00
1 45 -2.3378181471723360e+00
2 1 -3.4409520120369601e+00
2 2 6.3790756561484918e+07
2 25 -2.1345340803484585e+00
2 34 -2.4055209379600226e+00
3 3 5.7931943972353354e+07
3 8 -3.0727587537981536e+00
3 20 -2.2786892621233572e+00
3 62 -2.5442268868164093e+00
4 4 5.7164696911926657e+07
4 6 -2.7976498632991493e+00
4 25 -2.8835225221340277e+00
4 64 -1.9990026703399899e+00
5 5 6.0889879923196532e+07
5 9 -3.0412534753292171e+00
5 30 -2.2920910667467482e+00
5 61 -2.6455501957410519e+00
6 4 -2.7976498632991493e+00
6 6 5.4596618753291875e+07
6 35 -2.1797365569686837e+00
6 63 -2.6481818088135318e+00
7 1 -2.5115674683745053e+00
7 7 5.8590245760935679e+07
7 36 -2.2093965713456565e+00
7 60 -2.7020866567011494e+00
8 3 -3.0727587537981536e+00
8 8 5.1218457494402088e+07
8 47 -1.8423769516721391e+00
8 49 -2.6305796497794462e+00
9 5 -3.0412534753292171e+00
9 9 5.3969593714714713e+07
9 46 -2.7118418366837944e+00
9 48 -1.8414739793732986e+00
10 10 5.8802586872583896e+07
10 19 -2.3031056243936674e+00
10 21 -2.4331834796851597e+00
11 11 5.8738127965983197e+07
11 23 -2.3628339220864492e+00
11 32 -2.4303202629225518e+00
12 12 5.8748317513192549e+07
12 24 -2.2834198541569508e+00
12 31 -2.4481130670315019e+00
13 13 5.7101262620637551e+07
13 15 -2.4518482152556982e+00
13 20 -2.3750051595723809e+00
13 30 -2.3531320944443395e+00
14 14 4.7275487383747287e+07
14 33 -2.0249636917226179e+00
14 34 -2.1522997452760655e+00
15 13 -2.4518482152556982e+00
15 15 6.5587269813575596e+07
15 47 -2.7582085380088537e+00
15 48 -2.7966736050825385e+00
16 16 6.6179659467739627e+07
16 21 -2.4761250139822977e+00
16 56 -3.1144805405750455e+00
17 17 5.9815598377285331e+07
17 23 -2.3998465485378979e+00
17 57 -2.8179069904967173e+00
18 18 6.0774100069103733e+07
18 24 -2.5030560007160876e+00
18 58 -2.8384364678763823e+00
19 10 -2.3031056243936674e+00
19 19 5.6668281336914577e+07
19 22 -2.4885207688844790e+00
19 36 -2.4207800503242400e+00
20 3 -2.2786892621233572e+00
20 13 -2.3750051595723809e+00
20 20 5.6116083485957928e+07
20 23 -2.5588500054830350e+00
21 10 -2.4331834796851597e+00
21 16 -2.4761250139822977e+00
21 21 6.2512439545407295e+07
21 46 -2.6744880171210355e+00
22 19 -2.4885207688844790e+00
22 22 6.0507198147013672e+07
22 59 -2.8389954303002902e+00
23 11 -2.3628339220864492e+00
23 17 -2.3998465485378979e+00
23 20 -2.5588500054830350e+00
23 23 5.8151211546071663e+07
24 12 -2.2834198541569508e+00
24 18 -2.5030560007160876e+00
24 24 5.6125068462709352e+07
24 35 -2.4708737889025882e+00
25 2 -2.1345340803484585e+00
25 4 -2.8835225221340277e+00
25 25 5.7424957396187842e+07
25 33 -2.4006050522104734e+00
26 26 6.7728121944060206e+07
26 31 -2.4854912638366078e+00
26 54 -3.1926153298710376e+00
27 27 5.7069273280844010e+07
27 32 -2.2779315027364850e+00
27 53 -2.7529813407262287e+00
28 28 6.5495327235175364e+07
28 33 -2.6459203055498466e+00
28 55 -3.1255289205023655e+00
29 29 6.2588403150058553e+07
29 34 -2.4560306480645178e+00
29 52 -3.0391534047548410e+00
30 5 -2.2920910667467482e+00
30 13 -2.3531320944443395e+00
30 30 5.6485685666263051e+07
30 32 -2.5645733449107531e+00
31 12 -2.4481130670315019e+00
31 26 -2.4854912638366078e+00
31 31 6.2400473314988084e+07
31 49 -2.6331987054089274e+00
32 11 -2.4303202629225518e+00
32 27 -2.2779315027364850e+00
32 30 -2.5645733449107531e+00
32 32 5.6513957526865870e+07
33 14 -2.0249636917226179e+00
33 25 -2.4006050522104734e+00
33 28 -2.6459203055498466e+00
33 33 5.0746459070193700e+07
34 2 -2.4055209379600226e+00
34 14 -2.1522997452760655e+00
34 29 -2.4560306480645178e+00
34 34 5.2824155493820913e+07
35 6 -2.1797365569686837e+00
35 24 -2.4708737889025882e+00
35 35 5.2358187050130390e+07
35 65 -2.8207814604378494e+00
36 7 -2.2093965713456565e+00
36 19 -2.4207800503242400e+00
36 36 5.5744103306634866e+07
36 66 -2.9765308811808002e+00
37 37 5.2619757217032544e+07
37 41 -3.0927586276909191e+00
37 54 -1.7917373910245344e+00
38 38 5.2552758548695087e+07
38 42 -3.0923072784052703e+00
38 53 -1.9122210433324083e+00
39 39 5.2346739070679970e+07
39 40 -3.0923067886831026e+00
39 55 -1.8047877322107457e+00
40 39 -3.0923067886831026e+00
40 40 5.2552356040655360e+07
40 58 -1.9111515049157206e+00
41 37 -3.0927586276909191e+00
41 41 5.2619925510455005e+07
41 57 -1.9101888064639039e+00
42 38 -3.0923072784052703e+00
42 42 5.2346773822984770e+07
42 56 -1.8196496691081150e+00
43 43 5.2287316639520958e+07
43 44 -3.0918646957850413e+00
43 59 -1.9103681970503381e+00
44 43 -3.0918646957850413e+00
44 44 5.2287315337293886e+07
44 52 -1.8180520830103901e+00
45 1 -2.3378181471723360e+00
45 45 5.7346946569968179e+07
45 51 -2.7545104766475181e+00
45 64 -2.1477130233173605e+00
46 9 -2.7118418366837944e+00
46 21 -2.6744880171210355e+00
46 46 4.9822907279504448e+07
46 66 -1.9352697202693883e+00
47 8 -1.8423769516721391e+00
47 15 -2.7582085380088537e+00
47 47 5.1774987630843967e+07
47 50 -2.7278519293777150e+00
48 9 -1.8414739793732986e+00
48 15 -2.7966736050825385e+00
48 48 5.4466819222410038e+07
48 51 -2.7934581594982562e+00
49 8 -2.6305796497794462e+00
49 31 -2.6331987054089274e+00
49 49 4.9397611572485588e+07
49 65 -2.0453642384907997e+00
50 47 -2.7278519293777150e+00
50 50 5.0767379465245135e+07
50 64 -3.0863741065056258e+00
50 65 -1.9767781765144998e+00
51 45 -2.7545104766475181e+00
51 48 -2.7934581594982562e+00
51 51 5.1822298457319021e+07
51 66 -1.9741676191373800e+00
52 29 -3.0391534047548410e+00
52 44 -1.8180520830103901e+00
52 52 4.7355029355370104e+07
52 60 -2.4214097286349374e+00
53 27 -2.7529813407262287e+00
53 38 -1.9122210433324083e+00
53 53 4.2906529002913728e+07
53 61 -2.1663563380570769e+00
54 26 -3.1926153298710376e+00
54 37 -1.7917373910245344e+00
54 54 4.8338826066709302e+07
54 62 -2.4230461534938721e+00
55 28 -3.1255289205023655e+00
55 39 -1.8047877322107457e+00
55 55 4.7739936424685784e+07
55 63 -2.4224524438999073e+00
56 16 -3.1144805405750455e+00
56 42 -1.8196496691081150e+00
56 56 4.6724331852907732e+07
56 61 -2.3152150037431443e+00
57 17 -2.8179069904967173e+00
57 41 -1.9101888064639039e+00
57 57 4.2682684714225069e+07
57 62 -2.0979982060126794e+00
58 18 -2.8384364678763823e+00
58 40 -1.9111515049157206e+00
58 58 4.2481790548046194e+07
58 63 -2.0781177497038388e+00
59 22 -2.8389954303002902e+00
59 43 -1.9103681970503381e+00
59 59 4.2406633247554533e+07
59 60 -2.0654998076162903e+00
60 7 -2.7020866567011494e+00
60 52 -2.4214097286349374e+00
60 59 -2.0654998076162903e+00
60 60 4.5653952890863873e+07
61 5 -2.6455501957410519e+00
61 53 -2.1663563380570769e+00
61 56 -2.3152150037431443e+00
61 61 4.5868063396670491e+07
62 3 -2.5442268868164093e+00
62 54 -2.4230461534938721e+00
62 57 -2.0979982060126794e+00
62 62 4.5384388336900465e+07
63 6 -2.6481818088135318e+00
63 55 -2.4224524438999073e+00
63 58 -2.0781177497038388e+00
63 63 4.4894366235674433e+07
64 4 -1.9990026703399899e+00
64 45 -2.1477130233173605e+00
64 50 -3.0863741065056258e+00
64 64 5.0885184108590908e+07
65 35 -2.8207814604378494e+00
65 49 -2.0453642384907997e+00
65 50 -1.9767781765144998e+00
65 65 4.2251244600556508e+07
66 36 -2.9765308811808002e+00
66 46 -1.9352697202693883e+00
66 51 -1.9741676191373800e+00
66 66 4.2647013617270969e+07
