%%MatrixMarket matrix coordinate real general
66 66 244
1 1 7.3652418721479118e+07
1 2 -3.4409523054077118e+00
1 7 -2.5115675824873227e+00
1 45 -2.3378181820726094e+00
2 1 -3.4409523054077118e+00
2 2 6.3791001600937411e+07
2 25 -2.1345343766394076e+00
2 34 -2.4055220055488187e+00
3 3 5.7925228332182318e+07
3 8 -3.0727483342115973e+00
3 20 -2.2786725510817800e+00
3 62 -2.5441925782512942e+00
4 4 5.7164236129436865e+07
4 6 -2.7976454192836826e+00
4 25 -2.8835222341636864e+00
4 64 -1.9990022796749638e+00
5 5 6.0885471028374314e+07
5 9 -3.0412483752519868e+00
5 30 -2.2920762063288120e+00
5 61 -2.6455312350666991e+00
6 4 -2.7976454192836826e+00
6 6 5.4592542914734878e+07
6 35 -2.1797223323218886e+00
6 63 -2.6481628942131019e+00
7 1 -2.5115675824873227e+00
7 7 5.8590348022477776e+07
7 36 -2.2093968026756263e+00
7 60 -2.7020871944859901e+00
8 3 -3.0727483342115973e+00
8 8 5.1215789509641580e+07
8 47 -1.8423748582744233e+00
8 49 -2.6305641552249432e+00
9 5 -3.0412483752519868e+00
9 9 5.3969108876529947e+07
9 46 -2.7118414557743762e+00
9 48 -1.8414736095546591e+00
10 10 5.8804211657240510e+07
10 19 -2.3031077509732882e+00
10 21 -2.4331855024743172e+00
11 11 5.8622481690140411e+07
11 23 -2.3626580565503024e+00
11 32 -2.4301366336935311e+00
12 12 5.8633806334314935e+07
12 24 -2.2832492692093544e+00
12 31 -2.4479396690171726e+00
13 13 5.7097626799978428e+07
13 15 -2.4518450254992552e+00
13 20 -2.3749901324647831e+00
13 30 -2.3531169338658899e+00
14 14 4.7276847176497608e+07
14 33 -2.0249655479529634e+00
14 34 -2.1523018479589728e+00
15 13 -2.4518450254992552e+00
15 15 6.5586872410791114e+07
15 47 -2.7582079092126790e+00
15 48 -2.7966731823937008e+00
16 16 6.6179856003493488e+07
16 21 -2.4761258621064770e+00
16 56 -3.1144729218073568e+00
17 17 5.9697123787746377e+07
17 23 -2.3996673657864815e+00
17 57 -2.8176652693417363e+00
18 18 6.0656477662835389e+07
18 24 -2.5028696693100514e+00
18 58 -2.8382054407889798e+00
19 10 -2.3031077509732882e+00
19 19 5.6669344252366289e+07
19 22 -2.4885230958436297e+00
19 36 -2.4207811279606526e+00
20 3 -2.2786725510817800e+00
20 13 -2.3749901324647831e+00
20 20 5.6101543596244991e+07
20 23 -2.5587692935892017e+00
21 10 -2.4331855024743172e+00
21 16 -2.4761258621064770e+00
21 21 6.2513356223285317e+07
21 46 -2.6744889909812914e+00
22 19 -2.4885230958436297e+00
22 22 6.0508897073846743e+07
22 59 -2.8389984473051650e+00
23 11 -2.3626580565503024e+00
23 17 -2.3996673657864815e+00
23 20 -2.5587692935892017e+00
23 23 5.8074474713747695e+07
24 12 -2.2832492692093544e+00
24 18 -2.5028696693100514e+00
24 24 5.6050116785306312e+07
24 35 -2.4707941186866189e+00
25 2 -2.1345343766394076e+00
25 4 -2.8835222341636864e+00
25 25 5.7425135639998965e+07
25 33 -2.4006060075273847e+00
26 26 6.7606170598362431e+07
26 31 -2.4853223819423742e+00
26 54 -3.1923722069020073e+00
27 27 5.6954968958373770e+07
27 32 -2.2777577471052020e+00
27 53 -2.7527505968646024e+00
28 28 6.5495584560614355e+07
28 33 -2.6459213517998093e+00
28 55 -3.1255214111590210e+00
29 29 6.2590134038617074e+07
29 34 -2.4560330357364704e+00
29 52 -3.0391564952558969e+00
30 5 -2.2920762063288120e+00
30 13 -2.3531169338658899e+00
30 30 5.6470744502961859e+07
30 32 -2.5644909393733637e+00
31 12 -2.4479396690171726e+00
31 26 -2.4853223819423742e+00
31 31 6.2325637160720870e+07
31 49 -2.6331177373004104e+00
32 11 -2.4301366336935311e+00
32 27 -2.2777577471052020e+00
32 30 -2.5644909393733637e+00
32 32 5.6436949952541813e+07
33 14 -2.0249655479529634e+00
33 25 -2.4006060075273847e+00
33 28 -2.6459213517998093e+00
33 33 5.0747359971586846e+07
34 2 -2.4055220055488187e+00
34 14 -2.1523018479589728e+00
34 29 -2.4560330357364704e+00
34 34 5.2825254219713755e+07
35 6 -2.1797223323218886e+00
35 24 -2.4707941186866189e+00
35 35 5.2344525322787099e+07
35 65 -2.8207613853176503e+00
36 7 -2.2093968026756263e+00
36 19 -2.4207811279606526e+00
36 36 5.5744303364494741e+07
36 66 -2.9765311740632692e+00
37 37 5.2478296425347313e+07
37 41 -3.0923716663324861e+00
37 54 -1.7915697677177573e+00
38 38 5.2456601992792852e+07
38 42 -3.0921191233019685e+00
38 53 -1.9120678655286145e+00
39 39 5.2309269258865446e+07
39 40 -3.0921190474216589e+00
39 55 -1.8047564525737212e+00
40 39 -3.0921190474216589e+00
40 40 5.2456534629133455e+07
40 58 -1.9110001210168888e+00
41 37 -3.0923716663324861e+00
41 41 5.2477931927982777e+07
41 57 -1.9099972225480697e+00
42 38 -3.0921191233019685e+00
42 42 5.2309268022086352e+07
42 56 -1.8196178113996093e+00
43 43 5.2289246849261612e+07
43 44 -3.0918692234821177e+00
43 59 -1.9103705800294337e+00
44 43 -3.0918692234821177e+00
44 44 5.2289242406526178e+07
44 52 -1.8180542575998868e+00
45 1 -2.3378181820726094e+00
45 45 5.7346944981714651e+07
45 51 -2.7545104745743214e+00
45 64 -2.1477129623342925e+00
46 9 -2.7118414557743762e+00
46 21 -2.6744889909812914e+00
46 46 4.9823030188678637e+07
46 66 -1.9352698578649350e+00
47 8 -1.8423748582744233e+00
47 15 -2.7582079092126790e+00
47 47 5.1774709518508963e+07
47 50 -2.7278512260502437e+00
48 9 -1.8414736095546591e+00
48 15 -2.7966731823937008e+00
48 48 5.4466756030300818e+07
48 51 -2.7934580928051829e+00
49 8 -2.6305641552249432e+00
49 31 -2.6331177373004104e+00
49 49 4.9385103015115574e+07
49 65 -2.0453503071612853e+00
50 47 -2.7278512260502437e+00
50 50 5.0766990190620057e+07
50 64 -3.0863735434172339e+00
50 65 -1.9767749591736268e+00
51 45 -2.7545104745743214e+00
51 48 -2.7934580928051829e+00
51 51 5.1822297963700540e+07
51 66 -1.9741676561845394e+00
52 29 -3.0391564952558969e+00
52 44 -1.8180542575998868e+00
52 52 4.7356117122086450e+07
52 60 -2.4214113026099682e+00
53 27 -2.7527505968646024e+00
53 38 -1.9120678655286145e+00
53 53 4.2836901346624658e+07
53 61 -2.1662742682893037e+00
54 26 -3.1923722069020073e+00
54 37 -1.7915697677177573e+00
54 54 4.8263852964821003e+07
54 62 -2.4229382454946493e+00
55 28 -3.1255214111590210e+00
55 39 -1.8047564525737212e+00
55 55 4.7732806694331132e+07
55 63 -2.4224309168547582e+00
56 16 -3.1144729218073568e+00
56 42 -1.8196178113996093e+00
56 56 4.6717146423018523e+07
56 61 -2.3151933075682076e+00
57 17 -2.8176652693417363e+00
57 41 -1.9099972225480697e+00
57 57 4.2606505662234053e+07
57 62 -2.0978985814418234e+00
58 18 -2.8382054407889798e+00
58 40 -1.9110001210168888e+00
58 58 4.2414497733704515e+07
58 63 -2.0780403192841850e+00
59 22 -2.8389984473051650e+00
59 43 -1.9103705800294337e+00
59 59 4.2407690848820537e+07
59 60 -2.0655011954380411e+00
60 7 -2.7020871944859901e+00
60 52 -2.4214113026099682e+00
60 59 -2.0655011954380411e+00
60 60 4.5654376392022915e+07
61 5 -2.6455312350666991e+00
61 53 -2.1662742682893037e+00
61 56 -2.3151933075682076e+00
61 61 4.5852954936697476e+07
62 3 -2.5441925782512942e+00
62 54 -2.4229382454946493e+00
62 57 -2.0978985814418234e+00
62 62 4.5355665954758056e+07
63 6 -2.6481628942131019e+00
63 55 -2.4224309168547582e+00
63 58 -2.0780403192841850e+00
63 63 4.4880318875783019e+07
64 4 -1.9990022796749638e+00
64 45 -2.1477129623342925e+00
64 50 -3.0863735434172339e+00
64 64 5.0885109086388014e+07
65 35 -2.8207613853176503e+00
65 49 -2.0453503071612853e+00
65 50 -1.9767749591736268e+00
65 65 4.2247835919882581e+07
66 36 -2.9765311740632692e+00
66 46 -1.9352698578649350e+00
66 51 -1.9741676561845394e+00
66 66 4.2647057799093194e+07
