%%MatrixMarket matrix coordinate real general
66 66 244
1 1 7.3652408886688605e+07
1 2 -3.4409522250319529e+00
1 7 -2.5115675591311133e+00
1 45 -2.3378181749567961e+00
2 1 -3.4409522250319529e+00
2 2 6.3790930426785320e+07
2 25 -2.1345342827678366e+00
2 34 -2.4055216009373956e+00
3 3 5.7926647834680326e+07
3 8 -3.0727504837588211e+00
3 20 -2.2786769358868466e+00
3 62 -2.5442022362836476e+00
4 4 5.7164302557468802e+07
4 6 -2.7976463440118100e+00
4 25 -2.8835222385436894e+00
4 64 -1.9990023334676132e+00
5 5 6.0886415149456091e+07
5 9 -3.0412494332455764e+00
5 30 -2.2920802608177455e+00
5 61 -2.6455365972584084e+00
6 4 -2.7976463440118100e+00
6 6 5.4593420288219079e+07
6 35 -2.1797262162780138e+00
6 63 -2.6481682365622561e+00
7 1 -2.5115675591311133e+00
7 7 5.8590326543413788e+07
7 36 -2.2093967428096208e+00
7 60 -2.7020870430347279e+00
8 3 -3.0727504837588211e+00
8 8 5.1216303345379367e+07
8 47 -1.8423752487959744e+00
8 49 -2.6305683624704161e+00
9 5 -3.0412494332455764e+00
9 9 5.3969179330569915e+07
9 46 -2.7118414815606862e+00
9 48 -1.8414736612424507e+00
10 10 5.8803405068843886e+07
10 19 -2.3031067858692955e+00
10 21 -2.4331845537103343e+00
11 11 5.8679427581060007e+07
11 23 -2.3627368120308376e+00
11 32 -2.4302190628649489e+00
12 12 5.8690413814477131e+07
12 24 -2.2833259519140015e+00
12 31 -2.4480171947009080e+00
13 13 5.7098382514118850e+07
13 15 -2.4518456676426323e+00
13 20 -2.3749941962046339e+00
13 30 -2.3531210897562982e+00
14 14 4.7276121047261134e+07
14 33 -2.0249646252416467e+00
14 34 -2.1523008486753863e+00
15 13 -2.4518456676426323e+00
15 15 6.5586927904266626e+07
15 47 -2.7582079936089881e+00
15 48 -2.7966732388935704e+00
16 16 6.6179370654238209e+07
16 21 -2.4761251974775602e+00
16 56 -3.1144746069782876e+00
17 17 5.9754330272967272e+07
17 23 -2.3997467823916279e+00
17 57 -2.8177728620253739e+00
18 18 6.0713351935554355e+07
18 24 -2.5029524400055032e+00
18 58 -2.8383096391205780e+00
19 10 -2.3031067858692955e+00
19 19 5.6668930767811380e+07
19 22 -2.4885220591696529e+00
19 36 -2.4207807268091077e+00
20 3 -2.2786769358868466e+00
20 13 -2.3749941962046339e+00
20 20 5.6105688129553124e+07
20 23 -2.5587991075032699e+00
21 10 -2.4331845537103343e+00
21 16 -2.4761251974775602e+00
21 21 6.2512970599339418e+07
21 46 -2.6744885861190437e+00
22 19 -2.4885220591696529e+00
22 22 6.0508079853060283e+07
22 59 -2.8389970955845487e+00
23 11 -2.3627368120308376e+00
23 17 -2.3997467823916279e+00
23 20 -2.5587991075032699e+00
23 23 5.8104049658521391e+07
24 12 -2.2833259519140015e+00
24 18 -2.5029524400055032e+00
24 24 5.6079107329725727e+07
24 35 -2.4708237386273924e+00
25 2 -2.1345342827678366e+00
25 4 -2.8835222385436894e+00
25 25 5.7425072325637721e+07
25 33 -2.4006055997921392e+00
26 26 6.7663170541303635e+07
26 31 -2.4853955625441770e+00
26 54 -3.1924777982208381e+00
27 27 5.7011375750378646e+07
27 32 -2.2778358184181422e+00
27 53 -2.7528558854083833e+00
28 28 6.5495086040006496e+07
28 33 -2.6459205433232094e+00
28 55 -3.1255230655742294e+00
29 29 6.2589311403355137e+07
29 34 -2.4560319708914133e+00
29 52 -3.0391551291865651e+00
30 5 -2.2920802608177455e+00
30 13 -2.3531210897562982e+00
30 30 5.6475065715207227e+07
30 32 -2.5645216418695056e+00
31 12 -2.4480171947009080e+00
31 26 -2.4853955625441770e+00
31 31 6.2354088981111221e+07
31 49 -2.6331473929691449e+00
32 11 -2.4302190628649489e+00
32 27 -2.2778358184181422e+00
32 30 -2.5645216418695056e+00
32 32 5.6466871349913560e+07
33 14 -2.0249646252416467e+00
33 25 -2.4006055997921392e+00
33 28 -2.6459205433232094e+00
33 33 5.0746962832279131e+07
34 2 -2.4055216009373956e+00
34 14 -2.1523008486753863e+00
34 29 -2.4560319708914133e+00
34 34 5.2824814226917647e+07
35 6 -2.1797262162780138e+00
35 24 -2.4708237386273924e+00
35 35 5.2348477933968276e+07
35 65 -2.8207669093566587e+00
36 7 -2.2093967428096208e+00
36 19 -2.4207807268091077e+00
36 36 5.5744246578018613e+07
36 66 -2.9765310940834713e+00
37 37 5.2547582177865878e+07
37 41 -3.0925590626596087e+00
37 54 -1.7916455168950962e+00
38 38 5.2506850747646771e+07
38 42 -3.0922104760407589e+00
38 53 -1.9121393189448566e+00
39 39 5.2325288338671245e+07
39 40 -3.0922102606658433e+00
39 55 -1.8047690897683091e+00
40 39 -3.0922102606658433e+00
40 40 5.2506665535837241e+07
40 58 -1.9110707298369702e+00
41 37 -3.0925590626596087e+00
41 41 5.2547263006964192e+07
41 57 -1.9100841121117929e+00
42 38 -3.0922104760407589e+00
42 42 5.2325292572456002e+07
42 56 -1.8196306688260446e+00
43 43 5.2288290415178932e+07
43 44 -3.0918669786497266e+00
43 59 -1.9103694863192586e+00
44 43 -3.0918669786497266e+00
44 44 5.2288285681661785e+07
44 52 -1.8180532638953191e+00
45 1 -2.3378181749567961e+00
45 45 5.7346944810848951e+07
45 51 -2.7545104739855790e+00
45 64 -2.1477129680860756e+00
46 9 -2.7118414815606862e+00
46 21 -2.6744885861190437e+00
46 46 4.9822983457211785e+07
46 66 -1.9352698113750999e+00
47 8 -1.8423752487959744e+00
47 15 -2.7582079936089881e+00
47 47 5.1774744714237340e+07
47 50 -2.7278513229171875e+00
48 9 -1.8414736612424507e+00
48 15 -2.7966732388935704e+00
48 48 5.4466762141012646e+07
48 51 -2.7934580987748570e+00
49 8 -2.6305683624704161e+00
49 31 -2.6331473929691449e+00
49 49 4.9388703696888991e+07
49 65 -2.0453541046299093e+00
50 47 -2.7278513229171875e+00
50 50 5.0767046908753671e+07
50 64 -3.0863736212586756e+00
50 65 -1.9767756261025271e+00
51 45 -2.7545104739855790e+00
51 48 -2.7934580987748570e+00
51 51 5.1822297548118688e+07
51 66 -1.9741676474462413e+00
52 29 -3.0391551291865651e+00
52 44 -1.8180532638953191e+00
52 52 4.7355693252831489e+07
52 60 -2.4214107281382198e+00
53 27 -2.7528558854083833e+00
53 38 -1.9121393189448566e+00
53 53 4.2865035361892037e+07
53 61 -2.1663059146126296e+00
54 26 -3.1924777982208381e+00
54 37 -1.7916455168950962e+00
54 54 4.8292594548674271e+07
54 62 -2.4229771926816470e+00
55 28 -3.1255230655742294e+00
55 39 -1.8047690897683091e+00
55 55 4.7734815004463300e+07
55 63 -2.4224372711755628e+00
56 16 -3.1144746069782876e+00
56 42 -1.8196306688260446e+00
56 56 4.6719174389390491e+07
56 61 -2.3151997364424770e+00
57 17 -2.8177728620253739e+00
57 41 -1.9100841121117929e+00
57 57 4.2636289207550339e+07
57 62 -2.0979350068938545e+00
58 18 -2.8383096391205780e+00
58 40 -1.9110707298369702e+00
58 58 4.2441570230057932e+07
58 63 -2.0780701294763313e+00
59 22 -2.8389970955845487e+00
59 43 -1.9103694863192586e+00
59 59 4.2407272723549731e+07
59 60 -2.0655006841957024e+00
60 7 -2.7020870430347279e+00
60 52 -2.4214107281382198e+00
60 59 -2.0655006841957024e+00
60 60 4.5654249700895205e+07
61 5 -2.6455365972584084e+00
61 53 -2.1663059146126296e+00
61 56 -2.3151997364424770e+00
61 61 4.5857518526912756e+07
62 3 -2.5442022362836476e+00
62 54 -2.4229771926816470e+00
62 57 -2.0979350068938545e+00
62 62 4.5364246029293776e+07
63 6 -2.6481682365622561e+00
63 55 -2.4224372711755628e+00
63 58 -2.0780701294763313e+00
63 63 4.4884546020668164e+07
64 4 -1.9990023334676132e+00
64 45 -2.1477129680860756e+00
64 50 -3.0863736212586756e+00
64 64 5.0885116475152545e+07
65 35 -2.8207669093566587e+00
65 49 -2.0453541046299093e+00
65 50 -1.9767756261025271e+00
65 65 4.2248565183274366e+07
66 36 -2.9765310940834713e+00
66 46 -1.9352698113750999e+00
66 51 -1.9741676474462413e+00
66 66 4.2647047887558840e+07
