%%MatrixMarket matrix coordinate real general
66 66 244
1 1 7.3652381681313962e+07
1 2 -3.4409520740732193e+00
1 7 -2.5115674980053311e+00
1 45 -2.3378181560869846e+00
2 1 -3.4409520740732193e+00
2 2 6.3790805491598554e+07
2 25 -2.1345341328107899e+00
2 34 -2.4055211023073442e+00
3 3 5.7930236269772775e+07
3 8 -3.0727560589826304e+00
3 20 -2.2786855852736956e+00
3 62 -2.5442198173955770e+00
4 4 5.7164552516744964e+07
4 6 -2.7976487209160852e+00
4 25 -2.8835224021229124e+00
4 64 -1.9990025448769098e+00
5 5 6.0888769952653773e+07
5 9 -3.0412521616293717e+00
5 30 -2.2920879064150719e+00
5 61 -2.6455462797519509e+00
6 4 -2.7976487209160852e+00
6 6 5.4595596540136002e+07
6 35 -2.1797335329837892e+00
6 63 -2.6481779087311828e+00
7 1 -2.5115674980053311e+00
7 7 5.8590271854162112e+07
7 36 -2.2093966227890829e+00
7 60 -2.7020867678374563e+00
8 3 -3.0727560589826304e+00
8 8 5.1217735278983518e+07
8 47 -1.8423763727000741e+00
8 49 -2.6305763256106620e+00
9 5 -3.0412521616293717e+00
9 9 5.3969442329077281e+07
9 46 -2.7118416938592960e+00
9 48 -1.8414738613988886e+00
10 10 5.8802756736462958e+07
10 19 -2.3031058838597374e+00
10 21 -2.4331837070896207e+00
11 11 5.8725788851225920e+07
11 23 -2.3628120045055176e+00
11 32 -2.4302975034007042e+00
12 12 5.8736192331695855e+07
12 24 -2.2833987284892481e+00
12 31 -2.4480913149446093e+00
13 13 5.7100326906528138e+07
13 15 -2.4518473752131329e+00
13 20 -2.3750019315026241e+00
13 30 -2.3531288789525306e+00
14 14 4.7275610309383392e+07
14 33 -2.0249638786178585e+00
14 34 -2.1522999838882124e+00
15 13 -2.4518473752131329e+00
15 15 6.5587142484557167e+07
15 47 -2.7582083326522144e+00
15 48 -2.7966734666447115e+00
16 16 6.6179476431995533e+07
16 21 -2.4761249621850618e+00
16 56 -3.1144787440008961e+00
17 17 5.9802431063180290e+07
17 23 -2.3998237966032945e+00
17 57 -2.8178765626097921e+00
18 18 6.0761080374764465e+07
18 24 -2.5030324083082474e+00
18 58 -2.8384079412807908e+00
19 10 -2.3031058838597374e+00
19 19 5.6668439268707059e+07
19 22 -2.4885210621960971e+00
19 36 -2.4207802202224546e+00
20 3 -2.2786855852736956e+00
20 13 -2.3750019315026241e+00
20 20 5.6113102415398933e+07
20 23 -2.5588371635840526e+00
21 10 -2.4331837070896207e+00
21 16 -2.4761249621850618e+00
21 21 6.2512555315938368e+07
21 46 -2.6744881396796303e+00
22 19 -2.4885210621960971e+00
22 22 6.0507388215950876e+07
22 59 -2.8389958067906327e+00
23 11 -2.3628120045055176e+00
23 17 -2.3998237966032945e+00
23 20 -2.5588371635840526e+00
23 23 5.8139643502209216e+07
24 12 -2.2833987284892481e+00
24 18 -2.5030324083082474e+00
24 24 5.6113831448652655e+07
24 35 -2.4708612350052830e+00
25 2 -2.1345341328107899e+00
25 4 -2.8835224021229124e+00
25 25 5.7424983086705633e+07
25 33 -2.4006051677058085e+00
26 26 6.7713743852887616e+07
26 31 -2.4854689611618244e+00
26 54 -3.1925833013402527e+00
27 27 5.7057102573306136e+07
27 32 -2.2779099607715549e+00
27 53 -2.7529535005345802e+00
28 28 6.5495159104047187e+07
28 33 -2.6459202486453695e+00
28 55 -3.1255271460886886e+00
29 29 6.2588600816106640e+07
29 34 -2.4560309475402482e+00
29 52 -3.0391537987542305e+00
30 5 -2.2920879064150719e+00
30 13 -2.3531288789525306e+00
30 30 5.6482668742967762e+07
30 32 -2.5645604049126174e+00
31 12 -2.4480913149446093e+00
31 26 -2.4854689611618244e+00
31 31 6.2388976581029750e+07
31 49 -2.6331856462568264e+00
32 11 -2.4302975034007042e+00
32 27 -2.2779099607715549e+00
32 30 -2.5645604049126174e+00
32 32 5.6502484399885066e+07
33 14 -2.0249638786178585e+00
33 25 -2.4006051677058085e+00
33 28 -2.6459202486453695e+00
33 33 5.0746563880525246e+07
34 2 -2.4055211023073442e+00
34 14 -2.1522999838882124e+00
34 29 -2.4560309475402482e+00
34 34 5.2824312451693773e+07
35 6 -2.1797335329837892e+00
35 24 -2.4708612350052830e+00
35 35 5.2355427545125067e+07
35 65 -2.8207772195088920e+00
36 7 -2.2093966227890829e+00
36 19 -2.4207802202224546e+00
36 36 5.5744144423953474e+07
36 66 -2.9765309431594935e+00
37 37 5.2604667152539156e+07
37 41 -3.0927164596248651e+00
37 54 -1.7917167591106662e+00
38 38 5.2543697729622938e+07
38 42 -3.0922867866365249e+00
38 53 -1.9122031824104289e+00
39 39 5.2341895701841190e+07
39 40 -3.0922863713715731e+00
39 55 -1.8047832840255793e+00
40 39 -3.0922863713715731e+00
40 40 5.2543349752485454e+07
40 58 -1.9111338152623840e+00
41 37 -3.0927164596248651e+00
41 41 5.2604684980112642e+07
41 57 -1.9101655101296240e+00
42 38 -3.0922867866365249e+00
42 42 5.2341920363412671e+07
42 56 -1.8196451322728748e+00
43 43 5.2287517657173902e+07
43 44 -3.0918651667080983e+00
43 59 -1.9103684810857664e+00
44 43 -3.0918651667080983e+00
44 44 5.2287515244636022e+07
44 52 -1.8180523445164727e+00
45 1 -2.3378181560869846e+00
45 45 5.7346945498440340e+07
45 51 -2.7545104747449480e+00
45 64 -2.1477130004735829e+00
46 9 -2.7118416938592960e+00
46 21 -2.6744881396796303e+00
46 46 4.9822922318392895e+07
46 66 -1.9352697414698889e+00
47 8 -1.8423763727000741e+00
47 15 -2.7582083326522144e+00
47 47 5.1774894364106953e+07
47 50 -2.7278517025719258e+00
48 9 -1.8414738613988886e+00
48 15 -2.7966734666447115e+00
48 48 5.4466795739629425e+07
48 51 -2.7934581340428548e+00
49 8 -2.6305763256106620e+00
49 31 -2.6331856462568264e+00
49 49 4.9395072080053195e+07
49 65 -2.0453612709140958e+00
50 47 -2.7278517025719258e+00
50 50 5.0767257505323462e+07
50 64 -3.0863739251920159e+00
50 65 -1.9767773466790228e+00
51 45 -2.7545104747449480e+00
51 48 -2.7934581340428548e+00
51 51 5.1822297624871813e+07
51 66 -1.9741676274171966e+00
52 29 -3.0391537987542305e+00
52 44 -1.8180523445164727e+00
52 52 4.7355190775948584e+07
52 60 -2.4214099821220154e+00
53 27 -2.7529535005345802e+00
53 38 -1.9122031824104289e+00
53 53 4.2896707445290208e+07
53 61 -2.1663440111766965e+00
54 26 -3.1925833013402527e+00
54 37 -1.7917167591106662e+00
54 54 4.8327409477942601e+07
54 62 -2.4230284648467473e+00
55 28 -3.1255271460886886e+00
55 39 -1.8047832840255793e+00
55 55 4.7738477186818168e+07
55 63 -2.4224482027870549e+00
56 16 -3.1144787440008961e+00
56 42 -1.8196451322728748e+00
56 56 4.6722863894830391e+07
56 61 -2.3152107351095315e+00
57 17 -2.8178765626097921e+00
57 41 -1.9101655101296240e+00
57 57 4.2671418158890896e+07
57 62 -2.0979822512261759e+00
58 18 -2.8384079412807908e+00
58 40 -1.9111338152623840e+00
58 58 4.2472230332494870e+07
58 63 -2.0781060723656157e+00
59 22 -2.8389958067906327e+00
59 43 -1.9103684810857664e+00
59 59 4.2406787017874427e+07
59 60 -2.0655000286185099e+00
60 7 -2.7020867678374563e+00
60 52 -2.4214099821220154e+00
60 59 -2.0655000286185099e+00
60 60 4.5654035377153963e+07
61 5 -2.6455462797519509e+00
61 53 -2.1663440111766965e+00
61 56 -2.3152107351095315e+00
61 61 4.5865140864548959e+07
62 3 -2.5442198173955770e+00
62 54 -2.4230284648467473e+00
62 57 -2.0979822512261759e+00
62 62 4.5378785039642967e+07
63 6 -2.6481779087311828e+00
63 55 -2.4224482027870549e+00
63 58 -2.0781060723656157e+00
63 63 4.4891640170075014e+07
64 4 -1.9990025448769098e+00
64 45 -2.1477130004735829e+00
64 50 -3.0863739251920159e+00
64 64 5.0885156470589936e+07
65 35 -2.8207772195088920e+00
65 49 -2.0453612709140958e+00
65 50 -1.9767773466790228e+00
65 65 4.2250385585130505e+07
66 36 -2.9765309431594935e+00
66 46 -1.9352697414698889e+00
66 51 -1.9741676274171966e+00
66 66 4.2647024183416851e+07
