%%MatrixMarket matrix coordinate real general
66 66 244
1 1 7.3652413051291868e+07
1 2 -3.4409522550203753e+00
1 7 -2.5115675688667856e+00
1 45 -2.3378181779554086e+00
2 1 -3.4409522550203753e+00
2 2 6.3790956486504413e+07
2 25 -2.1345343165168376e+00
2 34 -2.4055217307026777e+00
3 3 5.7926062130488783e+07
3 8 -3.0727495905204689e+00
3 20 -2.2786752765490612e+00
3 62 -2.5441986828558991e+00
4 4 5.7164271628007859e+07
4 6 -2.7976459606017694e+00
4 25 -2.8835222293799108e+00
4 64 -1.9990023081676793e+00
5 5 6.0886026785574555e+07
5 9 -3.0412489941608309e+00
5 30 -2.2920787466403731e+00
5 61 -2.6455346209977431e+00
6 4 -2.7976459606017694e+00
6 6 5.4593059924331397e+07
6 35 -2.1797247666246293e+00
6 63 -2.6481662656846767e+00
7 1 -2.5115675688667856e+00
7 7 5.8590335428994492e+07
7 36 -2.2093967655868241e+00
7 60 -2.7020870989706953e+00
8 3 -3.0727495905204689e+00
8 8 5.1216085522813752e+07
8 47 -1.8423750819147513e+00
8 49 -2.6305667935089718e+00
9 5 -3.0412489941608309e+00
9 9 5.3969146609281726e+07
9 46 -2.7118414639936050e+00
9 48 -1.8414736370372604e+00
10 10 5.8803623319446050e+07
10 19 -2.3031070622889240e+00
10 21 -2.4331848229814073e+00
11 11 5.8663974861339040e+07
11 23 -2.3627141251274626e+00
11 32 -2.4301953268035321e+00
12 12 5.8675084123705536e+07
12 24 -2.2833038887223114e+00
12 31 -2.4479949455803873e+00
13 13 5.7098069164710082e+07
13 15 -2.4518453991338860e+00
13 20 -2.3749926762387061e+00
13 30 -2.3531195416952029e+00
14 14 4.7276307763063423e+07
14 33 -2.0249648778787335e+00
14 34 -2.1523011262270848e+00
15 13 -2.4518453991338860e+00
15 15 6.5586902004067883e+07
15 47 -2.7582079538366235e+00
15 48 -2.7966732122589248e+00
16 16 6.6179461716817647e+07
16 21 -2.4761253585282925e+00
16 56 -3.1144738819288516e+00
17 17 5.9738631069362834e+07
17 23 -2.3997237084889522e+00
17 57 -2.8177417817298513e+00
18 18 6.0697719198911056e+07
18 24 -2.5029283302505405e+00
18 58 -2.8382796267935246e+00
19 10 -2.3031070622889240e+00
19 19 5.6669061906841680e+07
19 22 -2.4885223588299494e+00
19 36 -2.4207808565071223e+00
20 3 -2.2786752765490612e+00
20 13 -2.3749926762387061e+00
20 20 5.6104167235346876e+07
20 23 -2.5587893882808448e+00
21 10 -2.4331848229814073e+00
21 16 -2.4761253585282925e+00
21 21 6.2513090687167153e+07
21 46 -2.6744887138256832e+00
22 19 -2.4885223588299494e+00
22 22 6.0508304411821276e+07
22 59 -2.8389974853353355e+00
23 11 -2.3627141251274626e+00
23 17 -2.3997237084889522e+00
23 20 -2.5587893882808448e+00
23 23 5.8094628230662242e+07
24 12 -2.2833038887223114e+00
24 18 -2.5029283302505405e+00
24 24 5.6069881934184805e+07
24 35 -2.4708140913546965e+00
25 2 -2.1345343165168376e+00
25 4 -2.8835222293799108e+00
25 25 5.7425094589511015e+07
25 33 -2.4006057265946468e+00
26 26 6.7647196070497647e+07
26 31 -2.4853740327216824e+00
26 54 -3.1924466897455086e+00
27 27 5.6996092469437443e+07
27 32 -2.2778133348271519e+00
27 53 -2.7528259245750362e+00
28 28 6.5495182580562562e+07
28 33 -2.6459207397168925e+00
28 55 -3.1255223520392645e+00
29 29 6.2589539192205101e+07
29 34 -2.4560322791516342e+00
29 52 -3.0391555260682335e+00
30 5 -2.2920787466403731e+00
30 13 -2.3531195416952029e+00
30 30 5.6473486450613119e+07
30 32 -2.5645116556674745e+00
31 12 -2.4479949455803873e+00
31 26 -2.4853740327216824e+00
31 31 6.2344991296877548e+07
31 49 -2.6331377864939092e+00
32 11 -2.4301953268035321e+00
32 27 -2.2778133348271519e+00
32 30 -2.5645116556674745e+00
32 32 5.6457371773654990e+07
33 14 -2.0249648778787335e+00
33 25 -2.4006057265946468e+00
33 28 -2.6459207397168925e+00
33 33 5.0747083795164764e+07
34 2 -2.4055217307026777e+00
34 14 -2.1523011262270848e+00
34 29 -2.4560322791516342e+00
34 34 5.2824951825633667e+07
35 6 -2.1797247666246293e+00
35 24 -2.4708140913546965e+00
35 35 5.2347034366096608e+07
35 65 -2.8207648539135053e+00
36 7 -2.2093967655868241e+00
36 19 -2.4207808565071223e+00
36 36 5.5744267466259830e+07
36 66 -2.9765311239939933e+00
37 37 5.2528596067803480e+07
37 41 -3.0925074159617876e+00
37 54 -1.7916237415834064e+00
38 38 5.2493651799856789e+07
38 42 -3.0921852505045049e+00
38 53 -1.9121191648560325e+00
39 39 5.2320427614329144e+07
39 40 -3.0921850813072487e+00
39 55 -1.8047651609976378e+00
40 39 -3.0921850813072487e+00
40 40 5.2493506259414315e+07
40 58 -1.9110508056294813e+00
41 37 -3.0925074159617876e+00
41 41 5.2528232369250454e+07
41 57 -1.9100592124254532e+00
42 38 -3.0921852505045049e+00
42 42 5.2320429052591272e+07
42 56 -1.8196266696351147e+00
43 43 5.2288550648511872e+07
43 44 -3.0918675892834675e+00
43 59 -1.9103697985494557e+00
44 43 -3.0918675892834675e+00
44 44 5.2288545720861875e+07
44 52 -1.8180535480680164e+00
45 1 -2.3378181779554086e+00
45 45 5.7346944862364106e+07
45 51 -2.7545104741937871e+00
45 64 -2.1477129651127407e+00
46 9 -2.7118414639936050e+00
46 21 -2.6744887138256832e+00
46 46 4.9822999702747911e+07
46 66 -1.9352698280523164e+00
47 8 -1.8423750819147513e+00
47 15 -2.7582079538366235e+00
47 47 5.1774727879812494e+07
47 50 -2.7278512775447359e+00
48 9 -1.8414736370372604e+00
48 15 -2.7966732122589248e+00
48 48 5.4466759004829846e+07
48 51 -2.7934580956514670e+00
49 8 -2.6305667935089718e+00
49 31 -2.6331377864939092e+00
49 49 4.9387386696199045e+07
49 65 -2.0453526870439691e+00
50 47 -2.7278512775447359e+00
50 50 5.0767020691165134e+07
50 64 -3.0863735848395955e+00
50 65 -1.9767753493884170e+00
51 45 -2.7545104741937871e+00
51 48 -2.7934580956514670e+00
51 51 5.1822297703849100e+07
51 66 -1.9741676510098005e+00
52 29 -3.0391555260682335e+00
52 44 -1.8180535480680164e+00
52 52 4.7355827502343737e+07
52 60 -2.4214109158613826e+00
53 27 -2.7528259245750362e+00
53 38 -1.9121191648560325e+00
53 53 4.2856290404179595e+07
53 61 -2.1662958925367835e+00
54 26 -3.1924466897455086e+00
54 37 -1.7916237415834064e+00
54 54 4.8283432643475078e+07
54 62 -2.4229644096045253e+00
55 28 -3.1255223520392645e+00
55 39 -1.8047651609976378e+00
55 55 4.7734066648926690e+07
55 63 -2.4224349564004175e+00
56 16 -3.1144738819288516e+00
56 42 -1.8196266696351147e+00
56 56 4.6718419262517713e+07
56 61 -2.3151973987744148e+00
57 17 -2.8177417817298513e+00
57 41 -1.9100592124254532e+00
57 57 4.2626891235739641e+07
57 62 -2.0979231854986713e+00
58 18 -2.8382796267935246e+00
58 40 -1.9110508056294813e+00
58 58 4.2433135457443021e+07
58 63 -2.0780606692007364e+00
59 22 -2.8389974853353355e+00
59 43 -1.9103697985494557e+00
59 59 4.2407404306171834e+07
59 60 -2.0655008505529056e+00
60 7 -2.7020870989706953e+00
60 52 -2.4214109158613826e+00
60 59 -2.0655008505529056e+00
60 60 4.5654295526324682e+07
61 5 -2.6455346209977431e+00
61 53 -2.1662958925367835e+00
61 56 -2.3151973987744148e+00
61 61 4.5855875518681154e+07
62 3 -2.5441986828558991e+00
62 54 -2.4229644096045253e+00
62 57 -2.0979231854986713e+00
62 62 4.5361146031873412e+07
63 6 -2.6481662656846767e+00
63 55 -2.4224349564004175e+00
63 58 -2.0780606692007364e+00
63 63 4.4883021920929551e+07
64 4 -1.9990023081676793e+00
64 45 -2.1477129651127407e+00
64 50 -3.0863735848395955e+00
64 64 5.0885112691524900e+07
65 35 -2.8207648539135053e+00
65 49 -2.0453526870439691e+00
65 50 -1.9767753493884170e+00
65 65 4.2248265185301043e+07
66 36 -2.9765311239939933e+00
66 46 -1.9352698280523164e+00
66 51 -1.9741676510098005e+00
66 66 4.2647051942736618e+07
