%%MatrixMarket matrix coordinate real general
66 66 244
1 1 7.3652362016957074e+07
1 2 -3.4409519859400222e+00
1 7 -2.5115674552507059e+00
1 45 -2.3378181433044452e+00
2 1 -3.4409519859400222e+00
2 2 6.3790736336809628e+07
2 25 -2.1345340598561409e+00
2 34 -2.4055208732203801e+00
3 3 5.7932695757074043e+07
3 8 -3.0727599467329481e+00
3 20 -2.2786908287405256e+00
3 62 -2.5442298405499959e+00
4 4 5.7164764573335513e+07
4 6 -2.7976503683575999e+00
4 25 -2.8835225815051726e+00
4 64 -1.9990027297244040e+00
5 5 6.0890367437005438e+07
5 9 -3.0412540566641497e+00
5 30 -2.2920924012111885e+00
5 61 -2.6455518560077529e+00
6 4 -2.7976503683575999e+00
6 6 5.4597066994468324e+07
6 35 -2.1797378336098054e+00
6 63 -2.6481834664624970e+00
7 1 -2.5115674552507059e+00
7 7 5.8590234262540825e+07
7 36 -2.2093965493682659e+00
7 60 -2.7020866101440868e+00
8 3 -3.0727599467329481e+00
8 8 5.1218782076674499e+07
8 47 -1.8423772139166914e+00
8 49 -2.6305810603996562e+00
9 5 -3.0412540566641497e+00
9 9 5.3969664570719972e+07
9 46 -2.7118419061101426e+00
9 48 -1.8414740350929431e+00
10 10 5.8802524278123483e+07
10 19 -2.3031055259950750e+00
10 21 -2.4331833963893792e+00
11 11 5.8742752923121855e+07
11 23 -2.3628422376518241e+00
11 32 -2.4303289520576126e+00
12 12 5.8752849299960814e+07
12 24 -2.2834278455142432e+00
12 31 -2.4481213068973777e+00
13 13 5.7101676455440722e+07
13 15 -2.4518485898199112e+00
13 20 -2.3750065277016663e+00
13 30 -2.3531334520785885e+00
14 14 4.7275443225172423e+07
14 33 -2.0249636250314036e+00
14 34 -2.1522996558440548e+00
15 13 -2.4518485898199112e+00
15 15 6.5587330168009177e+07
15 47 -2.7582086360324602e+00
15 48 -2.7966736712723388e+00
16 16 6.6179751473489627e+07
16 21 -2.4761250523261782e+00
16 56 -3.1144813050260507e+00
17 17 5.9820566048709162e+07
17 23 -2.3998551809379780e+00
17 57 -2.8179185975333647e+00
18 18 6.0778994847532958e+07
18 24 -2.5030649429127672e+00
18 58 -2.8384471905151325e+00
19 10 -2.3031055259950750e+00
19 19 5.6668219629167512e+07
19 22 -2.4885206567299689e+00
19 36 -2.4207799829562489e+00
20 3 -2.2786908287405256e+00
20 13 -2.3750065277016663e+00
20 20 5.6117331597380623e+07
20 23 -2.5588550889785093e+00
21 10 -2.4331833963893792e+00
21 16 -2.4761250523261782e+00
21 21 6.2512397523398280e+07
21 46 -2.6744879735330187e+00
22 19 -2.4885206567299689e+00
22 22 6.0507126798382208e+07
22 59 -2.8389952866868597e+00
23 11 -2.3628422376518241e+00
23 17 -2.3998551809379780e+00
23 20 -2.5588550889785093e+00
23 23 5.8155747870587781e+07
24 12 -2.2834278455142432e+00
24 18 -2.5030649429127672e+00
24 24 5.6129471942050777e+07
24 35 -2.4708787585871099e+00
25 2 -2.1345340598561409e+00
25 4 -2.8835225815051726e+00
25 25 5.7424948538646922e+07
25 33 -2.4006050115358519e+00
26 26 6.7733600159068838e+07
26 31 -2.4854997897819038e+00
26 54 -3.1926275652437233e+00
27 27 5.7073833483644731e+07
27 32 -2.2779397421065828e+00
27 53 -2.7529918351790812e+00
28 28 6.5495412800063498e+07
28 33 -2.6459203491860994e+00
28 55 -3.1255296756579298e+00
29 29 6.2588328693977766e+07
29 34 -2.4560305338308779e+00
29 52 -3.0391532538188746e+00
30 5 -2.2920924012111885e+00
30 13 -2.3531334520785885e+00
30 30 5.6486942606988654e+07
30 32 -2.5645785221462254e+00
31 12 -2.4481213068973777e+00
31 26 -2.4854997897819038e+00
31 31 6.2404999306545287e+07
31 49 -2.6332038817825962e+00
32 11 -2.4303289520576126e+00
32 27 -2.2779397421065828e+00
32 30 -2.5645785221462254e+00
32 32 5.6518461928712510e+07
33 14 -2.0249636250314036e+00
33 25 -2.4006050115358519e+00
33 28 -2.6459203491860994e+00
33 33 5.0746421973989531e+07
34 2 -2.4055208732203801e+00
34 14 -2.1522996558440548e+00
34 29 -2.4560305338308779e+00
34 34 5.2824094697957009e+07
35 6 -2.1797378336098054e+00
35 24 -2.4708787585871099e+00
35 35 5.2359337063794643e+07
35 65 -2.8207832482173276e+00
36 7 -2.2093965493682659e+00
36 19 -2.4207799829562489e+00
36 36 5.5744086093927190e+07
36 66 -2.9765308551395848e+00
37 37 5.2625347333496027e+07
37 41 -3.0927740760126916e+00
37 54 -1.7917451530932984e+00
38 38 5.2556058911393061e+07
38 42 -3.0923147860984499e+00
38 53 -1.9122276845595794e+00
39 39 5.2348568112380005e+07
39 40 -3.0923142707053088e+00
39 55 -1.8047894496299139e+00
40 39 -3.0923142707053088e+00
40 40 5.2555636118909620e+07
40 58 -1.9111580879642693e+00
41 37 -3.0927740760126916e+00
41 41 5.2625577906794183e+07
41 57 -1.9101976095212438e+00
42 38 -3.0923147860984499e+00
42 42 5.2348607247856438e+07
42 56 -1.8196514213898058e+00
43 43 5.2287242810067192e+07
43 44 -3.0918645228732529e+00
43 59 -1.9103680899992268e+00
44 43 -3.0918645228732529e+00
44 44 5.2287241972247124e+07
44 52 -1.8180519841943854e+00
45 1 -2.3378181433044452e+00
45 45 5.7346947216284044e+07
45 51 -2.7545104778475964e+00
45 64 -2.1477130347777833e+00
46 9 -2.7118419061101426e+00
46 21 -2.6744879735330187e+00
46 46 4.9822902762249298e+07
46 66 -1.9352697127776002e+00
47 8 -1.8423772139166914e+00
47 15 -2.7582086360324602e+00
47 47 5.1775032573830694e+07
47 50 -2.7278520371142005e+00
48 9 -1.8414740350929431e+00
48 15 -2.7966736712723388e+00
48 48 5.4466830967981070e+07
48 51 -2.7934581723729828e+00
49 8 -2.6305810603996562e+00
49 31 -2.6332038817825962e+00
49 49 4.9398672110467918e+07
49 65 -2.0453654927815785e+00
50 47 -2.7278520371142005e+00
50 50 5.0767436763368152e+07
50 64 -3.0863741926049322e+00
50 65 -1.9767785438846002e+00
51 45 -2.7545104778475964e+00
51 48 -2.7934581723729828e+00
51 51 5.1822299011467017e+07
51 66 -1.9741676157710977e+00
52 29 -3.0391532538188746e+00
52 44 -1.8180519841943854e+00
52 52 4.7354966267770633e+07
52 60 -2.4214096277984662e+00
53 27 -2.7529918351790812e+00
53 38 -1.9122276845595794e+00
53 53 4.2910319677535631e+07
53 61 -2.1663611646724696e+00
54 26 -3.1926275652437233e+00
54 37 -1.7917451530932984e+00
54 54 4.8343312028645605e+07
54 62 -2.4230531798702009e+00
55 28 -3.1255296756579298e+00
55 39 -1.8047894496299139e+00
55 55 4.7740543934927076e+07
55 63 -2.4224542187477245e+00
56 16 -3.1144813050260507e+00
56 42 -1.8196514213898058e+00
56 56 4.6724942830157109e+07
56 61 -2.3152167852356844e+00
57 17 -2.8179185975333647e+00
57 41 -1.9101976095212438e+00
57 57 4.2687101417398855e+07
57 62 -2.0980045969678462e+00
58 18 -2.8384471905151325e+00
58 40 -1.9111580879642693e+00
58 58 4.2485485333561271e+07
58 63 -2.0781223264238182e+00
59 22 -2.8389952866868597e+00
59 43 -1.9103680899992268e+00
59 59 4.2406573449043721e+07
59 60 -2.0654997199239093e+00
60 7 -2.7020866101440868e+00
60 52 -2.4214096277984662e+00
60 59 -2.0654997199239093e+00
60 60 4.5653918911886364e+07
61 5 -2.6455518560077529e+00
61 53 -2.1663611646724696e+00
61 56 -2.3152167852356844e+00
61 61 4.5869269827297725e+07
62 3 -2.5442298405499959e+00
62 54 -2.4230531798702009e+00
62 57 -2.0980045969678462e+00
62 62 4.5386699215335272e+07
63 6 -2.6481834664624970e+00
63 55 -2.4224542187477245e+00
63 58 -2.0781223264238182e+00
63 63 4.4895494273308299e+07
64 4 -1.9990027297244040e+00
64 45 -2.1477130347777833e+00
64 50 -3.0863741926049322e+00
64 64 5.0885197868278854e+07
65 35 -2.8207832482173276e+00
65 49 -2.0453654927815785e+00
65 50 -1.9767785438846002e+00
65 65 4.2251621855230585e+07
66 36 -2.9765308551395848e+00
66 46 -1.9352697127776002e+00
66 51 -1.9741676157710977e+00
66 66 4.2647009114794880e+07
