%%MatrixMarket matrix coordinate real general
66 66 244
1 1 7.3652417328531370e+07
1 2 -3.4409522912540065e+00
1 7 -2.5115675790844989e+00
1 45 -2.3378181810587937e+00
2 1 -3.4409522912540065e+00
2 2 6.3790988728463940e+07
2 25 -2.1345343592764898e+00
2 34 -2.4055219174901685e+00
3 3 5.7925438808928639e+07
3 8 -3.0727486490653670e+00
3 20 -2.2786733069345355e+00
3 62 -2.5441943140514245e+00
4 4 5.7164243837917157e+07
4 6 -2.7976455552772177e+00
4 25 -2.8835222300576198e+00
4 64 -1.9990022857888772e+00
5 5 6.0885611753910914e+07
5 9 -3.0412485305827248e+00
5 30 -2.2920769194500719e+00
5 61 -2.6455321962634475e+00
6 4 -2.7976455552772177e+00
6 6 5.4592674025734171e+07
6 35 -2.1797230159629608e+00
6 63 -2.6481638506536682e+00
7 1 -2.5115675790844989e+00
7 7 5.8590344851700284e+07
7 36 -2.2093967924404811e+00
7 60 -2.7020871674216385e+00
8 3 -3.0727486490653670e+00
8 8 5.1215862154140607e+07
8 47 -1.8423749127093583e+00
8 49 -2.6305648968607525e+00
9 5 -3.0412485305827248e+00
9 9 5.3969117101297542e+07
9 46 -2.7118414551696679e+00
9 48 -1.8414736154862819e+00
10 10 5.8803998598049313e+07
10 19 -2.3031075103793870e+00
10 21 -2.4331852641177281e+00
11 11 5.8637488759652875e+07
11 23 -2.3626776615704523e+00
11 32 -2.4301571568170406e+00
12 12 5.8648751098100290e+07
12 24 -2.2832683875523165e+00
12 31 -2.4479589967539468e+00
13 13 5.7097737916893385e+07
13 15 -2.4518451185697412e+00
13 20 -2.3749908457130240e+00
13 30 -2.3531176678400878e+00
14 14 4.7276645871178679e+07
14 33 -2.0249653074755409e+00
14 34 -2.1523015906128582e+00
15 13 -2.4518451185697412e+00
15 15 6.5586878843643613e+07
15 47 -2.7582079187935391e+00
15 48 -2.7966731888054079e+00
16 16 6.6179695367098428e+07
16 21 -2.4761256734722030e+00
16 56 -3.1144731352702113e+00
17 17 5.9712046033029944e+07
17 23 -2.3996869611271925e+00
17 57 -2.8176918021433077e+00
18 18 6.0671287959547423e+07
18 24 -2.5028900370445566e+00
18 58 -2.8382312253001438e+00
19 10 -2.3031075103793870e+00
19 19 5.6669253102221511e+07
19 22 -2.4885228397832129e+00
19 36 -2.4207810415080697e+00
20 3 -2.2786733069345355e+00
20 13 -2.3749908457130240e+00
20 20 5.6102291667841032e+07
20 23 -2.5587757174014860e+00
21 10 -2.4331852641177281e+00
21 16 -2.4761256734722030e+00
21 21 6.2513269740349382e+07
21 46 -2.6744889016215851e+00
22 19 -2.4885228397832129e+00
22 22 6.0508684192123316e+07
22 59 -2.8389981126395072e+00
23 11 -2.3626776615704523e+00
23 17 -2.3996869611271925e+00
23 20 -2.5587757174014860e+00
23 23 5.8080978148694187e+07
24 12 -2.2832683875523165e+00
24 18 -2.5028900370445566e+00
24 24 5.6056500340917416e+07
24 35 -2.4708005133211746e+00
25 2 -2.1345343592764898e+00
25 4 -2.8835222300576198e+00
25 25 5.7425123619374759e+07
25 33 -2.4006059160027351e+00
26 26 6.7620746520516977e+07
26 31 -2.4853401893731157e+00
26 54 -3.1923978540477673e+00
27 27 5.6969853388442382e+07
27 32 -2.2777771612570952e+00
27 53 -2.7527769307293011e+00
28 28 6.5495422010821983e+07
28 33 -2.6459211227074855e+00
28 55 -3.1255216192498620e+00
29 29 6.2589921376910165e+07
29 34 -2.4560327733305725e+00
29 52 -3.0391561597176238e+00
30 5 -2.2920769194500719e+00
30 13 -2.3531176678400878e+00
30 30 5.6471529096407540e+07
30 32 -2.5644975691001761e+00
31 12 -2.4479589967539468e+00
31 26 -2.4853401893731157e+00
31 31 6.2331855618078984e+07
31 49 -2.6331241268548999e+00
32 11 -2.4301571568170406e+00
32 27 -2.2777771612570952e+00
32 30 -2.5644975691001761e+00
32 32 5.6443554140467085e+07
33 14 -2.0249653074755409e+00
33 25 -2.4006059160027351e+00
33 28 -2.6459211227074855e+00
33 33 5.0747268658972442e+07
34 2 -2.4055219174901685e+00
34 14 -2.1523015906128582e+00
34 29 -2.4560327733305725e+00
34 34 5.2825155615704089e+07
35 6 -2.1797230159629608e+00
35 24 -2.4708005133211746e+00
35 35 5.2345243638114899e+07
35 65 -2.8207623621829496e+00
36 7 -2.2093967924404811e+00
36 19 -2.4207810415080697e+00
36 36 5.5744293151725814e+07
36 66 -2.9765311600330264e+00
37 37 5.2496332188369036e+07
37 41 -3.0924200699684055e+00
37 54 -1.7915885249927217e+00
38 38 5.2470253268642135e+07
38 42 -3.0921427666017678e+00
38 53 -1.9120859253814666e+00
39 39 5.2312974902259558e+07
39 40 -3.0921426625120705e+00
39 55 -1.8047592878038492e+00
40 39 -3.0921426625120705e+00
40 40 5.2470162279567532e+07
40 58 -1.9110179761684156e+00
41 37 -3.0924200699684055e+00
41 41 5.2495951011730246e+07
41 57 -1.9100187313311288e+00
42 38 -3.0921427666017678e+00
42 42 5.2312974071658231e+07
42 56 -1.8196206944849922e+00
43 43 5.2288995903010562e+07
43 44 -3.0918686343739381e+00
43 59 -1.9103703067816398e+00
44 43 -3.0918686343739381e+00
44 44 5.2288991148117676e+07
44 52 -1.8180540097288611e+00
45 1 -2.3378181810587937e+00
45 45 5.7346944949006990e+07
45 51 -2.7545104744745039e+00
45 64 -2.1477129628533964e+00
46 9 -2.7118414551696679e+00
46 21 -2.6744889016215851e+00
46 46 4.9823021204287313e+07
46 66 -1.9352698492806117e+00
47 8 -1.8423749127093583e+00
47 15 -2.7582079187935391e+00
47 47 5.1774713382696867e+07
47 50 -2.7278512371888084e+00
48 9 -1.8414736154862819e+00
48 15 -2.7966731888054079e+00
48 48 5.4466756590767875e+07
48 51 -2.7934580933230340e+00
49 8 -2.6305648968607525e+00
49 31 -2.6331241268548999e+00
49 49 4.9385755417456441e+07
49 65 -2.0453509749611314e+00
50 47 -2.7278512371888084e+00
50 50 5.0766996895718187e+07
50 64 -3.0863735523940359e+00
50 65 -1.9767750571268714e+00
51 45 -2.7545104744745039e+00
51 48 -2.7934580933230340e+00
51 51 5.1822297896916695e+07
51 66 -1.9741676548694935e+00
52 29 -3.0391561597176238e+00
52 44 -1.8180540097288611e+00
52 52 4.7356023514819928e+07
52 60 -2.4214111804663534e+00
53 27 -2.7527769307293011e+00
53 38 -1.9120859253814666e+00
53 53 4.2843237080488771e+07
53 61 -2.1662811877432189e+00
54 26 -3.1923978540477673e+00
54 37 -1.7915885249927217e+00
54 54 4.8270154488846608e+07
54 62 -2.4229464872146855e+00
55 28 -3.1255216192498620e+00
55 39 -1.8047592878038492e+00
55 55 4.7733158673970327e+07
55 63 -2.4224320728233630e+00
56 16 -3.1144731352702113e+00
56 42 -1.8196206944849922e+00
56 56 4.6717502256631680e+07
56 61 -2.3151944800401489e+00
57 17 -2.8176918021433077e+00
57 41 -1.9100187313311288e+00
57 57 4.2613098748943359e+07
57 62 -2.0979063188920795e+00
58 18 -2.8382312253001438e+00
58 40 -1.9110179761684156e+00
58 58 4.2420580413563609e+07
58 63 -2.0780468350924224e+00
59 22 -2.8389981126395072e+00
59 43 -1.9103703067816398e+00
59 59 4.2407597827799745e+07
59 60 -2.0655010861727860e+00
60 7 -2.7020871674216385e+00
60 52 -2.4214111804663534e+00
60 59 -2.0655010861727860e+00
60 60 4.5654353075652584e+07
61 5 -2.6455321962634475e+00
61 53 -2.1662811877432189e+00
61 56 -2.3151944800401489e+00
61 61 4.5853800566471584e+07
62 3 -2.5441943140514245e+00
62 54 -2.4229464872146855e+00
62 57 -2.0979063188920795e+00
62 62 4.5357248418408312e+07
63 6 -2.6481638506536682e+00
63 55 -2.4224320728233630e+00
63 58 -2.0780468350924224e+00
63 63 4.4881100798966773e+07
64 4 -1.9990022857888772e+00
64 45 -2.1477129628533964e+00
64 50 -3.0863735523940359e+00
64 64 5.0885109770104513e+07
65 35 -2.8207623621829496e+00
65 49 -2.0453509749611314e+00
65 50 -1.9767750571268714e+00
65 65 4.2247944594711490e+07
66 36 -2.9765311600330264e+00
66 46 -1.9352698492806117e+00
66 51 -1.9741676548694935e+00
66 66 4.2647056311543137e+07
