%%MatrixMarket matrix coordinate real general
66 66 244
1 1 7.3652421031319559e+07
1 2 -3.4409523383401006e+00
1 7 -2.5115675883173108e+00
1 45 -2.3378181837464935e+00
2 1 -3.4409523383401006e+00
2 2 6.3791032483798966e+07
2 25 -2.1345344189198077e+00
2 34 -2.4055223119312870e+00
3 3 5.7924861166736245e+07
3 8 -3.0727477918721942e+00
3 20 -2.2786708449735142e+00
3 62 -2.5441884412841094e+00
4 4 5.7164226481486633e+07
4 6 -2.7976451839810959e+00
4 25 -2.8835222538341432e+00
4 64 -1.9990022721557086e+00
5 5 6.0885224177826114e+07
5 9 -3.0412481070144843e+00
5 30 -2.2920745545583205e+00
5 61 -2.6455289491017449e+00
6 4 -2.7976451839810959e+00
6 6 5.4592312299765512e+07
6 35 -2.1797207467333539e+00
6 63 -2.6481606244129878e+00
7 1 -2.5115675883173108e+00
7 7 5.8590353534493297e+07
7 36 -2.2093968255741556e+00
7 60 -2.7020872585527571e+00
8 3 -3.0727477918721942e+00
8 8 5.1215669012349591e+07
8 47 -1.8423747691834633e+00
8 49 -2.6305624229129974e+00
9 5 -3.0412481070144843e+00
9 9 5.3969098483366340e+07
9 46 -2.7118414678598377e+00
9 48 -1.8414736021620088e+00
10 10 5.8805399427967712e+07
10 19 -2.3031089449425441e+00
10 21 -2.4331866925237380e+00
11 11 5.8539541234208584e+07
11 23 -2.3625622046876837e+00
11 32 -2.4300362615442039e+00
12 12 5.8551031305149756e+07
12 24 -2.2831555090480200e+00
12 31 -2.4478450277221171e+00
13 13 5.7097434479339741e+07
13 15 -2.4518448666959651e+00
13 20 -2.3749884805946055e+00
13 30 -2.3531152218536131e+00
14 14 4.7278083881002143e+07
14 33 -2.0249668434564740e+00
14 34 -2.1523032202828749e+00
15 13 -2.4518448666959651e+00
15 15 6.5586864179422013e+07
15 47 -2.7582078971843904e+00
15 48 -2.7966731743407101e+00
16 16 6.6180891663007438e+07
16 21 -2.4761268880506746e+00
16 56 -3.1144732096734327e+00
17 17 5.9615400607378878e+07
17 23 -2.3995719583983250e+00
17 57 -2.8175354719999350e+00
18 18 6.0575519890075229e+07
18 24 -2.5027702983920013e+00
18 58 -2.8380781144644653e+00
19 10 -2.3031089449425441e+00
19 19 5.6669666773184694e+07
19 22 -2.4885243496687495e+00
19 36 -2.4207814238247751e+00
20 3 -2.2786708449735142e+00
20 13 -2.3749884805946055e+00
20 20 5.6099747604155995e+07
20 23 -2.5587473926793134e+00
21 10 -2.4331866925237380e+00
21 16 -2.4761268880506746e+00
21 21 6.2513664282134116e+07
21 46 -2.6744893000764622e+00
22 19 -2.4885243496687495e+00
22 22 6.0510063779415026e+07
22 59 -2.8390000885437732e+00
23 11 -2.3625622046876837e+00
23 17 -2.3995719583983250e+00
23 20 -2.5587473926793134e+00
23 23 5.8051492175479047e+07
24 12 -2.2831555090480200e+00
24 18 -2.5027702983920013e+00
24 24 5.6027512256035306e+07
24 35 -2.4707722392854414e+00
25 2 -2.1345344189198077e+00
25 4 -2.8835222538341432e+00
25 25 5.7425165402104914e+07
25 33 -2.4006063335722545e+00
26 26 6.7529222838279277e+07
26 31 -2.4852381061528392e+00
26 54 -3.1922505148315867e+00
27 27 5.6871908177284993e+07
27 32 -2.2776619171834964e+00
27 53 -2.7526190525065819e+00
28 28 6.5496624082652844e+07
28 33 -2.6459225944372617e+00
28 55 -3.1255217123499621e+00
29 29 6.2591283118437447e+07
29 34 -2.4560343052403688e+00
29 52 -3.0391581173563398e+00
30 5 -2.2920745545583205e+00
30 13 -2.3531152218536131e+00
30 30 5.6468849203235030e+07
30 32 -2.5644681879099154e+00
31 12 -2.4478450277221171e+00
31 26 -2.4852381061528392e+00
31 31 6.2303931052691035e+07
31 49 -2.6330962173398902e+00
32 11 -2.4300362615442039e+00
32 27 -2.2776619171834964e+00
32 30 -2.5644681879099154e+00
32 32 5.6413465099279881e+07
33 14 -2.0249668434564740e+00
33 25 -2.4006063335722545e+00
33 28 -2.6459225944372617e+00
33 33 5.0747698163080558e+07
34 2 -2.4055223119312870e+00
34 14 -2.1523032202828749e+00
34 29 -2.4560343052403688e+00
34 34 5.2825612399531037e+07
35 6 -2.1797207467333539e+00
35 24 -2.4707722392854414e+00
35 35 5.2342786960517019e+07
35 65 -2.8207591044873692e+00
36 7 -2.2093968255741556e+00
36 19 -2.4207814238247751e+00
36 36 5.5744327802936494e+07
36 66 -2.9765312064967158e+00
37 37 5.2381579234483331e+07
37 41 -3.0921137594044157e+00
37 54 -1.7914779200548534e+00
38 38 5.2376535108755209e+07
38 42 -3.0919929281404896e+00
38 53 -1.9119750517801510e+00
39 39 5.2295378828842193e+07
39 40 -3.0919929211685391e+00
39 55 -1.8047462691402401e+00
40 39 -3.0919929211685391e+00
40 40 5.2376528795310169e+07
40 58 -1.9109082416459273e+00
41 37 -3.0921137594044157e+00
41 41 5.2381439376077667e+07
41 57 -1.9098917426860031e+00
42 38 -3.0919929281404896e+00
42 42 5.2295378552274294e+07
42 56 -1.8196074630682404e+00
43 43 5.2290612534110852e+07
43 44 -3.0918724287794701e+00
43 59 -1.9103719254660434e+00
44 43 -3.0918724287794701e+00
44 44 5.2290610892842747e+07
44 52 -1.8180554764951944e+00
45 1 -2.3378181837464935e+00
45 45 5.7346945025605731e+07
45 51 -2.7545104747232414e+00
45 64 -2.1477129618300932e+00
46 9 -2.7118414678598377e+00
46 21 -2.6744893000764622e+00
46 46 4.9823052593203776e+07
46 66 -1.9352698783406115e+00
47 8 -1.8423747691834633e+00
47 15 -2.7582078971843904e+00
47 47 5.1774704820248954e+07
47 50 -2.7278512119006688e+00
48 9 -1.8414736021620088e+00
48 15 -2.7966731743407101e+00
48 48 5.4466755475461587e+07
48 51 -2.7934580923322376e+00
49 8 -2.6305624229129974e+00
49 31 -2.6330962173398902e+00
49 49 4.9383529920369141e+07
49 65 -2.0453487594305417e+00
50 47 -2.7278512119006688e+00
50 50 5.0766981462027103e+07
50 64 -3.0863735319858878e+00
50 65 -1.9767747897745889e+00
51 45 -2.7545104747232414e+00
51 48 -2.7934580923322376e+00
51 51 5.1822298068160862e+07
51 66 -1.9741676584804322e+00
52 29 -3.0391581173563398e+00
52 44 -1.8180554764951944e+00
52 52 4.7356449714048661e+07
52 60 -2.4214117106479138e+00
53 27 -2.7526190525065819e+00
53 38 -1.9119750517801510e+00
53 53 4.2813562945379823e+07
53 61 -2.1662496117572276e+00
54 26 -3.1922505148315867e+00
54 37 -1.7914779200548534e+00
54 54 4.8241598491439611e+07
54 62 -2.4229107373753451e+00
55 28 -3.1255217123499621e+00
55 39 -1.8047462691402401e+00
55 55 4.7732045756251082e+07
55 63 -2.4224281715119242e+00
56 16 -3.1144732096734327e+00
56 42 -1.8196074630682404e+00
56 56 4.6716374959500983e+07
56 61 -2.3151905099045682e+00
57 17 -2.8175354719999350e+00
57 41 -1.9098917426860031e+00
57 57 4.2582821837491959e+07
57 62 -2.0978722791250171e+00
58 18 -2.8380781144644653e+00
58 40 -1.9109082416459273e+00
58 58 4.2392173435183495e+07
58 63 -2.0780171527431368e+00
59 22 -2.8390000885437732e+00
59 43 -1.9103719254660434e+00
59 59 4.2408024846577354e+07
59 60 -2.0655015634337994e+00
60 7 -2.7020872585527571e+00
60 52 -2.4214117106479138e+00
60 59 -2.0655015634337994e+00
60 60 4.5654433606555589e+07
61 5 -2.6455289491017449e+00
61 53 -2.1662496117572276e+00
61 56 -2.3151905099045682e+00
61 61 4.5850857344717242e+07
62 3 -2.5441884412841094e+00
62 54 -2.4229107373753451e+00
62 57 -2.0978722791250171e+00
62 62 4.5351767664603256e+07
63 6 -2.6481606244129878e+00
63 55 -2.4224281715119242e+00
63 58 -2.0780171527431368e+00
63 63 4.4878383904812180e+07
64 4 -1.9990022721557086e+00
64 45 -2.1477129618300932e+00
64 50 -3.0863735319858878e+00
64 64 5.0885108410469517e+07
65 35 -2.8207591044873692e+00
65 49 -2.0453487594305417e+00
65 50 -1.9767747897745889e+00
65 65 4.2247645186749458e+07
66 36 -2.9765312064967158e+00
66 46 -1.9352698783406115e+00
66 51 -1.9741676584804322e+00
66 66 4.2647060407788314e+07
