%%MatrixMarket matrix coordinate real general
66 66 244
1 1 7.3652392951287299e+07
1 2 -3.4409521307101016e+00
1 7 -2.5115675229531971e+00
1 45 -2.3378181637465922e+00
2 1 -3.4409521307101016e+00
2 2 6.3790851300842956e+07
2 25 -2.1345341853177628e+00
2 34 -2.4055212687320013e+00
3 3 5.7928784610695213e+07
3 8 -3.0727537870380934e+00
3 20 -2.2786822882165954e+00
3 62 -2.5442132820918939e+00
4 4 5.7164441336973347e+07
4 6 -2.7976477552557664e+00
4 25 -2.8835223188718557e+00
4 64 -1.9990024497092678e+00
5 5 6.0887821977806658e+07
5 9 -3.0412510522005718e+00
5 30 -2.2920850320075385e+00
5 61 -2.6455426876938026e+00
6 4 -2.7976477552557664e+00
6 6 5.4594721879372261e+07
6 35 -2.1797307827470922e+00
6 63 -2.6481743180026598e+00
7 1 -2.5115675229531971e+00
7 7 5.8590294002057903e+07
7 36 -2.2093966687348510e+00
7 60 -2.7020868701081437e+00
8 3 -3.0727537870380934e+00
8 8 5.1217140005612381e+07
8 47 -1.8423759009368663e+00
8 49 -2.6305733217772027e+00
9 5 -3.0412510522005718e+00
9 9 5.3969325549531303e+07
9 46 -2.7118415911537403e+00
9 48 -1.8414737715943070e+00
10 10 5.8802947458764017e+07
10 19 -2.3031061629579082e+00
10 21 -2.4331839616314128e+00
11 11 5.8712053396063864e+07
11 23 -2.3627884079607351e+00
11 32 -2.4302729541814987e+00
12 12 5.8722668835162058e+07
12 24 -2.2833759557799973e+00
12 31 -2.4480681190762770e+00
13 13 5.7099536585001193e+07
13 15 -2.4518466740708118e+00
13 20 -2.3749990116333390e+00
13 30 -2.3531259535255948e+00
14 14 4.7275753710921258e+07
14 33 -2.0249640951763630e+00
14 34 -2.1523002453239446e+00
15 13 -2.4518466740708118e+00
15 15 6.5587046001055457e+07
15 47 -2.7582081787491068e+00
15 48 -2.7966733631202008e+00
16 16 6.6179364898422629e+07
16 21 -2.4761249751428367e+00
16 56 -3.1144771383492467e+00
17 17 5.9787992879286937e+07
17 23 -2.3997995346823364e+00
17 57 -2.8178440418478519e+00
18 18 6.0746800962765351e+07
18 24 -2.5030073304812746e+00
18 58 -2.8383774727721121e+00
19 10 -2.3031061629579082e+00
19 19 5.6668601184157960e+07
19 22 -2.4885213741624410e+00
19 36 -2.4207803907431416e+00
20 3 -2.2786822882165954e+00
20 13 -2.3749990116333390e+00
20 20 5.6110355517151840e+07
20 23 -2.5588242341178460e+00
21 10 -2.4331839616314128e+00
21 16 -2.4761249751428367e+00
21 21 6.2512684346429847e+07
21 46 -2.6744882783141009e+00
22 19 -2.4885213741624410e+00
22 22 6.0507596474418931e+07
22 59 -2.8389962086235112e+00
23 11 -2.3627884079607351e+00
23 17 -2.3997995346823364e+00
23 20 -2.5588242341178460e+00
23 23 5.8127836679906912e+07
24 12 -2.2833759557799973e+00
24 18 -2.5030073304812746e+00
24 24 5.6102338416453086e+07
24 35 -2.4708485482534468e+00
25 2 -2.1345341853177628e+00
25 4 -2.8835223188718557e+00
25 25 5.7425012147825547e+07
25 33 -2.4006053000583809e+00
26 26 6.7698289382293329e+07
26 31 -2.4854457240245709e+00
26 54 -3.1925499514132989e+00
27 27 5.7043589511077173e+07
27 32 -2.2778868331242816e+00
27 53 -2.7529233765877037e+00
28 28 6.5495060571392618e+07
28 33 -2.6459202686783159e+00
28 55 -3.1255255612319459e+00
29 29 6.2588816228500180e+07
29 34 -2.4560312670447995e+00
29 52 -3.0391542165900489e+00
30 5 -2.2920850320075385e+00
30 13 -2.3531259535255948e+00
30 30 5.6479868632117838e+07
30 32 -2.5645473182838958e+00
31 12 -2.4480681190762770e+00
31 26 -2.4854457240245709e+00
31 31 6.2377351045546725e+07
31 49 -2.6331727124265352e+00
32 11 -2.4302729541814987e+00
32 27 -2.2778868331242816e+00
32 30 -2.5645473182838958e+00
32 32 5.6490726091296889e+07
33 14 -2.0249640951763630e+00
33 25 -2.4006053000583809e+00
33 28 -2.6459202686783159e+00
33 33 5.0746684372543871e+07
34 2 -2.4055212687320013e+00
34 14 -2.1523002453239446e+00
34 29 -2.4560312670447995e+00
34 34 5.2824475458283469e+07
35 6 -2.1797307827470922e+00
35 24 -2.4708485482534468e+00
35 35 5.2352867869707592e+07
35 65 -2.8207733537884372e+00
36 7 -2.2093966687348510e+00
36 19 -2.4207803907431416e+00
36 36 5.5744182311067730e+07
36 66 -2.9765309997989289e+00
37 37 5.2587822415862724e+07
37 41 -3.0926697431630554e+00
37 54 -1.7916947636416869e+00
38 38 5.2533258592710048e+07
38 42 -3.0922640661753640e+00
38 53 -1.9121837350438067e+00
39 39 5.2336680810033016e+07
39 40 -3.0922637175226604e+00
39 55 -1.8047786535150268e+00
40 39 -3.0922637175226604e+00
40 40 5.2532965103792891e+07
40 58 -1.9111146132740964e+00
41 37 -3.0926697431630554e+00
41 41 5.2587703569531173e+07
41 57 -1.9101403930738872e+00
42 38 -3.0922640661753640e+00
42 42 5.2336696913701326e+07
42 56 -1.8196404114231244e+00
43 43 5.2287744361126728e+07
43 44 -3.0918656980298000e+00
43 59 -1.9103687893749286e+00
44 43 -3.0918656980298000e+00
44 44 5.2287740961360544e+07
44 52 -1.8180526273719722e+00
45 1 -2.3378181637465922e+00
45 45 5.7346944989438213e+07
45 51 -2.7545104739590851e+00
45 64 -2.1477129846837006e+00
46 9 -2.7118415911537403e+00
46 21 -2.6744882783141009e+00
46 46 4.9822941222630598e+07
46 66 -1.9352697647895809e+00
47 8 -1.8423759009368663e+00
47 15 -2.7582081787491068e+00
47 47 5.1774825519121401e+07
47 50 -2.7278515313126173e+00
48 9 -1.8414737715943070e+00
48 15 -2.7966733631202008e+00
48 48 5.4466779428853616e+07
48 51 -2.7934581166719186e+00
49 8 -2.6305733217772027e+00
49 31 -2.6331727124265352e+00
49 49 4.9392722799592152e+07
49 65 -2.0453585759396908e+00
50 47 -2.7278515313126173e+00
50 50 5.0767163842727385e+07
50 64 -3.0863737881907718e+00
50 65 -1.9767766466562060e+00
51 45 -2.7545104739590851e+00
51 48 -2.7934581166719186e+00
51 51 5.1822297346302837e+07
51 66 -1.9741676351116613e+00
52 29 -3.0391542165900489e+00
52 44 -1.8180526273719722e+00
52 52 4.7355356249372147e+07
52 60 -2.4214102351160345e+00
53 27 -2.7529233765877037e+00
53 38 -1.9121837350438067e+00
53 53 4.2886455140643463e+07
53 61 -2.1663313919133649e+00
54 26 -3.1925499514132989e+00
54 37 -1.7916947636416869e+00
54 54 4.8315850842481591e+07
54 62 -2.4230110279637187e+00
55 28 -3.1255255612319459e+00
55 39 -1.8047786535150268e+00
55 55 4.7737123679093249e+07
55 63 -2.4224442193045923e+00
56 16 -3.1144771383492467e+00
56 42 -1.8196404114231244e+00
56 56 4.6721501275331974e+07
56 61 -2.3152067341455069e+00
57 17 -2.8178440418478519e+00
57 41 -1.9101403930738872e+00
57 57 4.2659851193054445e+07
57 62 -2.0979662126091196e+00
58 18 -2.8383774727721121e+00
58 40 -1.9111146132740964e+00
58 58 4.2462288356270477e+07
58 63 -2.0780941740225423e+00
59 22 -2.8389962086235112e+00
59 43 -1.9103687893749286e+00
59 59 4.2406945790476456e+07
59 60 -2.0655002500324122e+00
60 7 -2.7020868701081437e+00
60 52 -2.4214102351160345e+00
60 59 -2.0655002500324122e+00
60 60 4.5654113175019130e+07
61 5 -2.6455426876938026e+00
61 53 -2.1663313919133649e+00
61 56 -2.3152067341455069e+00
61 61 4.5862382782264680e+07
62 3 -2.5442132820918939e+00
62 54 -2.4230110279637187e+00
62 57 -2.0979662126091196e+00
62 62 4.5373502896897115e+07
63 6 -2.6481743180026598e+00
63 55 -2.4224442193045923e+00
63 58 -2.0780941740225423e+00
63 63 4.4889068990515284e+07
64 4 -1.9990024497092678e+00
64 45 -2.1477129846837006e+00
64 50 -3.0863737881907718e+00
64 64 5.0885137141101576e+07
65 35 -2.8207733537884372e+00
65 49 -2.0453585759396908e+00
65 50 -1.9767766466562060e+00
65 65 4.2249652422591254e+07
66 36 -2.9765309997989289e+00
66 46 -1.9352697647895809e+00
66 51 -1.9741676351116613e+00
66 66 4.2647033528335139e+07
