%%MatrixMarket matrix coordinate real general
66 66 244
1 1 7.3652421112609729e+07
1 2 -3.4409523414952545e+00
1 7 -2.5115675885517659e+00
1 45 -2.3378181837985088e+00
2 1 -3.4409523414952545e+00
2 2 6.3791035582630485e+07
2 25 -2.1345344232059622e+00
2 34 -2.4055223935870109e+00
3 3 5.7924846119004861e+07
3 8 -3.0727477701671808e+00
3 20 -2.2786706897137905e+00
3 62 -2.5441880296975206e+00
4 4 5.7164226353974268e+07
4 6 -2.7976451744656838e+00
4 25 -2.8835222567181860e+00
4 64 -1.9990022720626823e+00
5 5 6.0885213958841816e+07
5 9 -3.0412480962206856e+00
5 30 -2.2920743974985753e+00
5 61 -2.6455287223334394e+00
6 4 -2.7976451744656838e+00
6 6 5.4592302704923265e+07
6 35 -2.1797205955198873e+00
6 63 -2.6481604000487309e+00
7 1 -2.5115675885517659e+00
7 7 5.8590353768201277e+07
7 36 -2.2093968276301501e+00
7 60 -2.7020872648514378e+00
8 3 -3.0727477701671808e+00
8 8 5.1215664540545180e+07
8 47 -1.8423747659483660e+00
8 49 -2.6305622546218670e+00
9 5 -3.0412480962206856e+00
9 9 5.3969098347671911e+07
9 46 -2.7118414700861870e+00
9 48 -1.8414736020641913e+00
10 10 5.8806431956995137e+07
10 19 -2.3031098298291246e+00
10 21 -2.4331875798540210e+00
11 11 5.8468259726536237e+07
11 23 -2.3624917257200124e+00
11 32 -2.4299626267948247e+00
12 12 5.8479865288522169e+07
12 24 -2.2830864398908202e+00
12 31 -2.4477750245561705e+00
13 13 5.7097426699674547e+07
13 15 -2.4518448604378880e+00
13 20 -2.3749883229343758e+00
13 30 -2.3531150567417036e+00
14 14 4.7279297243581183e+07
14 33 -2.0249679221575092e+00
14 34 -2.1523043553224865e+00
15 13 -2.4518448604378880e+00
15 15 6.5586864056272931e+07
15 47 -2.7582078970015949e+00
15 48 -2.7966731742194106e+00
16 16 6.6181821245985202e+07
16 21 -2.4761276614329009e+00
16 56 -3.1144741967227154e+00
17 17 5.9545527464916341e+07
17 23 -2.3995023467254586e+00
17 57 -2.8174409677815131e+00
18 18 6.0506615183885291e+07
18 24 -2.5026980389644589e+00
18 58 -2.8379850751374134e+00
19 10 -2.3031098298291246e+00
19 19 5.6669754424104109e+07
19 22 -2.4885252685593540e+00
19 36 -2.4207815006449924e+00
20 3 -2.2786706897137905e+00
20 13 -2.3749883229343758e+00
20 20 5.6099565732593291e+07
20 23 -2.5587416634295295e+00
21 10 -2.4331875798540210e+00
21 16 -2.4761276614329009e+00
21 21 6.2513747559413791e+07
21 46 -2.6744893800448843e+00
22 19 -2.4885252685593540e+00
22 22 6.0511068228065141e+07
22 59 -2.8390012876984572e+00
23 11 -2.3624917257200124e+00
23 17 -2.3995023467254586e+00
23 20 -2.5587416634295295e+00
23 23 5.8045210507094130e+07
24 12 -2.2830864398908202e+00
24 18 -2.5026980389644589e+00
24 24 5.6021320724302992e+07
24 35 -2.4707664988295166e+00
25 2 -2.1345344232059622e+00
25 4 -2.8835222567181860e+00
25 25 5.7425168453055099e+07
25 33 -2.4006064218898406e+00
26 26 6.7466373501672968e+07
26 31 -2.4851790132861491e+00
26 54 -3.1921654900138035e+00
27 27 5.6799352881482087e+07
27 32 -2.2775905817912996e+00
27 53 -2.7525206983778889e+00
28 28 6.5497558011920370e+07
28 33 -2.6459235230845550e+00
28 55 -3.1255227052363184e+00
29 29 6.2592256231473327e+07
29 34 -2.4560352084588915e+00
29 52 -3.0391592809567065e+00
30 5 -2.2920743974985753e+00
30 13 -2.3531150567417036e+00
30 30 5.6468655769521095e+07
30 32 -2.5644621984849092e+00
31 12 -2.4477750245561705e+00
31 26 -2.4851790132861491e+00
31 31 6.2298091136279501e+07
31 49 -2.6330906507634082e+00
32 11 -2.4299626267948247e+00
32 27 -2.2775905817912996e+00
32 30 -2.5644621984849092e+00
32 32 5.6406993999733917e+07
33 14 -2.0249679221575092e+00
33 25 -2.4006064218898406e+00
33 28 -2.6459235230845550e+00
33 33 5.0747794716355957e+07
34 2 -2.4055223935870109e+00
34 14 -2.1523043553224865e+00
34 29 -2.4560352084588915e+00
34 34 5.2825713431241564e+07
35 6 -2.1797205955198873e+00
35 24 -2.4707664988295166e+00
35 35 5.2342608827895373e+07
35 65 -2.8207588843363642e+00
36 7 -2.2093968276301501e+00
36 19 -2.4207815006449924e+00
36 36 5.5744330259720057e+07
36 66 -2.9765312095677241e+00
37 37 5.2303007943364725e+07
37 41 -3.0919049375702263e+00
37 54 -1.7914121867305111e+00
38 38 5.2302927444710158e+07
38 42 -3.0918900153918112e+00
38 53 -1.9119031638564759e+00
39 39 5.2291827665529184e+07
39 40 -3.0918900153935152e+00
39 55 -1.8047437738475856e+00
40 39 -3.0918900153935152e+00
40 40 5.2302927448512651e+07
40 58 -1.9108368399368854e+00
41 37 -3.0919049375702263e+00
41 41 5.2303005216142930e+07
41 57 -1.9098164794316390e+00
42 38 -3.0918900153918112e+00
42 42 5.2291827689395115e+07
42 56 -1.8196049291093725e+00
43 43 5.2291750116495140e+07
43 44 -3.0918750951799172e+00
43 59 -1.9103728935891258e+00
44 43 -3.0918750951799172e+00
44 44 5.2291749996218182e+07
44 52 -1.8180563535576328e+00
45 1 -2.3378181837985088e+00
45 45 5.7346945017330177e+07
45 51 -2.7545104747232503e+00
45 64 -2.1477129618233866e+00
46 9 -2.7118414700861870e+00
46 21 -2.6744893800448843e+00
46 46 4.9823054904957555e+07
46 66 -1.9352698803137578e+00
47 8 -1.8423747659483660e+00
47 15 -2.7582078970015949e+00
47 47 5.1774704746934190e+07
47 50 -2.7278512116771023e+00
48 9 -1.8414736020641913e+00
48 15 -2.7966731742194106e+00
48 48 5.4466755466281757e+07
48 51 -2.7934580923310559e+00
49 8 -2.6305622546218670e+00
49 31 -2.6330906507634082e+00
49 49 4.9383369766519949e+07
49 65 -2.0453486120548305e+00
50 47 -2.7278512116771023e+00
50 50 5.0766981323193379e+07
50 64 -3.0863735318164385e+00
50 65 -1.9767747829382496e+00
51 45 -2.7545104747232503e+00
51 48 -2.7934580923310559e+00
51 51 5.1822298076305166e+07
51 66 -1.9741676585753114e+00
52 29 -3.0391592809567065e+00
52 44 -1.8180563535576328e+00
52 52 4.7356540805469289e+07
52 60 -2.4214118125577708e+00
53 27 -2.7525206983778889e+00
53 38 -1.9119031638564759e+00
53 53 4.2806826561619930e+07
53 61 -2.1662428508623091e+00
54 26 -3.1921654900138035e+00
54 37 -1.7914121867305111e+00
54 54 4.8235523503150806e+07
54 62 -2.4229038532624796e+00
55 28 -3.1255227052363184e+00
55 39 -1.8047437738475856e+00
55 55 4.7732021511587821e+07
55 63 -2.4224279414509788e+00
56 16 -3.1144741967227154e+00
56 42 -1.8196049291093725e+00
56 56 4.6716349159212604e+07
56 61 -2.3151902703797660e+00
57 17 -2.8174409677815131e+00
57 41 -1.9098164794316390e+00
57 57 4.2576212371796191e+07
57 62 -2.0978655556336050e+00
58 18 -2.8379850751374134e+00
58 40 -1.9108368399368854e+00
58 58 4.2385761639691316e+07
58 63 -2.0780108125949015e+00
59 22 -2.8390012876984572e+00
59 43 -1.9103728935891258e+00
59 59 4.2408117553538799e+07
59 60 -2.0655016564574153e+00
60 7 -2.7020872648514378e+00
60 52 -2.4214118125577708e+00
60 59 -2.0655016564574153e+00
60 60 4.5654439543664910e+07
61 5 -2.6455287223334394e+00
61 53 -2.1662428508623091e+00
61 56 -2.3151902703797660e+00
61 61 4.5850635012791611e+07
62 3 -2.5441880296975206e+00
62 54 -2.4229038532624796e+00
62 57 -2.0978655556336050e+00
62 62 4.5351358876422010e+07
63 6 -2.6481604000487309e+00
63 55 -2.4224279414509788e+00
63 58 -2.0780108125949015e+00
63 63 4.4878179453432538e+07
64 4 -1.9990022720626823e+00
64 45 -2.1477129618233866e+00
64 50 -3.0863735318164385e+00
64 64 5.0885108410126604e+07
65 35 -2.8207588843363642e+00
65 49 -2.0453486120548305e+00
65 50 -1.9767747829382496e+00
65 65 4.2247637280331306e+07
66 36 -2.9765312095677241e+00
66 46 -1.9352698803137578e+00
66 51 -1.9741676585753114e+00
66 66 4.2647060511927091e+07
