%%MatrixMarket matrix coordinate real general
66 66 244
1 1 7.3652373796393856e+07
1 2 -3.4409520373988602e+00
1 7 -2.5115674807620945e+00
1 45 -2.3378181508706821e+00
2 1 -3.4409520373988602e+00
2 2 6.3790776416376479e+07
2 25 -2.1345341011594732e+00
2 34 -2.4055210032293313e+00
3 3 5.7931231928928532e+07
3 8 -3.0727576275160353e+00
3 20 -2.2786877508858319e+00
3 62 -2.5442240058840464e+00
4 4 5.7164635066986881e+07
4 6 -2.7976493861684375e+00
4 25 -2.8835224694672319e+00
4 64 -1.9990026163777102e+00
5 5 6.0889417671012297e+07
5 9 -3.0412529264766675e+00
5 30 -2.2920897730105394e+00
5 61 -2.6455485884416219e+00
6 4 -2.7976493861684375e+00
6 6 5.4596193299967073e+07
6 35 -2.1797353190423392e+00
6 63 -2.6481802178096077e+00
7 1 -2.5115674807620945e+00
7 7 5.8590256645472676e+07
7 36 -2.2093965925141736e+00
7 60 -2.7020867020463855e+00
8 3 -3.0727576275160353e+00
8 8 5.1218153703357197e+07
8 47 -1.8423767073340518e+00
8 49 -2.6305782860258113e+00
9 5 -3.0412529264766675e+00
9 9 5.3969528908375591e+07
9 46 -2.7118417745046095e+00
9 48 -1.8414739286794941e+00
10 10 5.8802652359963588e+07
10 19 -2.3031057257023195e+00
10 21 -2.4331835672339541e+00
11 11 5.8733331497476824e+07
11 23 -2.3628253851279624e+00
11 32 -2.4303114032315816e+00
12 12 5.8743606976081058e+07
12 24 -2.2834116309056691e+00
12 31 -2.4481045894047058e+00
13 13 5.7100871712197095e+07
13 15 -2.4518478631095393e+00
13 20 -2.3750038358964711e+00
13 30 -2.3531307781530222e+00
14 14 4.7275534240404084e+07
14 33 -2.0249637628794099e+00
14 34 -2.1522998379530436e+00
15 13 -2.4518478631095393e+00
15 15 6.5587215020947203e+07
15 47 -2.7582084493761947e+00
15 48 -2.7966735452928386e+00
16 16 6.6179578114596963e+07
16 21 -2.4761249856475129e+00
16 56 -3.1144798023233151e+00
17 17 5.9810463585247673e+07
17 23 -2.3998376754505135e+00
17 57 -2.8178951069644294e+00
18 18 6.0769028737553738e+07
18 24 -2.5030468081089237e+00
18 58 -2.8384253870119269e+00
19 10 -2.3031057257023195e+00
19 19 5.6668343833274491e+07
19 22 -2.4885208838122796e+00
19 36 -2.4207801179853083e+00
20 3 -2.2786877508858319e+00
20 13 -2.3750038358964711e+00
20 20 5.6114867533113986e+07
20 23 -2.5588448953653109e+00
21 10 -2.4331835672339541e+00
21 16 -2.4761249856475129e+00
21 21 6.2512484021212913e+07
21 46 -2.6744880638666362e+00
22 19 -2.4885208838122796e+00
22 22 6.0507272002819143e+07
22 59 -2.8389955776647620e+00
23 11 -2.3628253851279624e+00
23 17 -2.3998376754505135e+00
23 20 -2.5588448953653109e+00
23 23 5.8146627034995534e+07
24 12 -2.2834116309056691e+00
24 18 -2.5030468081089237e+00
24 24 5.6120617844856136e+07
24 35 -2.4708687989799376e+00
25 2 -2.1345341011594732e+00
25 4 -2.8835224694672319e+00
25 25 5.7424967115999818e+07
25 33 -2.4006050960785728e+00
26 26 6.7722487807846680e+07
26 31 -2.4854825278762838e+00
26 54 -3.1926027838580957e+00
27 27 5.7064529170197554e+07
27 32 -2.2779230683059395e+00
27 53 -2.7529704717564938e+00
28 28 6.5495252047775030e+07
28 33 -2.6459202737549612e+00
28 55 -3.1255281912548698e+00
29 29 6.2588480076839238e+07
29 34 -2.4560307652879891e+00
29 52 -3.0391535592633550e+00
30 5 -2.2920897730105394e+00
30 13 -2.3531307781530222e+00
30 30 5.6484457752932116e+07
30 32 -2.5645682026106535e+00
31 12 -2.4481045894047058e+00
31 26 -2.4854825278762838e+00
31 31 6.2395909285805792e+07
31 49 -2.6331935056530997e+00
32 11 -2.4303114032315816e+00
32 27 -2.2779230683059395e+00
32 30 -2.5645682026106535e+00
32 32 5.6509416089915134e+07
33 14 -2.0249637628794099e+00
33 25 -2.4006050960785728e+00
33 28 -2.6459202737549612e+00
33 33 5.0746498916223794e+07
34 2 -2.4055210032293313e+00
34 14 -2.1522998379530436e+00
34 29 -2.4560307652879891e+00
34 34 5.2824217368991569e+07
35 6 -2.1797353190423392e+00
35 24 -2.4708687989799376e+00
35 35 5.2357063688488699e+07
35 65 -2.8207797253973235e+00
36 7 -2.2093965925141736e+00
36 19 -2.4207801179853083e+00
36 36 5.5744120077717461e+07
36 66 -2.9765309065080849e+00
37 37 5.2613916679893769e+07
37 41 -3.0927424165258284e+00
37 54 -1.7917293624492181e+00
38 38 5.2549274070184901e+07
38 42 -3.0922994085412232e+00
38 53 -1.9122141374813637e+00
39 39 5.2344850684335679e+07
39 40 -3.0922989448868479e+00
39 55 -1.8047859813610159e+00
40 39 -3.0922989448868479e+00
40 40 5.2548892291678123e+07
40 58 -1.9111446614128886e+00
41 37 -3.0927424165258284e+00
41 41 5.2614024195001654e+07
41 57 -1.9101797353312429e+00
42 38 -3.0922994085412232e+00
42 42 5.2344881246238694e+07
42 56 -1.8196478831094227e+00
43 43 5.2287394024945401e+07
43 44 -3.0918648770528185e+00
43 59 -1.9103683076500277e+00
44 43 -3.0918648770528185e+00
44 44 5.2287392268649928e+07
44 52 -1.8180521849500983e+00
45 1 -2.3378181508706821e+00
45 45 5.7346946057840548e+07
45 51 -2.7545104757187908e+00
45 64 -2.1477130132470963e+00
46 9 -2.7118417745046095e+00
46 21 -2.6744880638666362e+00
46 46 4.9822912702399209e+07
46 66 -1.9352697283698985e+00
47 8 -1.8423767073340518e+00
47 15 -2.7582084493761947e+00
47 47 5.1774947213897012e+07
47 50 -2.7278518316880835e+00
48 9 -1.8414739286794941e+00
48 15 -2.7966735452928386e+00
48 48 5.4466808883565158e+07
48 51 -2.7934581482385843e+00
49 8 -2.6305782860258113e+00
49 31 -2.6331935056530997e+00
49 49 4.9396576832792655e+07
49 65 -2.0453630230034658e+00
50 47 -2.7278518316880835e+00
50 50 5.0767327178249292e+07
50 64 -3.0863740284223975e+00
50 65 -1.9767778297004359e+00
51 45 -2.7545104757187908e+00
51 48 -2.7934581482385843e+00
51 51 5.1822298040218607e+07
51 66 -1.9741676224848399e+00
52 29 -3.0391535592633550e+00
52 44 -1.8180521849500983e+00
52 52 4.7355093237917528e+07
52 60 -2.4214098297340612e+00
53 27 -2.7529704717564938e+00
53 38 -1.9122141374813637e+00
53 53 4.2902663749580033e+07
53 61 -2.1663514554402505e+00
54 26 -3.1926027838580957e+00
54 37 -1.7917293624492181e+00
54 54 4.8334296750367939e+07
54 62 -2.4230390994006350e+00
55 28 -3.1255281912548698e+00
55 39 -1.8047859813610159e+00
55 55 4.7739342593979031e+07
55 63 -2.4224507239785362e+00
56 16 -3.1144798023233151e+00
56 42 -1.8196478831094227e+00
56 56 4.6723734583437413e+07
56 61 -2.3152132636321388e+00
57 17 -2.8178951069644294e+00
57 41 -1.9101797353312429e+00
57 57 4.2678221706247121e+07
57 62 -2.0979918327153793e+00
58 18 -2.8384253870119269e+00
58 40 -1.9111446614128886e+00
58 58 4.2478025671113834e+07
58 63 -2.0781131325037707e+00
59 22 -2.8389955776647620e+00
59 43 -1.9103683076500277e+00
59 59 4.2406693970928848e+07
59 60 -2.0654998956620196e+00
60 7 -2.7020867020463855e+00
60 52 -2.4214098297340612e+00
60 59 -2.0654998956620196e+00
60 60 4.5653986304759279e+07
61 5 -2.6455485884416219e+00
61 53 -2.1663514554402505e+00
61 56 -2.3152132636321388e+00
61 61 4.5866877948268652e+07
62 3 -2.5442240058840464e+00
62 54 -2.4230390994006350e+00
62 57 -2.0979918327153793e+00
62 62 4.5382117705760606e+07
63 6 -2.6481802178096077e+00
63 55 -2.4224507239785362e+00
63 58 -2.0781131325037707e+00
63 63 4.4893261920046940e+07
64 4 -1.9990026163777102e+00
64 45 -2.1477130132470963e+00
64 50 -3.0863740284223975e+00
64 64 5.0885171963624530e+07
65 35 -2.8207797253973235e+00
65 49 -2.0453630230034658e+00
65 50 -1.9767778297004359e+00
65 65 4.2250886802013047e+07
66 36 -2.9765309065080849e+00
66 46 -1.9352697283698985e+00
66 51 -1.9741676224848399e+00
66 66 4.2647017966242738e+07
