%%MatrixMarket matrix coordinate real general
66 66 244
1 1 7.3652420370794564e+07
1 2 -3.4409523260173751e+00
1 7 -2.5115675866055671e+00
1 45 -2.3378181832714926e+00
2 1 -3.4409523260173751e+00
2 2 6.3791020724132195e+07
2 25 -2.1345344027186650e+00
2 34 -2.4055221655860373e+00
3 3 5.7924970398127623e+07
3 8 -3.0727479517331160e+00
3 20 -2.2786714717882552e+00
3 62 -2.5441900103911053e+00
4 4 5.7164228545252465e+07
4 6 -2.7976452535788865e+00
4 25 -2.8835222445744524e+00
4 64 -1.9990022737382778e+00
5 5 6.0885297906046964e+07
5 9 -3.0412481862317993e+00
5 30 -2.2920751710373284e+00
5 61 -2.6455298148681323e+00
6 4 -2.7976452535788865e+00
6 6 5.4592381318491302e+07
6 35 -2.1797213391377057e+00
6 63 -2.6481614830162838e+00
7 1 -2.5115675866055671e+00
7 7 5.8590351897770584e+07
7 36 -2.2093968172137428e+00
7 60 -2.7020872343395199e+00
8 3 -3.0727479517331160e+00
8 8 5.1215703528480291e+07
8 47 -1.8423747944596234e+00
8 49 -2.6305630739030388e+00
9 5 -3.0412481862317993e+00
9 9 5.3969100733475141e+07
9 46 -2.7118414613323409e+00
9 48 -1.8414736037443844e+00
10 10 5.8804699735686250e+07
10 19 -2.3031082692540292e+00
10 21 -2.4331860179546934e+00
11 11 5.8588300628135875e+07
11 23 -2.3626162760122851e+00
11 32 -2.4300928605863801e+00
12 12 5.8599717276132680e+07
12 24 -2.2832084414183806e+00
12 31 -2.4478985001374292e+00
13 13 5.7097491391148284e+07
13 15 -2.4518449132104720e+00
13 20 -2.3749890975965284e+00
13 30 -2.3531158638147187e+00
14 14 4.7277332708457895e+07
14 33 -2.0249660890745877e+00
14 34 -2.1523024231768297e+00
15 13 -2.4518449132104720e+00
15 15 6.5586866008046016e+07
15 47 -2.7582078998149075e+00
15 48 -2.7966731761015717e+00
16 16 6.6180264976002201e+07
16 21 -2.4761262963295221e+00
16 56 -3.1144728165228694e+00
17 17 5.9663315722517334e+07
17 23 -2.3996256474268214e+00
17 57 -2.8176085471424330e+00
18 18 6.0622932726092473e+07
18 24 -2.5028261757525119e+00
18 58 -2.8381499198205726e+00
19 10 -2.3031082692540292e+00
19 19 5.6669511627565838e+07
19 22 -2.4885236430894220e+00
19 36 -2.4207812836079690e+00
20 3 -2.2786714717882552e+00
20 13 -2.3749890975965284e+00
20 20 5.6100433098447002e+07
20 23 -2.5587577362441078e+00
21 10 -2.4331860179546934e+00
21 16 -2.4761262963295221e+00
21 21 6.2513516009010248e+07
21 46 -2.6744891533334472e+00
22 19 -2.4885236430894220e+00
22 22 6.0509379577406712e+07
22 59 -2.8389991635141674e+00
23 11 -2.3626162760122851e+00
23 17 -2.3996256474268214e+00
23 20 -2.5587577362441078e+00
23 23 5.8062541392529957e+07
24 12 -2.2832084414183806e+00
24 18 -2.5028261757525119e+00
24 24 5.6038387298315421e+07
24 35 -2.4707825816925886e+00
25 2 -2.1345344027186650e+00
25 4 -2.8835222445744524e+00
25 25 5.7425153919168979e+07
25 33 -2.4006061766179139e+00
26 26 6.7573776015635952e+07
26 31 -2.4852849976853615e+00
26 54 -3.1923181500594051e+00
27 27 5.6920870966398701e+07
27 32 -2.2777160142250055e+00
27 53 -2.7526935367104799e+00
28 28 6.5495995837109618e+07
28 33 -2.6459218785473353e+00
28 55 -3.1255213137255025e+00
29 29 6.2590612327391401e+07
29 34 -2.4560335936784243e+00
29 52 -3.0391572077257774e+00
30 5 -2.2920751710373284e+00
30 13 -2.3531158638147187e+00
30 30 5.6469574820409730e+07
30 32 -2.5644789479648615e+00
31 12 -2.4478985001374292e+00
31 26 -2.4852849976853615e+00
31 31 6.2314319305226982e+07
31 49 -2.6331063672049604e+00
32 11 -2.4300928605863801e+00
32 27 -2.2777160142250055e+00
32 30 -2.5644789479648615e+00
32 32 5.6424783547210023e+07
33 14 -2.0249660890745877e+00
33 25 -2.4006061766179139e+00
33 28 -2.6459218785473353e+00
33 33 5.0747532552462526e+07
34 2 -2.4055221655860373e+00
34 14 -2.1523024231768297e+00
34 29 -2.4560335936784243e+00
34 34 5.2825438063260809e+07
35 6 -2.1797213391377057e+00
35 24 -2.4707825816925886e+00
35 35 5.2343453423169158e+07
35 65 -2.8207599602419937e+00
36 7 -2.2093968172137428e+00
36 19 -2.4207812836079690e+00
36 36 5.5744318502614371e+07
36 66 -2.9765311944124178e+00
37 37 5.2437728735115215e+07
37 41 -3.0922629722416168e+00
37 54 -1.7915294471277785e+00
38 38 5.2424441878690094e+07
38 42 -3.0920661359441484e+00
38 53 -1.9120281207742482e+00
39 39 5.2302209317823812e+07
39 40 -3.0920661017497930e+00
39 55 -1.8047512075680572e+00
40 39 -3.0920661017497930e+00
40 40 5.2424411234937489e+07
40 58 -1.9109608021156781e+00
41 37 -3.0922629722416168e+00
41 41 5.2437442175509378e+07
41 57 -1.9099509329370827e+00
42 38 -3.0920661359441484e+00
42 42 5.2302208234147176e+07
42 56 -1.8196124800484010e+00
43 43 5.2289815292714722e+07
43 44 -3.0918705579221077e+00
43 59 -1.9103711673825856e+00
44 43 -3.0918705579221077e+00
44 44 5.2289811911194593e+07
44 52 -1.8180547899075696e+00
45 1 -2.3378181832714926e+00
45 45 5.7346945018276162e+07
45 51 -2.7545104746879625e+00
45 64 -2.1477129619116968e+00
46 9 -2.7118414613323409e+00
46 21 -2.6744891533334472e+00
46 46 4.9823043924885735e+07
46 66 -1.9352698706150435e+00
47 8 -1.8423747944596234e+00
47 15 -2.7582078998149075e+00
47 47 5.1774705819670081e+07
47 50 -2.7278512150292973e+00
48 9 -1.8414736037443844e+00
48 15 -2.7966731761015717e+00
48 48 5.4466755568542950e+07
48 51 -2.7934580924009800e+00
49 8 -2.6305630739030388e+00
49 31 -2.6331063672049604e+00
49 49 4.9384131915793277e+07
49 65 -2.0453493376336414e+00
50 47 -2.7278512150292973e+00
50 50 5.0766983431522317e+07
50 64 -3.0863735345142316e+00
50 65 -1.9767748398708309e+00
51 45 -2.7545104746879625e+00
51 48 -2.7934580924009800e+00
51 51 5.1822298040398702e+07
51 66 -1.9741676577993050e+00
52 29 -3.0391572077257774e+00
52 44 -1.8180547899075696e+00
52 52 4.7356289391200691e+07
52 60 -2.4214115195271906e+00
53 27 -2.7526935367104799e+00
53 38 -1.9120281207742482e+00
53 53 4.2824984878714152e+07
53 61 -2.1662614515339866e+00
54 26 -3.1923181500594051e+00
54 37 -1.7915294471277785e+00
54 54 4.8252286433885023e+07
54 62 -2.4229235398430653e+00
55 28 -3.1255213137255025e+00
55 39 -1.8047512075680572e+00
55 55 4.7732307936543435e+07
55 63 -2.4224292009492316e+00
56 16 -3.1144728165228694e+00
56 42 -1.8196124800484010e+00
56 56 4.6716641488982804e+07
56 61 -2.3151915624968273e+00
57 17 -2.8176085471424330e+00
57 41 -1.9099509329370827e+00
57 57 4.2594287080438949e+07
57 62 -2.0978846388879586e+00
58 18 -2.8381499198205726e+00
58 40 -1.9109608021156781e+00
58 58 4.2403079587075062e+07
58 63 -2.0780282605709619e+00
59 22 -2.8389991635141674e+00
59 43 -1.9103711673825856e+00
59 59 4.2407863114913709e+07
59 60 -2.0655013904049135e+00
60 7 -2.7020872343395199e+00
60 52 -2.4214115195271906e+00
60 59 -2.0655013904049135e+00
60 60 4.5654411530807041e+07
61 5 -2.6455298148681323e+00
61 53 -2.1662614515339866e+00
61 56 -2.3151915624968273e+00
61 61 4.5851671356247313e+07
62 3 -2.5441900103911053e+00
62 54 -2.4229235398430653e+00
62 57 -2.0978846388879586e+00
62 62 4.5353275013871260e+07
63 6 -2.6481614830162838e+00
63 55 -2.4224292009492316e+00
63 58 -2.0780282605709619e+00
63 63 4.4879133913787059e+07
64 4 -1.9990022737382778e+00
64 45 -2.1477129619116968e+00
64 50 -3.0863735345142316e+00
64 64 5.0885108520085908e+07
65 35 -2.8207599602419937e+00
65 49 -2.0453493376336414e+00
65 50 -1.9767748398708309e+00
65 65 4.2247702190060772e+07
66 36 -2.9765311944124178e+00
66 46 -1.9352698706150435e+00
66 51 -1.9741676577993050e+00
66 66 4.2647059630767040e+07
