%%MatrixMarket matrix coordinate real general
66 66 244
1 1 7.3652390881428108e+07
1 2 -3.4409521198554462e+00
1 7 -2.5115675183399566e+00
1 45 -2.3378181623230136e+00
2 1 -3.4409521198554462e+00
2 2 6.3790842431175917e+07
2 25 -2.1345341749117122e+00
2 34 -2.4055212353669382e+00
3 3 5.7929054163861267e+07
3 8 -3.0727542074397505e+00
3 20 -2.2786829154690440e+00
3 62 -2.5442145418340343e+00
4 4 5.7164461083708853e+07
4 6 -2.7976479341722960e+00
4 25 -2.8835223328498634e+00
4 64 -1.9990024665027237e+00
5 5 6.0887998384855554e+07
5 9 -3.0412512576719033e+00
5 30 -2.2920855821843906e+00
5 61 -2.6455433790720666e+00
6 4 -2.7976479341722960e+00
6 6 5.4594884769632839e+07
6 35 -2.1797313091402892e+00
6 63 -2.6481750090669669e+00
7 1 -2.5115675183399566e+00
7 7 5.8590289891879417e+07
7 36 -2.2093966600079247e+00
7 60 -2.7020868504337052e+00
8 3 -3.0727542074397505e+00
8 8 5.1217249102577597e+07
8 47 -1.8423759869807987e+00
8 49 -2.6305738956793698e+00
9 5 -3.0412512576719033e+00
9 9 5.3969346308331482e+07
9 46 -2.7118416087555861e+00
9 48 -1.8414737874680058e+00
10 10 5.8802907517475709e+07
10 19 -2.3031061055257478e+00
10 21 -2.4331839085562379e+00
11 11 5.8714926435998112e+07
11 23 -2.3627932642393432e+00
11 32 -2.4302780099540482e+00
12 12 5.8725496434534855e+07
12 24 -2.2833806329317596e+00
12 31 -2.4480728583345517e+00
13 13 5.7099682969279826e+07
13 15 -2.4518468032951275e+00
13 20 -2.3749995693067829e+00
13 30 -2.3531265136083070e+00
14 14 4.7275723207829215e+07
14 33 -2.0249640494259298e+00
14 34 -2.1523001911046724e+00
15 13 -2.4518468032951275e+00
15 15 6.5587063027424693e+07
15 47 -2.7582082057738813e+00
15 48 -2.7966733812832305e+00
16 16 6.6179381277778514e+07
16 21 -2.4761249673133681e+00
16 56 -3.1144774427107595e+00
17 17 5.9790985833468944e+07
17 23 -2.3998044810002312e+00
17 57 -2.8178506823121907e+00
18 18 6.0749771971813448e+07
18 24 -2.5030124756249794e+00
18 58 -2.8383837187357344e+00
19 10 -2.3031061055257478e+00
19 19 5.6668568557091638e+07
19 22 -2.4885213102451029e+00
19 36 -2.4207803566748467e+00
20 3 -2.2786829154690440e+00
20 13 -2.3749995693067829e+00
20 20 5.6110884296671689e+07
20 23 -2.5588268212442009e+00
21 10 -2.4331839085562379e+00
21 16 -2.4761249673133681e+00
21 21 6.2512657612775736e+07
21 46 -2.6744882495112301e+00
22 19 -2.4885213102451029e+00
22 22 6.0507553254905567e+07
22 59 -2.8389961261798611e+00
23 11 -2.3627932642393432e+00
23 17 -2.3998044810002312e+00
23 20 -2.5588268212442009e+00
23 23 5.8130212261937790e+07
24 12 -2.2833806329317596e+00
24 18 -2.5030124756249794e+00
24 24 5.6104652835444391e+07
24 35 -2.4708510905710637e+00
25 2 -2.1345341749117122e+00
25 4 -2.8835223328498634e+00
25 25 5.7425006167041264e+07
25 33 -2.4006052724221254e+00
26 26 6.7701482312326238e+07
26 31 -2.4854504591157771e+00
26 54 -3.1925567763191647e+00
27 27 5.7046416406866044e+07
27 32 -2.2778915960911585e+00
27 53 -2.7529295631504196e+00
28 28 6.5495074512445495e+07
28 33 -2.6459202584341139e+00
28 55 -3.1255258615663877e+00
29 29 6.2588771626500010e+07
29 34 -2.4560312015120340e+00
29 52 -3.0391541310882100e+00
30 5 -2.2920855821843906e+00
30 13 -2.3531265136083070e+00
30 30 5.6480409223766670e+07
30 32 -2.5645499412908723e+00
31 12 -2.4480728583345517e+00
31 26 -2.4854504591157771e+00
31 31 6.2379679184734888e+07
31 49 -2.6331752767370418e+00
32 11 -2.4302780099540482e+00
32 27 -2.2778915960911585e+00
32 30 -2.5645499412908723e+00
32 32 5.6493095606921956e+07
33 14 -2.0249640494259298e+00
33 25 -2.4006052724221254e+00
33 28 -2.6459202584341139e+00
33 33 5.0746659125939399e+07
34 2 -2.4055212353669382e+00
34 14 -2.1523001911046724e+00
34 29 -2.4560312015120340e+00
34 34 5.2824442436907664e+07
35 6 -2.1797313091402892e+00
35 24 -2.4708510905710637e+00
35 35 5.2353361933472812e+07
35 65 -2.8207740944259716e+00
36 7 -2.2093966600079247e+00
36 19 -2.4207803566748467e+00
36 36 5.5744175017631583e+07
36 66 -2.9765309889420544e+00
37 37 5.2591352280475833e+07
37 41 -3.0926795366437578e+00
37 54 -1.7916993090285465e+00
38 38 5.2535476210871033e+07
38 42 -3.0922687957679482e+00
38 53 -1.9121877417986335e+00
39 39 5.2337748967321433e+07
39 40 -3.0922684336656197e+00
39 55 -1.8047795795332275e+00
40 39 -3.0922684336656197e+00
40 40 5.2535171933255203e+07
40 58 -1.9111185783188682e+00
41 37 -3.0926795366437578e+00
41 41 5.2591259122308880e+07
41 57 -1.9101455910825236e+00
42 38 -3.0922687957679482e+00
42 42 5.2337766647207312e+07
42 56 -1.8196413555660358e+00
43 43 5.2287696812002316e+07
43 44 -3.0918655865709632e+00
43 59 -1.9103687257114619e+00
44 43 -3.0918655865709632e+00
44 44 5.2287693596661747e+07
44 52 -1.8180525690360843e+00
45 1 -2.3378181623230136e+00
45 45 5.7346945058976866e+07
45 51 -2.7545104740522883e+00
45 64 -2.1477129873536591e+00
46 9 -2.7118416087555861e+00
46 21 -2.6744882495112301e+00
46 46 4.9822937221948370e+07
46 66 -1.9352697600383435e+00
47 8 -1.8423759869807987e+00
47 15 -2.7582082057738813e+00
47 47 5.1774837524330355e+07
47 50 -2.7278515614852843e+00
48 9 -1.8414737874680058e+00
48 15 -2.7966733812832305e+00
48 48 5.4466782193243392e+07
48 51 -2.7934581195919912e+00
49 8 -2.6305738956793698e+00
49 31 -2.6331752767370418e+00
49 49 4.9393176074523650e+07
49 65 -2.0453590917351958e+00
50 47 -2.7278515614852843e+00
50 50 5.0767180467829920e+07
50 64 -3.0863738123350939e+00
50 65 -1.9767767762540536e+00
51 45 -2.7545104740522883e+00
51 48 -2.7934581195919912e+00
51 51 5.1822297370326146e+07
51 66 -1.9741676336391953e+00
52 29 -3.0391541310882100e+00
52 44 -1.8180525690360843e+00
52 52 4.7355322904195249e+07
52 60 -2.4214101847003500e+00
53 27 -2.7529295631504196e+00
53 38 -1.9121877417986335e+00
53 53 4.2888528688814126e+07
53 61 -2.1663339021488408e+00
54 26 -3.1925567763191647e+00
54 37 -1.7916993090285465e+00
54 54 4.8318173502837546e+07
54 62 -2.4230145082322969e+00
55 28 -3.1255258615663877e+00
55 39 -1.8047795795332275e+00
55 55 4.7737384789723016e+07
55 63 -2.4224449921940940e+00
56 16 -3.1144774427107595e+00
56 42 -1.8196413555660358e+00
56 56 4.6721764226436563e+07
56 61 -2.3152075108755121e+00
57 17 -2.8178506823121907e+00
57 41 -1.9101455910825236e+00
57 57 4.2662185394455761e+07
57 62 -2.0979694231450119e+00
58 18 -2.8383837187357344e+00
58 40 -1.9111185783188682e+00
58 58 4.2464299769032262e+07
58 63 -2.0780965504987634e+00
59 22 -2.8389961261798611e+00
59 43 -1.9103687257114619e+00
59 59 4.2406913702665560e+07
59 60 -2.0655002058397844e+00
60 7 -2.7020868504337052e+00
60 52 -2.4214101847003500e+00
60 59 -2.0655002058397844e+00
60 60 4.5654098055787764e+07
61 5 -2.6455433790720666e+00
61 53 -2.1663339021488408e+00
61 56 -2.3152075108755121e+00
61 61 4.5862919271720923e+07
62 3 -2.5442145418340343e+00
62 54 -2.4230145082322969e+00
62 57 -2.0979694231450119e+00
62 62 4.5374529440080948e+07
63 6 -2.6481750090669669e+00
63 55 -2.4224449921940940e+00
63 58 -2.0780965504987634e+00
63 63 4.4889568893504731e+07
64 4 -1.9990024665027237e+00
64 45 -2.1477129873536591e+00
64 50 -3.0863738123350939e+00
64 64 5.0885140425698005e+07
65 35 -2.8207740944259716e+00
65 49 -2.0453590917351958e+00
65 50 -1.9767767762540536e+00
65 65 4.2249788820850909e+07
66 36 -2.9765309889420544e+00
66 46 -1.9352697600383435e+00
66 51 -1.9741676336391953e+00
66 66 4.2647031768082157e+07
