%%MatrixMarket matrix coordinate real general
66 66 244
1 1 7.3652419964092478e+07
1 2 -3.4409523202552896e+00
1 7 -2.5115675855768420e+00
1 45 -2.3378181829764486e+00
2 1 -3.4409523202552896e+00
2 2 6.3791015323198505e+07
2 25 -2.1345343953194496e+00
2 34 -2.4055221150686745e+00
3 3 5.7925035284580588e+07
3 8 -3.0727480474808853e+00
3 20 -2.2786717703347530e+00
3 62 -2.5441907336903951e+00
4 4 5.7164230192442857e+07
4 6 -2.7976452951320279e+00
4 25 -2.8835222410866872e+00
4 64 -1.9990022750169485e+00
5 5 6.0885341549990334e+07
5 9 -3.0412482335940050e+00
5 30 -2.2920754598513420e+00
5 61 -2.6455302147198498e+00
6 4 -2.7976452951320279e+00
6 6 5.4592422101177827e+07
6 35 -2.1797216163709057e+00
6 63 -2.6481618800282267e+00
7 1 -2.5115675855768420e+00
7 7 5.8590350924240530e+07
7 36 -2.2093968132030950e+00
7 60 -2.7020872231339963e+00
8 3 -3.0727480474808853e+00
8 8 5.1215724735641867e+07
8 47 -1.8423748101164119e+00
8 49 -2.6305633767504317e+00
9 5 -3.0412482335940050e+00
9 9 5.3969102510622039e+07
9 46 -2.7118414591694497e+00
9 48 -1.8414736050043121e+00
10 10 5.8804526972963065e+07
10 19 -2.3031080906934314e+00
10 21 -2.4331858401197439e+00
11 11 5.8600388281129390e+07
11 23 -2.3626306207036234e+00
11 32 -2.4301079049699599e+00
12 12 5.8611777528171964e+07
12 24 -2.2832224708913702e+00
12 31 -2.4479126575757180e+00
13 13 5.7097525358440772e+07
13 15 -2.4518449412216294e+00
13 20 -2.3749893863766118e+00
13 30 -2.3531161630426705e+00
14 14 4.7277157064144708e+07
14 33 -2.0249658990581940e+00
14 34 -2.1523022216478145e+00
15 13 -2.4518449412216294e+00
15 15 6.5586867415404007e+07
15 47 -2.7582079018628325e+00
15 48 -2.7966731774726594e+00
16 16 6.6180115637648173e+07
16 21 -2.4761261435599353e+00
16 56 -3.1144728043622814e+00
17 17 5.9675221929505393e+07
17 23 -2.3996398733709561e+00
17 57 -2.8176279742658754e+00
18 18 6.0634734995606072e+07
18 24 -2.5028410020332053e+00
18 58 -2.8381689555397589e+00
19 10 -2.3031080906934314e+00
19 19 5.6669458548448719e+07
19 22 -2.4885234551594357e+00
19 36 -2.4207812347014470e+00
20 3 -2.2786717703347530e+00
20 13 -2.3749893863766118e+00
20 20 5.6100746714760862e+07
20 23 -2.5587613222378791e+00
21 10 -2.4331858401197439e+00
21 16 -2.4761261435599353e+00
21 21 6.2513465255720727e+07
21 46 -2.6744891021852859e+00
22 19 -2.4885234551594357e+00
22 22 6.0509209463630840e+07
22 59 -2.8389989174610588e+00
23 11 -2.3626306207036234e+00
23 17 -2.3996398733709561e+00
23 20 -2.5587613222378791e+00
23 23 5.8066313977169126e+07
24 12 -2.2832224708913702e+00
24 18 -2.5028410020332053e+00
24 24 5.6042098962543756e+07
24 35 -2.4707861707953618e+00
25 2 -2.1345343953194496e+00
25 4 -2.8835222410866872e+00
25 25 5.7425148706803985e+07
25 33 -2.4006061229106233e+00
26 26 6.7585097356440693e+07
26 31 -2.4852977040932851e+00
26 54 -3.1923365567317132e+00
27 27 5.6932959040649049e+07
27 32 -2.2777304051005403e+00
27 53 -2.7527133133609438e+00
28 28 6.5495845910231829e+07
28 33 -2.6459216933243166e+00
28 55 -3.1255212993467132e+00
29 29 6.2590444251892388e+07
29 34 -2.4560334026095734e+00
29 52 -3.0391569637971174e+00
30 5 -2.2920754598513420e+00
30 13 -2.3531161630426705e+00
30 30 5.6469905715794489e+07
30 32 -2.5644826922058250e+00
31 12 -2.4479126575757180e+00
31 26 -2.4852977040932851e+00
31 31 6.2317889628283203e+07
31 49 -2.6331099046859503e+00
32 11 -2.4301079049699599e+00
32 27 -2.2777304051005403e+00
32 30 -2.5644826922058250e+00
32 32 5.6428640802186839e+07
33 14 -2.0249658990581940e+00
33 25 -2.4006061229106233e+00
33 28 -2.6459216933243166e+00
33 33 5.0747477150164083e+07
34 2 -2.4055221150686745e+00
34 14 -2.1523022216478145e+00
34 29 -2.4560334026095734e+00
34 34 5.2825379340710849e+07
35 6 -2.1797216163709057e+00
35 24 -2.4707861707953618e+00
35 35 5.2343756891719408e+07
35 65 -2.8207603589360324e+00
36 7 -2.2093968132030950e+00
36 19 -2.4207812347014470e+00
36 36 5.5744314230398200e+07
36 66 -2.9765311887358625e+00
37 37 5.2451965551738933e+07
37 41 -3.0923010915684386e+00
37 54 -1.7915433088838508e+00
38 38 5.2435943446712077e+07
38 42 -3.0920846503009924e+00
38 53 -1.9120418900036409e+00
39 39 5.2304486971820347e+07
39 40 -3.0920846043903456e+00
39 55 -1.8047528845423684e+00
40 39 -3.0920846043903456e+00
40 40 5.2435902125018314e+07
40 58 -1.9109744277480250e+00
41 37 -3.0923010915684386e+00
41 41 5.2451646188635677e+07
41 57 -1.9099668583415192e+00
42 38 -3.0920846503009924e+00
42 42 5.2304485728241935e+07
42 56 -1.8196141843004507e+00
43 43 5.2289615181113042e+07
43 44 -3.0918700881734007e+00
43 59 -1.9103709653774625e+00
44 43 -3.0918700881734007e+00
44 44 5.2289611385924861e+07
44 52 -1.8180546068909784e+00
45 1 -2.3378181829764486e+00
45 45 5.7346945010096163e+07
45 51 -2.7545104746614602e+00
45 64 -2.1477129619917630e+00
46 9 -2.7118414591694497e+00
46 21 -2.6744891021852859e+00
46 46 4.9823039999812625e+07
46 66 -1.9352698670239961e+00
47 8 -1.8423748101164119e+00
47 15 -2.7582079018628325e+00
47 47 5.1774706613781966e+07
47 50 -2.7278512174443734e+00
48 9 -1.8414736050043121e+00
48 15 -2.7966731774726594e+00
48 48 5.4466755657215811e+07
48 51 -2.7934580924749768e+00
49 8 -2.6305633767504317e+00
49 31 -2.6331099046859503e+00
49 49 4.9384406771988578e+07
49 65 -2.0453496084297615e+00
50 47 -2.7278512174443734e+00
50 50 5.0766984929147243e+07
50 64 -3.0863735364667257e+00
50 65 -1.9767748697901715e+00
51 45 -2.7545104746614602e+00
51 48 -2.7934580924749768e+00
51 51 5.1822298022171043e+07
51 66 -1.9741676573932423e+00
52 29 -3.0391569637971174e+00
52 44 -1.8180546068909784e+00
52 52 4.7356234696851708e+07
52 60 -2.4214114518304681e+00
53 27 -2.7527133133609438e+00
53 38 -1.9120418900036409e+00
53 53 4.2828808371614680e+07
53 61 -2.1662655341509858e+00
54 26 -3.1923365567317132e+00
54 37 -1.7915433088838508e+00
54 54 4.8255952976658531e+07
54 62 -2.4229281290570972e+00
55 28 -3.1255212993467132e+00
55 39 -1.8047528845423684e+00
55 55 4.7732444202812850e+07
55 63 -2.4224296840930752e+00
56 16 -3.1144728043622814e+00
56 42 -1.8196141843004507e+00
56 56 4.6716779569831885e+07
56 61 -2.3151920546161122e+00
57 17 -2.8176279742658754e+00
57 41 -1.9099668583415192e+00
57 57 4.2598180423637643e+07
57 62 -2.0978890212428607e+00
58 18 -2.8381689555397589e+00
58 40 -1.9109744277480250e+00
58 58 4.2406739658539839e+07
58 63 -2.0780320999899855e+00
59 22 -2.8389989174610588e+00
59 43 -1.9103709653774625e+00
59 59 4.2407808264730372e+07
59 60 -2.0655013294197726e+00
60 7 -2.7020872231339963e+00
60 52 -2.4214114518304681e+00
60 59 -2.0655013294197726e+00
60 60 4.5654401533323228e+07
61 5 -2.6455302147198498e+00
61 53 -2.1662655341509858e+00
61 56 -2.3151920546161122e+00
61 61 4.5852037768474080e+07
62 3 -2.5441907336903951e+00
62 54 -2.4229281290570972e+00
62 57 -2.0978890212428607e+00
62 62 4.5353955820647150e+07
63 6 -2.6481618800282267e+00
63 55 -2.4224296840930752e+00
63 58 -2.0780320999899855e+00
63 63 4.4879471893321604e+07
64 4 -1.9990022750169485e+00
64 45 -2.1477129619917630e+00
64 50 -3.0863735364667257e+00
64 64 5.0885108628602222e+07
65 35 -2.8207603589360324e+00
65 49 -2.0453496084297615e+00
65 50 -1.9767748697901715e+00
65 65 4.2247735920033596e+07
66 36 -2.9765311887358625e+00
66 46 -1.9352698670239961e+00
66 51 -1.9741676573932423e+00
66 66 4.2647059169143461e+07
