%%MatrixMarket matrix coordinate real general
66 66 244
1 1 7.3652420989373550e+07
1 2 -3.4409523372537723e+00
1 7 -2.5115675882051707e+00
1 45 -2.3378181837168781e+00
2 1 -3.4409523372537723e+00
2 2 6.3791031430821382e+07
2 25 -2.1345344174640495e+00
2 34 -2.4055222944930512e+00
3 3 5.7924868401615717e+07
3 8 -3.0727478023694066e+00
3 20 -2.2786708992700575e+00
3 62 -2.5441885815034491e+00
4 4 5.7164226570714459e+07
4 6 -2.7976451885675209e+00
4 25 -2.8835222529013556e+00
4 64 -1.9990022722229857e+00
5 5 6.0885229078921497e+07
5 9 -3.0412481122270481e+00
5 30 -2.2920746087810477e+00
5 61 -2.6455290263923659e+00
6 4 -2.7976451885675209e+00
6 6 5.4592316895973608e+07
6 35 -2.1797207988901204e+00
6 63 -2.6481607009734471e+00
7 1 -2.5115675882051707e+00
7 7 5.8590353425890759e+07
7 36 -2.2093968248543367e+00
7 60 -2.7020872563993583e+00
8 3 -3.0727478023694066e+00
8 8 5.1215671217186861e+07
8 47 -1.8423747707848930e+00
8 49 -2.6305624805855086e+00
9 5 -3.0412481122270481e+00
9 9 5.3969098582311511e+07
9 46 -2.7118414671608884e+00
9 48 -1.8414736022311262e+00
10 10 5.8805289364329398e+07
10 19 -2.3031088432607079e+00
10 21 -2.4331865908599961e+00
11 11 5.8547200331176899e+07
11 23 -2.3625703504267017e+00
11 32 -2.4300447843502764e+00
12 12 5.8558680599225290e+07
12 24 -2.2831634888481793e+00
12 31 -2.4478530948692687e+00
13 13 5.7097438230000220e+07
13 15 -2.4518448697334816e+00
13 20 -2.3749885349306652e+00
13 30 -2.3531152785958285e+00
14 14 4.7277961663737833e+07
14 33 -2.0249667262562712e+00
14 34 -2.1523030966785481e+00
15 13 -2.4518448697334816e+00
15 15 6.5586864264601015e+07
15 47 -2.7582078973056086e+00
15 48 -2.7966731744218594e+00
16 16 6.6180792046524704e+07
16 21 -2.4761267984361535e+00
16 56 -3.1144731222856259e+00
17 17 5.9622916724513710e+07
17 23 -2.3995800399798823e+00
17 57 -2.8175464616444930e+00
18 18 6.0582944121408574e+07
18 24 -2.5027786871932647e+00
18 58 -2.8380889102495530e+00
19 10 -2.3031088432607079e+00
19 19 5.6669648169957578e+07
19 22 -2.4885242437191213e+00
19 36 -2.4207814072533020e+00
20 3 -2.2786708992700575e+00
20 13 -2.3749885349306652e+00
20 20 5.6099809220045507e+07
20 23 -2.5587486212222612e+00
21 10 -2.4331865908599961e+00
21 16 -2.4761267984361535e+00
21 21 6.2513646536057323e+07
21 46 -2.6744892827571713e+00
22 19 -2.4885242437191213e+00
22 22 6.0509956504304893e+07
22 59 -2.8389999499127159e+00
23 11 -2.3625703504267017e+00
23 17 -2.3995800399798823e+00
23 20 -2.5587486212222612e+00
23 23 5.8052820016452931e+07
24 12 -2.2831634888481793e+00
24 18 -2.5027786871932647e+00
24 24 5.6028819985747539e+07
24 35 -2.4707734689272174e+00
25 2 -2.1345344174640495e+00
25 4 -2.8835222529013556e+00
25 25 5.7425164366389968e+07
25 33 -2.4006063147769829e+00
26 26 6.7536109603769958e+07
26 31 -2.4852450401897972e+00
26 54 -3.1922605125600665e+00
27 27 5.6879629851766117e+07
27 32 -2.2776700809700392e+00
27 53 -2.7526303054079673e+00
28 28 6.5496524223272368e+07
28 33 -2.6459224862236117e+00
28 55 -3.1255216243263626e+00
29 29 6.2591178442503609e+07
29 34 -2.4560341993446770e+00
29 52 -3.0391579817459551e+00
30 5 -2.2920746087810477e+00
30 13 -2.3531152785958285e+00
30 30 5.6468914606012955e+07
30 32 -2.5644694690406080e+00
31 12 -2.4478530948692687e+00
31 26 -2.4852450401897972e+00
31 31 6.2305173184359565e+07
31 49 -2.6330974176320123e+00
32 11 -2.4300447843502764e+00
32 27 -2.2776700809700392e+00
32 30 -2.5644694690406080e+00
32 32 5.6414829017904803e+07
33 14 -2.0249667262562712e+00
33 25 -2.4006063147769829e+00
33 28 -2.6459224862236117e+00
33 33 5.0747677996226601e+07
34 2 -2.4055222944930512e+00
34 14 -2.1523030966785481e+00
34 29 -2.4560341993446770e+00
34 34 5.2825591247782238e+07
35 6 -2.1797207988901204e+00
35 24 -2.4707734689272174e+00
35 35 5.2342847113231003e+07
35 65 -2.8207591801433538e+00
36 7 -2.2093968248543367e+00
36 19 -2.4207814072533020e+00
36 36 5.5744326969712101e+07
36 66 -2.9765312054360122e+00
37 37 5.2390253782268830e+07
37 41 -3.0921366992316490e+00
37 54 -1.7914855882459360e+00
38 38 5.2384186349610694e+07
38 42 -3.0920041759068031e+00
38 53 -1.9119830903827233e+00
39 39 5.2296205700449720e+07
39 40 -3.0920041665538833e+00
39 55 -1.8047468590858298e+00
40 39 -3.0920041665538833e+00
40 40 5.2384177821041353e+07
40 58 -1.9109162111610971e+00
41 37 -3.0921366992316490e+00
41 41 5.2390090868613690e+07
41 57 -1.9099005369485473e+00
42 38 -3.0920041759068031e+00
42 42 5.2296205318129607e+07
42 56 -1.8196080622570723e+00
43 43 5.2290488555809274e+07
43 44 -3.0918721379329290e+00
43 59 -1.9103718122062558e+00
44 43 -3.0918721379329290e+00
44 44 5.2290486655067451e+07
44 52 -1.8180553739233065e+00
45 1 -2.3378181837168781e+00
45 45 5.7346945025922529e+07
45 51 -2.7545104747217439e+00
45 64 -2.1477129618328794e+00
46 9 -2.7118414671608884e+00
46 21 -2.6744892827571713e+00
46 46 4.9823051809937209e+07
46 66 -1.9352698776585191e+00
47 8 -1.8423747707848930e+00
47 15 -2.7582078973056086e+00
47 47 5.1774704865404077e+07
47 50 -2.7278512120464882e+00
48 9 -1.8414736022311262e+00
48 15 -2.7966731744218594e+00
48 48 5.4466755478860453e+07
48 51 -2.7934580923339372e+00
49 8 -2.6305624805855086e+00
49 31 -2.6330974176320123e+00
49 49 4.9383584117623493e+07
49 65 -2.0453488102959652e+00
50 47 -2.7278512120464882e+00
50 50 5.0766981555251330e+07
50 64 -3.0863735321031878e+00
50 65 -1.9767747930736965e+00
51 45 -2.7545104747217439e+00
51 48 -2.7934580923339372e+00
51 51 5.1822298066365235e+07
51 66 -1.9741676584354859e+00
52 29 -3.0391579817459551e+00
52 44 -1.8180553739233065e+00
52 52 4.7356430443809688e+07
52 60 -2.4214116883361427e+00
53 27 -2.7526303054079673e+00
53 38 -1.9119830903827233e+00
53 53 4.2814958232211821e+07
53 61 -2.1662510341607004e+00
54 26 -3.1922605125600665e+00
54 37 -1.7914855882459360e+00
54 54 4.8242882618653946e+07
54 62 -2.4229122379858392e+00
55 28 -3.1255216243263626e+00
55 39 -1.8047468590858298e+00
55 55 4.7732064920868509e+07
55 63 -2.4224282603629055e+00
56 16 -3.1144731222856259e+00
56 42 -1.8196080622570723e+00
56 56 4.6716394557682507e+07
56 61 -2.3151906012174739e+00
57 17 -2.8175464616444930e+00
57 41 -1.9099005369485473e+00
57 57 4.2584207261811055e+07
57 62 -2.0978737312359859e+00
58 18 -2.8380889102495530e+00
58 40 -1.9109162111610971e+00
58 58 4.2393503674606770e+07
58 63 -2.0780184875223395e+00
59 22 -2.8389999499127159e+00
59 43 -1.9103718122062558e+00
59 59 4.2408005324140497e+07
59 60 -2.0655015431567523e+00
60 7 -2.7020872563993583e+00
60 52 -2.4214116883361427e+00
60 59 -2.0655015431567523e+00
60 60 4.5654431605828881e+07
61 5 -2.6455290263923659e+00
61 53 -2.1662510341607004e+00
61 56 -2.3151906012174739e+00
61 61 4.5850931695397779e+07
62 3 -2.5441885815034491e+00
62 54 -2.4229122379858392e+00
62 57 -2.0978737312359859e+00
62 62 4.5351904834625810e+07
63 6 -2.6481607009734471e+00
63 55 -2.4224282603629055e+00
63 58 -2.0780184875223395e+00
63 63 4.4878452339675955e+07
64 4 -1.9990022722229857e+00
64 45 -2.1477129618328794e+00
64 50 -3.0863735321031878e+00
64 64 5.0885108413658924e+07
65 35 -2.8207591801433538e+00
65 49 -2.0453488102959652e+00
65 50 -1.9767747930736965e+00
65 65 4.2247648976496272e+07
66 36 -2.9765312054360122e+00
66 46 -1.9352698776585191e+00
66 51 -1.9741676584354859e+00
66 66 4.2647060356479429e+07
