%%MatrixMarket matrix coordinate real general
66 66 244
1 1 7.3652420862768948e+07
1 2 -3.4409523344496851e+00
1 7 -2.5115675878717245e+00
1 45 -2.3378181836265299e+00
2 1 -3.4409523344496851e+00
2 2 6.3791028731154881e+07
2 25 -2.1345344137363034e+00
2 34 -2.4055222558408200e+00
3 3 5.7924889826796748e+07
3 8 -3.0727478335683887e+00
3 20 -2.2786710405404516e+00
3 62 -2.5441889413196486e+00
4 4 5.7164226892576165e+07
4 6 -2.7976452021779923e+00
4 25 -2.8835222506102820e+00
4 64 -1.9990022724674625e+00
5 5 6.0885243571498081e+07
5 9 -3.0412481277058170e+00
5 30 -2.2920747489099274e+00
5 61 -2.6455292247919560e+00
6 4 -2.7976452021779923e+00
6 6 5.4592330476934299e+07
6 35 -2.1797209336182002e+00
6 63 -2.6481608976133235e+00
7 1 -2.5115675878717245e+00
7 7 5.8590353104915686e+07
7 36 -2.2093968229768506e+00
7 60 -2.7020872508615033e+00
8 3 -3.0727478335683887e+00
8 8 5.1215677847135454e+07
8 47 -1.8423747756161666e+00
8 49 -2.6305626291224198e+00
9 5 -3.0412481277058170e+00
9 9 5.3969098936625570e+07
9 46 -2.7118414654809979e+00
9 48 -1.8414736024789899e+00
10 10 5.8805079910942748e+07
10 19 -2.3031086452212022e+00
10 21 -2.4331863930070621e+00
11 11 5.8561767447477914e+07
11 23 -2.3625861257505285e+00
11 32 -2.4300612944925652e+00
12 12 5.8573228384736806e+07
12 24 -2.2831789385110506e+00
12 31 -2.4478687048959742e+00
13 13 5.7097449360095367e+07
13 15 -2.4518448787814986e+00
13 20 -2.3749886752599343e+00
13 30 -2.3531154249065040e+00
14 14 4.7277733173995934e+07
14 33 -2.0249665017877900e+00
14 34 -2.1523028597357836e+00
15 13 -2.4518448787814986e+00
15 15 6.5586864560579918e+07
15 47 -2.7582078977279818e+00
15 48 -2.7966731747046736e+00
16 16 6.6180603028591961e+07
16 21 -2.4761266241247708e+00
16 56 -3.1144729773888473e+00
17 17 5.9637221505182303e+07
17 23 -2.3995957073889289e+00
17 57 -2.8175677696818764e+00
18 18 6.0597096330991492e+07
18 24 -2.5027950138857245e+00
18 58 -2.8381099023487621e+00
19 10 -2.3031086452212022e+00
19 19 5.6669607053742290e+07
19 22 -2.4885240370215467e+00
19 36 -2.4207813703758312e+00
20 3 -2.2786710405404516e+00
20 13 -2.3749886752599343e+00
20 20 5.6099966918734305e+07
20 23 -2.5587513487975753e+00
21 10 -2.4331863930070621e+00
21 16 -2.4761266241247708e+00
21 21 6.2513607267222844e+07
21 46 -2.6744892441757044e+00
22 19 -2.4885240370215467e+00
22 22 6.0509752065650716e+07
22 59 -2.8389996793468937e+00
23 11 -2.3625861257505285e+00
23 17 -2.3995957073889289e+00
23 20 -2.5587513487975753e+00
23 23 5.8055751377058983e+07
24 12 -2.2831789385110506e+00
24 18 -2.5027950138857245e+00
24 24 5.6031706275594778e+07
24 35 -2.4707761978643634e+00
25 2 -2.1345344137363034e+00
25 4 -2.8835222506102820e+00
25 25 5.7425161717759512e+07
25 33 -2.4006062732006215e+00
26 26 6.7549322383025780e+07
26 31 -2.4852586320323833e+00
26 54 -3.1922801159118550e+00
27 27 5.6894289711496435e+07
27 32 -2.2776859025456777e+00
27 53 -2.7526520953026781e+00
28 28 6.5496334777930781e+07
28 33 -2.6459222754952307e+00
28 55 -3.1255214780533231e+00
29 29 6.2590978473451033e+07
29 34 -2.4560339918811551e+00
29 52 -3.0391577163690329e+00
30 5 -2.2920747489099274e+00
30 13 -2.3531154249065040e+00
30 30 5.6469081801011153e+07
30 32 -2.5644723096725057e+00
31 12 -2.4478687048959742e+00
31 26 -2.4852586320323833e+00
31 31 6.2307921398855589e+07
31 49 -2.6331000875929997e+00
32 11 -2.4300612944925652e+00
32 27 -2.2776859025456777e+00
32 30 -2.5644723096725057e+00
32 32 5.6417835632597379e+07
33 14 -2.0249665017877900e+00
33 25 -2.4006062732006215e+00
33 28 -2.6459222754952307e+00
33 33 5.0747633738713279e+07
34 2 -2.4055222558408200e+00
34 14 -2.1523028597357836e+00
34 29 -2.4560339918811551e+00
34 34 5.2825544761475660e+07
35 6 -2.1797209336182002e+00
35 24 -2.4707761978643634e+00
35 35 5.2343000789807960e+07
35 65 -2.8207593752091986e+00
36 7 -2.2093968229768506e+00
36 19 -2.4207813703758312e+00
36 36 5.5744324834334619e+07
36 66 -2.9765312026927551e+00
37 37 5.2406936263363183e+07
37 41 -3.0921810653349318e+00
37 54 -1.7915006661992949e+00
38 38 5.2398652888283983e+07
38 42 -3.0920259705975992e+00
38 53 -1.9119987685125395e+00
39 39 5.2298030829726234e+07
39 40 -3.0920259548130207e+00
39 55 -1.8047481694547680e+00
40 39 -3.0920259548130207e+00
40 40 5.2398638655531175e+07
40 58 -1.9109317486333004e+00
41 37 -3.0921810653349318e+00
41 41 5.2406729191771135e+07
41 57 -1.9099178411189031e+00
42 38 -3.0920259705975992e+00
42 42 5.2298030211702161e+07
42 56 -1.8196093932956332e+00
43 43 5.2290251142566994e+07
43 44 -3.0918715808707971e+00
43 59 -1.9103715906912426e+00
44 43 -3.0918715808707971e+00
44 44 5.2290248723296538e+07
44 52 -1.8180551733137638e+00
45 1 -2.3378181836265299e+00
45 45 5.7346945025510147e+07
45 51 -2.7545104747161160e+00
45 64 -2.1477129618436561e+00
46 9 -2.7118414654809979e+00
46 21 -2.6744892441757044e+00
46 46 4.9823049808488168e+07
46 66 -1.9352698758976989e+00
47 8 -1.8423747756161666e+00
47 15 -2.7582078977279818e+00
47 47 5.1774705023549192e+07
47 50 -2.7278512125521099e+00
48 9 -1.8414736024789899e+00
48 15 -2.7966731747046736e+00
48 48 5.4466755491570272e+07
48 51 -2.7934580923418935e+00
49 8 -2.6305626291224198e+00
49 31 -2.6331000875929997e+00
49 49 4.9383722736508556e+07
49 65 -2.0453489417364237e+00
50 47 -2.7278512125521099e+00
50 50 5.0766981876924500e+07
50 64 -3.0863735325114172e+00
50 65 -1.9767748028668966e+00
51 45 -2.7545104747161160e+00
51 48 -2.7934580923418935e+00
51 51 5.1822298061192304e+07
51 66 -1.9741676583022265e+00
52 29 -3.0391577163690329e+00
52 44 -1.8180551733137638e+00
52 52 4.7356387904991269e+07
52 60 -2.4214116383888915e+00
53 27 -2.7526520953026781e+00
53 38 -1.9119987685125395e+00
53 53 4.2818011972042933e+07
53 61 -2.1662541662924011e+00
54 26 -3.1922801159118550e+00
54 37 -1.7915006661992949e+00
54 54 4.8245717173794314e+07
54 62 -2.4229155905681190e+00
55 28 -3.1255214780533231e+00
55 39 -1.8047481694547680e+00
55 55 4.7732120189036384e+07
55 63 -2.4224284932578097e+00
56 16 -3.1144729773888473e+00
56 42 -1.8196093932956332e+00
56 56 4.6716450877735890e+07
56 61 -2.3151908399026215e+00
57 17 -2.8175677696818764e+00
57 41 -1.9099178411189031e+00
57 57 4.2587256035665594e+07
57 62 -2.0978769645722997e+00
58 18 -2.8381099023487621e+00
58 40 -1.9109317486333004e+00
58 58 4.2396418256083347e+07
58 63 -2.0780214287184151e+00
59 22 -2.8389996793468937e+00
59 43 -1.9103715906912426e+00
59 59 4.2407962313846745e+07
59 60 -2.0655014978464115e+00
60 7 -2.7020872508615033e+00
60 52 -2.4214116383888915e+00
60 59 -2.0655014978464115e+00
60 60 4.5654426502804376e+07
61 5 -2.6455292247919560e+00
61 53 -2.1662541662924011e+00
61 56 -2.3151908399026215e+00
61 61 4.5851120632034697e+07
62 3 -2.5441889413196486e+00
62 54 -2.4229155905681190e+00
62 57 -2.0978769645722997e+00
62 62 4.5352254012953445e+07
63 6 -2.6481608976133235e+00
63 55 -2.4224284932578097e+00
63 58 -2.0780214287184151e+00
63 63 4.4878626329703271e+07
64 4 -1.9990022724674625e+00
64 45 -2.1477129618436561e+00
64 50 -3.0863735325114172e+00
64 64 5.0885108427592367e+07
65 35 -2.8207593752091986e+00
65 49 -2.0453489417364237e+00
65 50 -1.9767748028668966e+00
65 65 4.2247660182017557e+07
66 36 -2.9765312026927551e+00
66 46 -1.9352698758976989e+00
66 51 -1.9741676583022265e+00
66 66 4.2647060204210714e+07
