%%MatrixMarket matrix coordinate real general
66 66 244
1 1 7.3652419092591837e+07
1 2 -3.4409523095453300e+00
1 7 -2.5115675834034672e+00
1 45 -2.3378181823427151e+00
2 1 -3.4409523095453300e+00
2 2 6.3791005400119036e+07
2 25 -2.1345343817938507e+00
2 34 -2.4055220338632921e+00
3 3 5.7925171316193283e+07
3 8 -3.0727482492887095e+00
3 20 -2.2786723320509981e+00
3 62 -2.5441920668309126e+00
4 4 5.7164234243350185e+07
4 6 -2.7976453825484420e+00
4 25 -2.8835222358110006e+00
4 64 -1.9990022781888706e+00
5 5 6.0885432834961385e+07
5 9 -3.0412483333187570e+00
5 30 -2.2920759980638858e+00
5 61 -2.6455309520635120e+00
6 4 -2.7976453825484420e+00
6 6 5.4592507299021371e+07
6 35 -2.1797221326110554e+00
6 63 -2.6481626127846933e+00
7 1 -2.5115675834034672e+00
7 7 5.8590348880208768e+07
7 36 -2.2093968056335029e+00
7 60 -2.7020872024403362e+00
8 3 -3.0727482492887095e+00
8 8 5.1215770164172620e+07
8 47 -1.8423748438472012e+00
8 49 -2.6305639383414112e+00
9 5 -3.0412483333187570e+00
9 9 5.3969106858469263e+07
9 46 -2.7118414564229414e+00
9 48 -1.8414736081072927e+00
10 10 5.8804286959509030e+07
10 19 -2.3031078338124287e+00
10 21 -2.4331855847075365e+00
11 11 5.8617207343200833e+07
11 23 -2.3626513892060625e+00
11 32 -2.4301296527316687e+00
12 12 5.8628549796637207e+07
12 24 -2.2832427603784224e+00
12 31 -2.4479330929674163e+00
13 13 5.7097596786368392e+07
13 15 -2.4518450004837140e+00
13 20 -2.3749899242625343e+00
13 30 -2.3531167191127182e+00
14 14 4.7276919901486397e+07
14 33 -2.0249656323195553e+00
14 34 -2.1523019379410573e+00
15 13 -2.4518450004837140e+00
15 15 6.5586870830742978e+07
15 47 -2.7582079068767782e+00
15 48 -2.7966731808301644e+00
16 16 6.6179916040114522e+07
16 21 -2.4761259293469791e+00
16 56 -3.1144728745690347e+00
17 17 5.9691884153521717e+07
17 23 -2.3996606741691910e+00
17 57 -2.8176561982948267e+00
18 18 6.0651270370256022e+07
18 24 -2.5028626784158936e+00
18 58 -2.8381965628994585e+00
19 10 -2.3031078338124287e+00
19 19 5.6669373701549575e+07
19 22 -2.4885231836912771e+00
19 36 -2.4207811556438923e+00
20 3 -2.2786723320509981e+00
20 13 -2.3749899242625343e+00
20 20 5.6101322880805738e+07
20 23 -2.5587672308350902e+00
21 10 -2.4331855847075365e+00
21 16 -2.4761259293469791e+00
21 21 6.2513384267255530e+07
21 46 -2.6744890197462303e+00
22 19 -2.4885231836912771e+00
22 22 6.0508971937336750e+07
22 59 -2.8389985622032303e+00
23 11 -2.3626513892060625e+00
23 17 -2.3996606741691910e+00
23 20 -2.5587672308350902e+00
23 23 5.8072373054945610e+07
24 12 -2.2832427603784224e+00
24 18 -2.5028626784158936e+00
24 24 5.6048052670889609e+07
24 35 -2.4707920632956424e+00
25 2 -2.1345343817938507e+00
25 4 -2.8835222358110006e+00
25 25 5.7425139232042119e+07
25 33 -2.4006060372058671e+00
26 26 6.7601093519858658e+07
26 31 -2.4853163289498683e+00
26 54 -3.1923634841632786e+00
27 27 5.6949696719097525e+07
27 32 -2.2777510232997704e+00
27 53 -2.7527414473499521e+00
28 28 6.5495645106331334e+07
28 33 -2.6459214334220817e+00
28 55 -3.1255213654879554e+00
29 29 6.2590208574763037e+07
29 34 -2.4560331255954782e+00
29 52 -3.0391566100616485e+00
30 5 -2.2920759980638858e+00
30 13 -2.3531167191127182e+00
30 30 5.6470512519696653e+07
30 32 -2.5644888076612458e+00
31 12 -2.4479330929674163e+00
31 26 -2.4853163289498683e+00
31 31 6.2323633382364422e+07
31 49 -2.6331156899767922e+00
32 11 -2.4301296527316687e+00
32 27 -2.2777510232997704e+00
32 30 -2.5644888076612458e+00
32 32 5.6434812702838771e+07
33 14 -2.0249656323195553e+00
33 25 -2.4006060372058671e+00
33 28 -2.6459214334220817e+00
33 33 5.0747389883571193e+07
34 2 -2.4055220338632921e+00
34 14 -2.1523019379410573e+00
34 29 -2.4560331255954782e+00
34 34 5.2825286294277489e+07
35 6 -2.1797221326110554e+00
35 24 -2.4707920632956424e+00
35 35 5.2344312855213441e+07
35 65 -2.8207610994086987e+00
36 7 -2.2093968056335029e+00
36 19 -2.4207811556438923e+00
36 36 5.5744306374810405e+07
36 66 -2.9765311781575776e+00
37 37 5.2471957582073852e+07
37 41 -3.0923545906031999e+00
37 54 -1.7915632809547235e+00
38 38 5.2451717795005262e+07
38 42 -3.0921108493084151e+00
38 53 -1.9120615865970909e+00
39 39 5.2308052851403788e+07
39 40 -3.0921107812258257e+00
39 55 -1.8047555389775252e+00
40 39 -3.0921107812258257e+00
40 40 5.2451657436038546e+07
40 58 -1.9109939111648082e+00
41 37 -3.0923545906031999e+00
41 41 5.2471601377852127e+07
41 57 -1.9099897787446360e+00
42 38 -3.0921108493084151e+00
42 42 5.2308051563232996e+07
42 56 -1.8196168825462433e+00
43 43 5.2289335159997955e+07
43 44 -3.0918694308012382e+00
43 59 -1.9103706740773485e+00
44 43 -3.0918694308012382e+00
44 44 5.2289330855006747e+07
44 52 -1.8180543428727691e+00
45 1 -2.3378181823427151e+00
45 45 5.7346944990433037e+07
45 51 -2.7545104746008375e+00
45 64 -2.1477129622184385e+00
46 9 -2.7118414564229414e+00
46 21 -2.6744890197462303e+00
46 46 4.9823032881397597e+07
46 66 -1.9352698604024177e+00
47 8 -1.8423748438472012e+00
47 15 -2.7582079068767782e+00
47 47 5.1774708587880075e+07
47 50 -2.7278512233229533e+00
48 9 -1.8414736081072927e+00
48 15 -2.7966731808301644e+00
48 48 5.4466755904779539e+07
48 51 -2.7934580926920596e+00
49 8 -2.6305639383414112e+00
49 31 -2.6331156899767922e+00
49 49 4.9384910338841997e+07
49 65 -2.0453501122046935e+00
50 47 -2.7278512233229533e+00
50 50 5.0766988533316337e+07
50 64 -3.0863735412162794e+00
50 65 -1.9767749327242317e+00
51 45 -2.7545104746008375e+00
51 48 -2.7934580926920596e+00
51 51 5.1822297981412902e+07
51 66 -1.9741676565414024e+00
52 29 -3.0391566100616485e+00
52 44 -1.8180543428727691e+00
52 52 4.7356147392971553e+07
52 60 -2.4214113414891183e+00
53 27 -2.7527414473499521e+00
53 38 -1.9120615865970909e+00
53 53 4.2834832922259934e+07
53 61 -2.1662720245398646e+00
54 26 -3.1923634841632786e+00
54 37 -1.7915632809547235e+00
54 54 4.8261817606068321e+07
54 62 -2.4229356149727987e+00
55 28 -3.1255213654879554e+00
55 39 -1.8047555389775252e+00
55 55 4.7732704668379761e+07
55 63 -2.4224305753560791e+00
56 16 -3.1144728745690347e+00
56 42 -1.8196168825462433e+00
56 56 4.6717043218784176e+07
56 61 -2.3151929607906885e+00
57 17 -2.8176561982948267e+00
57 41 -1.9099897787446360e+00
57 57 4.2604367328040071e+07
57 62 -2.0978961026476988e+00
58 18 -2.8381965628994585e+00
58 40 -1.9109939111648082e+00
58 58 4.2412513322117984e+07
58 63 -2.0780382069131775e+00
59 22 -2.8389985622032303e+00
59 43 -1.9103706740773485e+00
59 59 4.2407721016205572e+07
59 60 -2.0655012302917015e+00
60 7 -2.7020872024403362e+00
60 52 -2.4214113414891183e+00
60 59 -2.0655012302917015e+00
60 60 4.5654383319984652e+07
61 5 -2.6455309520635120e+00
61 53 -2.1662720245398646e+00
61 56 -2.3151929607906885e+00
61 61 4.5852702792122394e+07
62 3 -2.5441920668309126e+00
62 54 -2.4229356149727987e+00
62 57 -2.0978961026476988e+00
62 62 4.5355195079577625e+07
63 6 -2.6481626127846933e+00
63 55 -2.4224305753560791e+00
63 58 -2.0780382069131775e+00
63 63 4.4880085899811544e+07
64 4 -1.9990022781888706e+00
64 45 -2.1477129622184385e+00
64 50 -3.0863735412162794e+00
64 64 5.0885108932411090e+07
65 35 -2.8207610994086987e+00
65 49 -2.0453501122046935e+00
65 50 -1.9767749327242317e+00
65 65 4.2247806426716380e+07
66 36 -2.9765311781575776e+00
66 46 -1.9352698604024177e+00
66 51 -1.9741676565414024e+00
66 66 4.2647058203161784e+07
