%%MatrixMarket matrix coordinate real general
66 66 244
1 1 7.3652407661490932e+07
1 2 -3.4409522168210769e+00
1 7 -2.5115675562959852e+00
1 45 -2.3378181740796662e+00
2 1 -3.4409522168210769e+00
2 2 6.3790923376585625e+07
2 25 -2.1345342737695372e+00
2 34 -2.4055215680728415e+00
3 3 5.7926817258422047e+07
3 8 -3.0727507433540575e+00
3 20 -2.2786773943016647e+00
3 62 -2.5442032009180102e+00
4 4 5.7164312194975883e+07
4 6 -2.7976464552866069e+00
4 25 -2.8835222424943434e+00
4 64 -1.9990023414114830e+00
5 5 6.0886527259230778e+07
5 9 -3.0412495607545140e+00
5 30 -2.2920806757287568e+00
5 61 -2.6455371341843872e+00
6 4 -2.7976464552866069e+00
6 6 5.4593524212914921e+07
6 35 -2.1797266134745454e+00
6 63 -2.6481687723193410e+00
7 1 -2.5115675562959852e+00
7 7 5.8590323968745470e+07
7 36 -2.2093967364997806e+00
7 60 -2.7020870278138043e+00
8 3 -3.0727507433540575e+00
8 8 5.1216367484170407e+07
8 47 -1.8423752982137929e+00
8 49 -2.6305687924357639e+00
9 5 -3.0412495607545140e+00
9 9 5.3969189511181742e+07
9 46 -2.7118414878922881e+00
9 48 -1.8414736688216209e+00
10 10 5.8803353983954988e+07
10 19 -2.3031067193437940e+00
10 21 -2.4331844893655101e+00
11 11 5.8683050771005243e+07
11 23 -2.3627422803300817e+00
11 32 -2.4302247738291984e+00
12 12 5.8694000100516811e+07
12 24 -2.2833312464549400e+00
12 31 -2.4480225782605314e+00
13 13 5.7098473469892293e+07
13 15 -2.4518457460357692e+00
13 20 -2.3749946134015416e+00
13 30 -2.3531215134360823e+00
14 14 4.7276078413168266e+07
14 33 -2.0249645659342361e+00
14 34 -2.1523007828244669e+00
15 13 -2.4518457460357692e+00
15 15 6.5586936007624857e+07
15 47 -2.7582080061390890e+00
15 48 -2.7966732472887137e+00
16 16 6.6179355917090133e+07
16 21 -2.4761251635515227e+00
16 56 -3.1144748152756994e+00
17 17 5.9758027698262185e+07
17 23 -2.3997523444985922e+00
17 57 -2.8177803926868221e+00
18 18 6.0717032682318911e+07
18 24 -2.5029582447120484e+00
18 58 -2.8383168287323728e+00
19 10 -2.3031067193437940e+00
19 19 5.6668897772067234e+07
19 22 -2.4885219866803587e+00
19 36 -2.4207806938178633e+00
20 3 -2.2786773943016647e+00
20 13 -2.3749946134015416e+00
20 20 5.6106100914656773e+07
20 23 -2.5588015800886517e+00
21 10 -2.4331844893655101e+00
21 16 -2.4761251635515227e+00
21 21 6.2512940838350676e+07
21 46 -2.6744885542936512e+00
22 19 -2.4885219866803587e+00
22 22 6.0508026809553258e+07
22 59 -2.8389970014488406e+00
23 11 -2.3627422803300817e+00
23 17 -2.3997523444985922e+00
23 20 -2.5588015800886517e+00
23 23 5.8106423537197322e+07
24 12 -2.2833312464549400e+00
24 18 -2.5029582447120484e+00
24 24 5.6081428875422657e+07
24 35 -2.4708261842123060e+00
25 2 -2.1345342737695372e+00
25 4 -2.8835222424943434e+00
25 25 5.7425066497677974e+07
25 33 -2.4006055684236531e+00
26 26 6.7666970352822646e+07
26 31 -2.4854008176332609e+00
26 54 -3.1924853312976098e+00
27 27 5.7014966618145816e+07
27 32 -2.2778412632853060e+00
27 53 -2.7528631315864285e+00
28 28 6.5495069719602019e+07
28 33 -2.6459205018446355e+00
28 55 -3.1255232707267728e+00
29 29 6.2589257391869761e+07
29 34 -2.4560318963252761e+00
29 52 -3.0391550329544432e+00
30 5 -2.2920806757287568e+00
30 13 -2.3531215134360823e+00
30 30 5.6475493031619288e+07
30 32 -2.5645241698626196e+00
31 12 -2.4480225782605314e+00
31 26 -2.4854008176332609e+00
31 31 6.2356398515454844e+07
31 49 -2.6331498812694738e+00
32 11 -2.4302247738291984e+00
32 27 -2.2778412632853060e+00
32 30 -2.5645241698626196e+00
32 32 5.6469258660922423e+07
33 14 -2.0249645659342361e+00
33 25 -2.4006055684236531e+00
33 28 -2.6459205018446355e+00
33 33 5.0746933225180544e+07
34 2 -2.4055215680728415e+00
34 14 -2.1523007828244669e+00
34 29 -2.4560318963252761e+00
34 34 5.2824779867869206e+07
35 6 -2.1797266134745454e+00
35 24 -2.4708261842123060e+00
35 35 5.2348868520728685e+07
35 65 -2.8207674715635966e+00
36 7 -2.2093967364997806e+00
36 19 -2.4207806938178633e+00
36 36 5.5744240905237533e+07
36 66 -2.9765310858853318e+00
37 37 5.2552048587404855e+07
37 41 -3.0925712473530966e+00
37 54 -1.7916507552670953e+00
38 38 5.2509882541580848e+07
38 42 -3.0922163912201213e+00
38 53 -1.9121441147741050e+00
39 39 5.2326480897670858e+07
39 40 -3.0922161638637631e+00
39 55 -1.8047700665258997e+00
40 39 -3.0922161638637631e+00
40 40 5.2509687065504864e+07
40 58 -1.9110754543216679e+00
41 37 -3.0925712473530966e+00
41 41 5.2551742392601229e+07
41 57 -1.9100901347128514e+00
42 38 -3.0922163912201213e+00
42 42 5.2326485993788257e+07
42 56 -1.8196316633607694e+00
43 43 5.2288229433150299e+07
43 44 -3.0918668355825432e+00
43 59 -1.9103694113986969e+00
44 43 -3.0918668355825432e+00
44 44 5.2288224782649674e+07
44 52 -1.8180531956289867e+00
45 1 -2.3378181740796662e+00
45 45 5.7346944802877165e+07
45 51 -2.7545104739388657e+00
45 64 -2.1477129690841088e+00
46 9 -2.7118414878922881e+00
46 21 -2.6744885542936512e+00
46 46 4.9822979248166859e+07
46 66 -1.9352698069583996e+00
47 8 -1.8423752982137929e+00
47 15 -2.7582080061390890e+00
47 47 5.1774750073534019e+07
47 50 -2.7278513371481958e+00
48 9 -1.8414736688216209e+00
48 15 -2.7966732472887137e+00
48 48 5.4466763188803911e+07
48 51 -2.7934580998324172e+00
49 8 -2.6305687924357639e+00
49 31 -2.6331498812694738e+00
49 49 4.9389060277103379e+07
49 65 -2.0453544930284266e+00
50 47 -2.7278513371481958e+00
50 50 5.0767055052626692e+07
50 64 -3.0863736326730629e+00
50 65 -1.9767757064550113e+00
51 45 -2.7545104739388657e+00
51 48 -2.7934580998324172e+00
51 51 5.1822297509654410e+07
51 66 -1.9741676464284932e+00
52 29 -3.0391550329544432e+00
52 44 -1.8180531956289867e+00
52 52 4.7355659492934123e+07
52 60 -2.4214106801336932e+00
53 27 -2.7528631315864285e+00
53 38 -1.9121441147741050e+00
53 53 4.2867215851530075e+07
53 61 -2.1663084488634303e+00
54 26 -3.1924853312976098e+00
54 37 -1.7916507552670953e+00
54 54 4.8294904566541471e+07
54 62 -2.4229804524900151e+00
55 28 -3.1255232707267728e+00
55 39 -1.8047700665258997e+00
55 55 4.7735018830672197e+07
55 63 -2.4224378947454874e+00
56 16 -3.1144748152756994e+00
56 42 -1.8196316633607694e+00
56 56 4.6719379974270858e+07
56 61 -2.3152003655189022e+00
57 17 -2.8177803926868221e+00
57 41 -1.9100901347128514e+00
57 57 4.2638657935623199e+07
57 62 -2.0979380641588055e+00
58 18 -2.8383168287323728e+00
58 40 -1.9110754543216679e+00
58 58 4.2443671585518613e+07
58 63 -2.0780725032721188e+00
59 22 -2.8389970014488406e+00
59 43 -1.9103694113986969e+00
59 59 4.2407239755520068e+07
59 60 -2.0655006417531014e+00
60 7 -2.7020870278138043e+00
60 52 -2.4214106801336932e+00
60 59 -2.0655006417531014e+00
60 60 4.5654237390176222e+07
61 5 -2.6455371341843872e+00
61 53 -2.1663084488634303e+00
61 56 -2.3152003655189022e+00
61 61 4.5857958615145862e+07
62 3 -2.5442032009180102e+00
62 54 -2.4229804524900151e+00
62 57 -2.0979380641588055e+00
62 62 4.5365078435700215e+07
63 6 -2.6481687723193410e+00
63 55 -2.4224378947454874e+00
63 58 -2.0780725032721188e+00
63 63 4.4884954631742567e+07
64 4 -1.9990023414114830e+00
64 45 -2.1477129690841088e+00
64 50 -3.0863736326730629e+00
64 64 5.0885117736073598e+07
65 35 -2.8207674715635966e+00
65 49 -2.0453544930284266e+00
65 50 -1.9767757064550113e+00
65 65 4.2248651790810749e+07
66 36 -2.9765310858853318e+00
66 46 -1.9352698069583996e+00
66 51 -1.9741676464284932e+00
66 66 4.2647046723647490e+07
