%%MatrixMarket matrix coordinate real general
66 66 244
1 1 7.3652401968247816e+07
1 2 -3.4409521812046004e+00
1 7 -2.5115675432565623e+00
1 45 -2.3378181700361167e+00
2 1 -3.4409521812046004e+00
2 2 6.3790893173806980e+07
2 25 -2.1345342358950061e+00
2 34 -2.4055214355386756e+00
3 3 5.7927591220016949e+07
3 8 -3.0727519350060080e+00
3 20 -2.2786794001924351e+00
3 62 -2.5442073677130406e+00
4 4 5.7164359533549994e+07
4 6 -2.7976469653410572e+00
4 25 -2.8835222664953886e+00
4 64 -1.9990023807536250e+00
5 5 6.0887038274616309e+07
5 9 -3.0412501455835348e+00
5 30 -2.2920824764331620e+00
5 61 -2.6455394473055756e+00
6 4 -2.7976469653410572e+00
6 6 5.4593997426568523e+07
6 35 -2.1797283371294007e+00
6 63 -2.6481710808880821e+00
7 1 -2.5115675432565623e+00
7 7 5.8590312187779807e+07
7 36 -2.2093967088054729e+00
7 60 -2.7020869621938499e+00
8 3 -3.0727519350060080e+00
8 8 5.1216665911350243e+07
8 47 -1.8423755295374986e+00
8 49 -2.6305706611915500e+00
9 5 -3.0412501455835348e+00
9 9 5.3969239446562417e+07
9 46 -2.7118415225994390e+00
9 48 -1.8414737062566369e+00
10 10 5.8803162143364817e+07
10 19 -2.3031064629529139e+00
10 21 -2.4331842435474109e+00
11 11 5.8696728285726018e+07
11 23 -2.3627635466226109e+00
11 32 -2.4302469692099282e+00
12 12 5.8707535986641318e+07
12 24 -2.2833518685818248e+00
12 31 -2.4480435794818587e+00
13 13 5.7098890492670402e+07
13 15 -2.4518461076763587e+00
13 20 -2.3749964275434117e+00
13 30 -2.3531233503045628e+00
14 14 4.7275921954262845e+07
14 33 -2.0249643431457409e+00
14 34 -2.1523005322856736e+00
15 13 -2.4518461076763587e+00
15 15 6.5586976034209736e+07
15 47 -2.7582080684786314e+00
15 48 -2.7966732890843020e+00
16 16 6.6179328724291362e+07
16 21 -2.4761250536800592e+00
16 56 -3.1144757512951866e+00
17 17 5.9772057183625139e+07
17 23 -2.3997739803435922e+00
17 57 -2.8178096291421850e+00
18 18 6.0730958092574596e+07
18 24 -2.5029806821038783e+00
18 58 -2.8383446940835713e+00
19 10 -2.3031064629529139e+00
19 19 5.6668765586778335e+07
19 22 -2.4885217058645011e+00
19 36 -2.4207805602006203e+00
20 3 -2.2786794001924351e+00
20 13 -2.3749964275434117e+00
20 20 5.6107875739554718e+07
20 23 -2.5588115698084040e+00
21 10 -2.4331842435474109e+00
21 16 -2.4761250536800592e+00
21 21 6.2512823833771922e+07
21 46 -2.6744884286587163e+00
22 19 -2.4885217058645011e+00
22 22 6.0507825708952285e+07
22 59 -2.8389966373689006e+00
23 11 -2.3627635466226109e+00
23 17 -2.3997739803435922e+00
23 20 -2.5588115698084040e+00
23 23 5.8115946057898045e+07
24 12 -2.2833518685818248e+00
24 18 -2.5029806821038783e+00
24 24 5.6090732988890514e+07
24 35 -2.4708360490614396e+00
25 2 -2.1345342358950061e+00
25 4 -2.8835222664953886e+00
25 25 5.7425042526666515e+07
25 33 -2.4006054454535835e+00
26 26 6.7681472379090548e+07
26 31 -2.4854212134168359e+00
26 54 -3.1925145842807519e+00
27 27 5.7028447265689768e+07
27 32 -2.2778621842503530e+00
27 53 -2.7528909868182643e+00
28 28 6.5495035328289784e+07
28 33 -2.6459203669308189e+00
28 55 -3.1255241931643400e+00
29 29 6.2589051894424707e+07
29 34 -2.4560316075944844e+00
29 52 -3.0391546593783123e+00
30 5 -2.2920824764331620e+00
30 13 -2.3531233503045628e+00
30 30 5.6477324409349933e+07
30 32 -2.5645343640084577e+00
31 12 -2.4480435794818587e+00
31 26 -2.4854212134168359e+00
31 31 6.2365691905329406e+07
31 49 -2.6331599519952453e+00
32 11 -2.4302469692099282e+00
32 27 -2.2778621842503530e+00
32 30 -2.5645343640084577e+00
32 32 5.6478817274393938e+07
33 14 -2.0249643431457409e+00
33 25 -2.4006054454535835e+00
33 28 -2.6459203669308189e+00
33 33 5.0746818272415221e+07
34 2 -2.4055214355386756e+00
34 14 -2.1523005322856736e+00
34 29 -2.4560316075944844e+00
34 34 5.2824643231926955e+07
35 6 -2.1797283371294007e+00
35 24 -2.4708360490614396e+00
35 35 5.2350542473134689e+07
35 65 -2.8207699072604862e+00
36 7 -2.2093967088054729e+00
36 19 -2.4207805602006203e+00
36 36 5.5744216490299582e+07
36 66 -2.9765310502960114e+00
37 37 5.2568895737599097e+07
37 41 -3.0926175329330676e+00
37 54 -1.7916710013183337e+00
38 38 5.2521081061520815e+07
38 42 -3.0922387209791089e+00
38 53 -1.9121625116376486e+00
39 39 5.2331139353094608e+07
39 40 -3.0922384372367464e+00
39 55 -1.8047739344009475e+00
40 39 -3.0922384372367464e+00
40 40 5.2520841577553079e+07
40 58 -1.9110936173715205e+00
41 37 -3.0926175329330676e+00
41 41 5.2568662908811592e+07
41 57 -1.9101133686867238e+00
42 38 -3.0922387209791089e+00
42 42 5.2331148613675587e+07
42 56 -1.8196356027276026e+00
43 43 5.2288000379970595e+07
43 44 -3.0918662983173220e+00
43 59 -1.9103691236586744e+00
44 43 -3.0918662983173220e+00
44 44 5.2287996183019429e+07
44 52 -1.8180529331156110e+00
45 1 -2.3378181700361167e+00
45 45 5.7346944811852455e+07
45 51 -2.7545104738160484e+00
45 64 -2.1477129743719359e+00
46 9 -2.7118415225994390e+00
46 21 -2.6744884286587163e+00
46 46 4.9822962168007210e+07
46 66 -1.9352697885780106e+00
47 8 -1.8423755295374986e+00
47 15 -2.7582080684786314e+00
47 47 5.1774777022829123e+07
47 50 -2.7278514076205296e+00
48 9 -1.8414737062566369e+00
48 15 -2.7966732890843020e+00
48 48 5.4466768716454685e+07
48 51 -2.7934581054865184e+00
49 8 -2.6305706611915500e+00
49 31 -2.6331599519952453e+00
49 49 4.9390591000760607e+07
49 65 -2.0453561798437705e+00
50 47 -2.7278514076205296e+00
50 50 5.0767094971482761e+07
50 64 -3.0863736891571056e+00
50 65 -1.9767760750405459e+00
51 45 -2.7545104738160484e+00
51 48 -2.7934581054865184e+00
51 51 5.1822297379098430e+07
51 66 -1.9741676418607714e+00
52 29 -3.0391546593783123e+00
52 44 -1.8180529331156110e+00
52 52 4.7355524302857757e+07
52 60 -2.4214104847744711e+00
53 27 -2.7528909868182643e+00
53 38 -1.9121625116376486e+00
53 53 4.2875881903727956e+07
53 61 -2.1663187057115905e+00
54 26 -3.1925145842807519e+00
54 37 -1.7916710013183337e+00
54 54 4.8304191494770698e+07
54 62 -2.4229937470684053e+00
55 28 -3.1255241931643400e+00
55 39 -1.8047739344009475e+00
55 55 4.7735896753180429e+07
55 63 -2.4224405553278445e+00
56 16 -3.1144757512951866e+00
56 42 -1.8196356027276026e+00
56 56 4.6720265120957039e+07
56 61 -2.3152030475455661e+00
57 17 -2.8178096291421850e+00
57 41 -1.9101133686867238e+00
57 57 4.2648118982841499e+07
57 62 -2.0979504380392049e+00
58 18 -2.8383446940835713e+00
58 40 -1.9110936173715205e+00
58 58 4.2452044377545170e+07
58 63 -2.0780821704769634e+00
59 22 -2.8389966373689006e+00
59 43 -1.9103691236586744e+00
59 59 4.2407108221418075e+07
59 60 -2.0655004694166901e+00
60 7 -2.7020869621938499e+00
60 52 -2.4214104847744711e+00
60 59 -2.0655004694166901e+00
60 60 4.5654185007465363e+07
61 5 -2.6455394473055756e+00
61 53 -2.1663187057115905e+00
61 56 -2.3152030475455661e+00
61 61 4.5859827971291877e+07
62 3 -2.5442073677130406e+00
62 54 -2.4229937470684053e+00
62 57 -2.0979504380392049e+00
62 62 4.5368623813546792e+07
63 6 -2.6481710808880821e+00
63 55 -2.4224405553278445e+00
63 58 -2.0780821704769634e+00
63 63 4.4886691239802562e+07
64 4 -1.9990023807536250e+00
64 45 -2.1477129743719359e+00
64 50 -3.0863736891571056e+00
64 64 5.0885124366775975e+07
65 35 -2.8207699072604862e+00
65 49 -2.0453561798437705e+00
65 50 -1.9767760750405459e+00
65 65 4.2249046639276333e+07
66 36 -2.9765310502960114e+00
66 46 -1.9352697885780106e+00
66 51 -1.9741676418607714e+00
66 66 4.2647041459632367e+07
