%%MatrixMarket matrix coordinate real general
66 66 244
1 1 7.3652365101582989e+07
1 2 -3.4409519990808599e+00
1 7 -2.5115674619060058e+00
1 45 -2.3378181452591695e+00
2 1 -3.4409519990808599e+00
2 2 6.3790746495119989e+07
2 25 -2.1345340700577253e+00
2 34 -2.4055209055291229e+00
3 3 5.7932314825781867e+07
3 8 -3.0727593417997121e+00
3 20 -2.2786900384155513e+00
3 62 -2.5442283544737569e+00
4 4 5.7164729994238801e+07
4 6 -2.7976501122580237e+00
4 25 -2.8835225509534825e+00
4 64 -1.9990026993320813e+00
5 5 6.0890120479444534e+07
5 9 -3.0412537618700664e+00
5 30 -2.2920917287701972e+00
5 61 -2.6455510206393913e+00
6 4 -2.7976501122580237e+00
6 6 5.4596839964538135e+07
6 35 -2.1797371903675757e+00
6 63 -2.6481826300602185e+00
7 1 -2.5115674619060058e+00
7 7 5.8590240089563690e+07
7 36 -2.2093965604594290e+00
7 60 -2.7020866335758953e+00
8 3 -3.0727593417997121e+00
8 8 5.1218617132304475e+07
8 47 -1.8423770805028519e+00
8 49 -2.6305803491373223e+00
9 5 -3.0412537618700664e+00
9 9 5.3969628364456423e+07
9 46 -2.7118418704614387e+00
9 48 -1.8414740065844128e+00
10 10 5.8802555232234553e+07
10 19 -2.3031055748499720e+00
10 21 -2.4331834375195038e+00
11 11 5.8740459906942382e+07
11 23 -2.3628380944974623e+00
11 32 -2.4303246099525300e+00
12 12 5.8750606600453600e+07
12 24 -2.2834238711578148e+00
12 31 -2.4481172133642466e+00
13 13 5.7101466625107363e+07
13 15 -2.4518483996804394e+00
13 20 -2.3750058379995487e+00
13 30 -2.3531327679648322e+00
14 14 4.7275464985559553e+07
14 33 -2.0249636578343613e+00
14 34 -2.1522997001760871e+00
15 13 -2.4518483996804394e+00
15 15 6.5587299271717943e+07
15 47 -2.7582085858043355e+00
15 48 -2.7966736373478085e+00
16 16 6.6179704145662151e+07
16 21 -2.4761250319074235e+00
16 56 -3.1144809195237801e+00
17 17 5.9818102763713159e+07
17 23 -2.3998508902664448e+00
17 57 -2.8179128308533645e+00
18 18 6.0776570058999754e+07
18 24 -2.5030604944749233e+00
18 58 -2.8384418688999955e+00
19 10 -2.3031055748499720e+00
19 19 5.6668250390454724e+07
19 22 -2.4885207124815496e+00
19 36 -2.4207800166092963e+00
20 3 -2.2786900384155513e+00
20 13 -2.3750058379995487e+00
20 20 5.6116703464649342e+07
20 23 -2.5588525500640520e+00
21 10 -2.4331834375195038e+00
21 16 -2.4761250319074235e+00
21 21 6.2512418226606615e+07
21 46 -2.6744879949251135e+00
22 19 -2.4885207124815496e+00
22 22 6.0507162178235509e+07
22 59 -2.8389953580523777e+00
23 11 -2.3628380944974623e+00
23 17 -2.3998508902664448e+00
23 20 -2.5588525500640520e+00
23 23 5.8153485252563871e+07
24 12 -2.2834238711578148e+00
24 18 -2.5030604944749233e+00
24 24 5.6127274386454351e+07
24 35 -2.4708762707946819e+00
25 2 -2.1345340700577253e+00
25 4 -2.8835225509534825e+00
25 25 5.7424952852903031e+07
25 33 -2.4006050314685274e+00
26 26 6.7730881006275862e+07
26 31 -2.4854955495842419e+00
26 54 -3.1926214813663907e+00
27 27 5.7071576819923408e+07
27 32 -2.2779356380343390e+00
27 53 -2.7529866295667662e+00
28 28 6.5495368727287903e+07
28 33 -2.6459203258945085e+00
28 55 -3.1255292948158506e+00
29 29 6.2588365631851070e+07
29 34 -2.4560305905954500e+00
29 52 -3.0391533288676449e+00
30 5 -2.2920917287701972e+00
30 13 -2.3531327679648322e+00
30 30 5.6486310391071953e+07
30 32 -2.5645759229611942e+00
31 12 -2.4481172133642466e+00
31 26 -2.4854955495842419e+00
31 31 6.2402740628310785e+07
31 49 -2.6332012960565656e+00
32 11 -2.4303246099525300e+00
32 27 -2.2779356380343390e+00
32 30 -2.5645759229611942e+00
32 32 5.6516212585369520e+07
33 14 -2.0249636578343613e+00
33 25 -2.4006050314685274e+00
33 28 -2.6459203258945085e+00
33 33 5.0746440178858072e+07
34 2 -2.4055209055291229e+00
34 14 -2.1522997001760871e+00
34 29 -2.4560305905954500e+00
34 34 5.2824124967804283e+07
35 6 -2.1797371903675757e+00
35 24 -2.4708762707946819e+00
35 35 5.2358758678127714e+07
35 65 -2.8207823476468175e+00
36 7 -2.2093965604594290e+00
36 19 -2.4207800166092963e+00
36 36 5.5744094756161943e+07
36 66 -2.9765308682496014e+00
37 37 5.2622583556936093e+07
37 41 -3.0927664380268260e+00
37 54 -1.7917413023241688e+00
38 38 5.2554432389089480e+07
38 42 -3.0923110723690308e+00
38 53 -1.9122243933874523e+00
39 39 5.2347660708895117e+07
39 40 -3.0923105697581272e+00
39 55 -1.8047885948564577e+00
40 39 -3.0923105697581272e+00
40 40 5.2554019685570277e+07
40 58 -1.9111548253663406e+00
41 37 -3.0927664380268260e+00
41 41 5.2622782799198456e+07
41 57 -1.9101932442979261e+00
42 38 -3.0923110723690308e+00
42 42 5.2347697628901809e+07
42 56 -1.8196505492337240e+00
43 43 5.2287279303253546e+07
43 44 -3.0918646083386432e+00
43 59 -1.9103681431044510e+00
44 43 -3.0918646083386432e+00
44 44 5.2287278232076578e+07
44 52 -1.8180520332330121e+00
45 1 -2.3378181452591695e+00
45 45 5.7346946875010595e+07
45 51 -2.7545104772108329e+00
45 64 -2.1477130288653608e+00
46 9 -2.7118418704614387e+00
46 21 -2.6744879949251135e+00
46 46 4.9822904901184395e+07
46 66 -1.9352697164416564e+00
47 8 -1.8423770805028519e+00
47 15 -2.7582085858043355e+00
47 47 5.1775009514795788e+07
47 50 -2.7278519819465079e+00
48 9 -1.8414740065844128e+00
48 15 -2.7966736373478085e+00
48 48 5.4466824910960704e+07
48 51 -2.7934581657234352e+00
49 8 -2.6305803491373223e+00
49 31 -2.6332012960565656e+00
49 49 4.9398138575062364e+07
49 65 -2.0453648607243662e+00
50 47 -2.7278519819465079e+00
50 50 5.0767407468272038e+07
50 64 -3.0863741485183649e+00
50 65 -1.9767783575862865e+00
51 45 -2.7545104772108329e+00
51 48 -2.7934581657234352e+00
51 51 5.1822298715800211e+07
51 66 -1.9741676174549470e+00
52 29 -3.0391533288676449e+00
52 44 -1.8180520332330121e+00
52 52 4.7354997718514241e+07
52 60 -2.4214096781911785e+00
53 27 -2.7529866295667662e+00
53 38 -1.9122243933874523e+00
53 53 4.2908433192281440e+07
53 61 -2.1663587592707469e+00
54 26 -3.1926214813663907e+00
54 37 -1.7917413023241688e+00
54 54 4.8341074011616901e+07
54 62 -2.4230496695801005e+00
55 28 -3.1255292948158506e+00
55 39 -1.8047885948564577e+00
55 55 4.7740238437943287e+07
55 63 -2.4224533252024969e+00
56 16 -3.1144809195237801e+00
56 42 -1.8196505492337240e+00
56 56 4.6724635618272543e+07
56 61 -2.3152158907115017e+00
57 17 -2.8179128308533645e+00
57 41 -1.9101932442979261e+00
57 57 4.2684900242655024e+07
57 62 -2.0980014061897614e+00
58 18 -2.8384418688999955e+00
58 40 -1.9111548253663406e+00
58 58 4.2483646229587823e+07
58 63 -2.0781200433489766e+00
59 22 -2.8389953580523777e+00
59 43 -1.9103681431044510e+00
59 59 4.2406603239068739e+07
59 60 -2.0654997637325558e+00
60 7 -2.7020866335758953e+00
60 52 -2.4214096781911785e+00
60 59 -2.0654997637325558e+00
60 60 4.5653935972662173e+07
61 5 -2.6455510206393913e+00
61 53 -2.1663587592707469e+00
61 56 -2.3152158907115017e+00
61 61 4.5868664306286082e+07
62 3 -2.5442283544737569e+00
62 54 -2.4230496695801005e+00
62 57 -2.0980014061897614e+00
62 62 4.5385538686378010e+07
63 6 -2.6481826300602185e+00
63 55 -2.4224533252024969e+00
63 58 -2.0781200433489766e+00
63 63 4.4894927492309406e+07
64 4 -1.9990026993320813e+00
64 45 -2.1477130288653608e+00
64 50 -3.0863741485183649e+00
64 64 5.0885190777301401e+07
65 35 -2.8207823476468175e+00
65 49 -2.0453648607243662e+00
65 50 -1.9767783575862865e+00
65 65 4.2251430762265876e+07
66 36 -2.9765308682496014e+00
66 46 -1.9352697164416564e+00
66 51 -1.9741676174549470e+00
66 66 4.2647011384681180e+07
