%%MatrixMarket matrix coordinate real general
66 66 244
1 1 7.3652403513831779e+07
1 2 -3.4409521905182210e+00
1 7 -2.5115675467767051e+00
1 45 -2.3378181711284691e+00
2 1 -3.4409521905182210e+00
2 2 6.3790901014892541e+07
2 25 -2.1345342456201162e+00
2 34 -2.4055214687967261e+00
3 3 5.7927383030634619e+07
3 8 -3.0727516136078359e+00
3 20 -2.2786788730573768e+00
3 62 -2.5442062703258967e+00
4 4 5.7164346303409450e+07
4 6 -2.7976468278956217e+00
4 25 -2.8835222591604834e+00
4 64 -1.9990023697096793e+00
5 5 6.0886900999371439e+07
5 9 -3.0412499879354922e+00
5 30 -2.2920820054265181e+00
5 61 -2.6455388448003467e+00
6 4 -2.7976468278956217e+00
6 6 5.4593870379423276e+07
6 35 -2.1797278863010154e+00
6 63 -2.6481704793734204e+00
7 1 -2.5115675467767051e+00
7 7 5.8590315359222412e+07
7 36 -2.2093967160959584e+00
7 60 -2.7020869792940090e+00
8 3 -3.0727516136078359e+00
8 8 5.1216584829685114e+07
8 47 -1.8423754664772976e+00
8 49 -2.6305701719303927e+00
9 5 -3.0412499879354922e+00
9 9 5.3969225500777476e+07
9 46 -2.7118415124068056e+00
9 48 -1.8414736957625775e+00
10 10 5.8803208314386681e+07
10 19 -2.3031065256318719e+00
10 21 -2.4331843032870006e+00
11 11 5.8693435707902856e+07
11 23 -2.3627583533117038e+00
11 32 -2.4302415514461408e+00
12 12 5.8704279738073133e+07
12 24 -2.2833468357345112e+00
12 31 -2.4480384491805203e+00
13 13 5.7098778101937667e+07
13 15 -2.4518460098762032e+00
13 20 -2.3749959524705178e+00
13 30 -2.3531228700981757e+00
14 14 4.7275959082710236e+07
14 33 -2.0249643967339286e+00
14 34 -2.1523005930685408e+00
15 13 -2.4518460098762032e+00
15 15 6.5586964811166629e+07
15 47 -2.7582080509330100e+00
15 48 -2.7966732773162000e+00
16 16 6.6179330788995020e+07
16 21 -2.4761250772489776e+00
16 56 -3.1144755022387733e+00
17 17 5.9768658118989877e+07
17 23 -2.3997686577820057e+00
17 57 -2.8178024452586268e+00
18 18 6.0727581531307004e+07
18 24 -2.5029751534141345e+00
18 58 -2.8383378386836737e+00
19 10 -2.3031065256318719e+00
19 19 5.6668798625868484e+07
19 22 -2.4885217747322397e+00
19 36 -2.4207805938159126e+00
20 3 -2.2786788730573768e+00
20 13 -2.3749959524705178e+00
20 20 5.6107413932548098e+07
20 23 -2.5588090598974311e+00
21 10 -2.4331843032870006e+00
21 16 -2.4761250772489776e+00
21 21 6.2512852717541911e+07
21 46 -2.6744884597365415e+00
22 19 -2.4885217747322397e+00
22 22 6.0507874402346492e+07
22 59 -2.8389967265663230e+00
23 11 -2.3627583533117038e+00
23 17 -2.3997686577820057e+00
23 20 -2.5588090598974311e+00
23 23 5.8113563649346866e+07
24 12 -2.2833468357345112e+00
24 18 -2.5029751534141345e+00
24 24 5.6088406667069741e+07
24 35 -2.4708335730718676e+00
25 2 -2.1345342456201162e+00
25 4 -2.8835222591604834e+00
25 25 5.7425048590783782e+07
25 33 -2.4006054757462154e+00
26 26 6.7677946418184370e+07
26 31 -2.4854162053190700e+00
26 54 -3.1925073728193061e+00
27 27 5.7025202831462741e+07
27 32 -2.2778570781734184e+00
27 53 -2.7528842093066892e+00
28 28 6.5495039322495192e+07
28 33 -2.6459203959848900e+00
28 55 -3.1255239476481305e+00
29 29 6.2589101758721419e+07
29 34 -2.4560316783768763e+00
29 52 -3.0391547511072869e+00
30 5 -2.2920820054265181e+00
30 13 -2.3531228700981757e+00
30 30 5.6476848786846533e+07
30 32 -2.5645318059121189e+00
31 12 -2.4480384491805203e+00
31 26 -2.4854162053190700e+00
31 31 6.2363362717810825e+07
31 49 -2.6331574194088780e+00
32 11 -2.4302415514461408e+00
32 27 -2.2778570781734184e+00
32 30 -2.5645318059121189e+00
32 32 5.6476428766863734e+07
33 14 -2.0249643967339286e+00
33 25 -2.4006054757462154e+00
33 28 -2.6459203959848900e+00
33 33 5.0746846432657272e+07
34 2 -2.4055214687967261e+00
34 14 -2.1523005930685408e+00
34 29 -2.4560316783768763e+00
34 34 5.2824677234481297e+07
35 6 -2.1797278863010154e+00
35 24 -2.4708335730718676e+00
35 35 5.2350107732180119e+07
35 65 -2.8207692707829355e+00
36 7 -2.2093967160959584e+00
36 19 -2.4207805938159126e+00
36 36 5.5744222846978627e+07
36 66 -2.9765310596060588e+00
37 37 5.2564839445162103e+07
37 41 -3.0926064039893344e+00
37 54 -1.7916660507165556e+00
38 38 5.2518404180038370e+07
38 42 -3.0922332833659829e+00
38 53 -1.9121580119283679e+00
39 39 5.2329992531925917e+07
39 40 -3.0922330186382894e+00
39 55 -1.8047729741956702e+00
40 39 -3.0922330186382894e+00
40 40 5.2518176777404137e+07
40 58 -1.9110891716542167e+00
41 37 -3.0926064039893344e+00
41 41 5.2564586385726914e+07
41 57 -1.9101077170283736e+00
42 38 -3.0922332833659829e+00
42 42 5.2330000627714507e+07
42 56 -1.8196346246001009e+00
43 43 5.2288055500926256e+07
43 44 -3.0918664275922403e+00
43 59 -1.9103691938422647e+00
44 43 -3.0918664275922403e+00
44 44 5.2288051173507616e+07
44 52 -1.8180529971975687e+00
45 1 -2.3378181711284691e+00
45 45 5.7346944801752001e+07
45 51 -2.7545104738336335e+00
45 64 -2.1477129728356839e+00
46 9 -2.7118415124068056e+00
46 21 -2.6744884597365415e+00
46 46 4.9822966450094655e+07
46 66 -1.9352697932600891e+00
47 8 -1.8423754664772976e+00
47 15 -2.7582080509330100e+00
47 47 5.1774769395806752e+07
47 50 -2.7278513878346642e+00
48 9 -1.8414736957625775e+00
48 15 -2.7966732773162000e+00
48 48 5.4466767113853686e+07
48 51 -2.7934581038363939e+00
49 8 -2.6305701719303927e+00
49 31 -2.6331574194088780e+00
49 49 4.9390193097239085e+07
49 65 -2.0453557384623382e+00
50 47 -2.7278513878346642e+00
50 50 5.0767083824517228e+07
50 64 -3.0863736733043541e+00
50 65 -1.9767759756750349e+00
51 45 -2.7545104738336335e+00
51 48 -2.7934581038363939e+00
51 51 5.1822297406457201e+07
51 66 -1.9741676430757240e+00
52 29 -3.0391547511072869e+00
52 44 -1.8180529971975687e+00
52 52 4.7355558085620962e+07
52 60 -2.4214105340570553e+00
53 27 -2.7528842093066892e+00
53 38 -1.9121580119283679e+00
53 53 4.2873730378934875e+07
53 61 -2.1663161474007961e+00
54 26 -3.1925073728193061e+00
54 37 -1.7916660507165556e+00
54 54 4.8301860395928100e+07
54 62 -2.4229903530238452e+00
55 28 -3.1255239476481305e+00
55 39 -1.8047729741956702e+00
55 55 4.7735668179211892e+07
55 63 -2.4224398661158006e+00
56 16 -3.1144755022387733e+00
56 42 -1.8196346246001009e+00
56 56 4.6720034718174100e+07
56 61 -2.3152023532049841e+00
57 17 -2.8178024452586268e+00
57 41 -1.9101077170283736e+00
57 57 4.2645757875257470e+07
57 62 -2.0979473159713695e+00
58 18 -2.8383378386836737e+00
58 40 -1.9110891716542167e+00
58 58 4.2449962963857897e+07
58 63 -2.0780797517278216e+00
59 22 -2.8389967265663230e+00
59 43 -1.9103691938422647e+00
59 59 4.2407141017993830e+07
59 60 -2.0655005128341379e+00
60 7 -2.7020869792940090e+00
60 52 -2.4214105340570553e+00
60 59 -2.0655005128341379e+00
60 60 4.5654198555229157e+07
61 5 -2.6455388448003467e+00
61 53 -2.1663161474007961e+00
61 56 -2.3152023532049841e+00
61 61 4.5859344997794569e+07
62 3 -2.5442062703258967e+00
62 54 -2.4229903530238452e+00
62 57 -2.0979473159713695e+00
62 62 4.5367704012442186e+07
63 6 -2.6481704793734204e+00
63 55 -2.4224398661158006e+00
63 58 -2.0780797517278216e+00
63 63 4.4886242296580017e+07
64 4 -1.9990023697096793e+00
64 45 -2.1477129728356839e+00
64 50 -3.0863736733043541e+00
64 64 5.0885122447695106e+07
65 35 -2.8207692707829355e+00
65 49 -2.0453557384623382e+00
65 50 -1.9767759756750349e+00
65 65 4.2248940558229700e+07
66 36 -2.9765310596060588e+00
66 46 -1.9352697932600891e+00
66 51 -1.9741676430757240e+00
66 66 4.2647042866847016e+07
