%%MatrixMarket matrix coordinate real general
66 66 244
1 1 7.3652420773385569e+07
1 2 -3.4409523327089824e+00
1 7 -2.5115675876389898e+00
1 45 -2.3378181835623297e+00
2 1 -3.4409523327089824e+00
2 2 6.3791027066066310e+07
2 25 -2.1345344114404079e+00
2 34 -2.4055222347869676e+00
3 3 5.7924904717767425e+07
3 8 -3.0727478553234642e+00
3 20 -2.2786711288747767e+00
3 62 -2.5441891634128622e+00
4 4 5.7164227153438114e+07
4 6 -2.7976452116558090e+00
4 25 -2.8835222492647894e+00
4 64 -1.9990022726667276e+00
5 5 6.0885253630117409e+07
5 9 -3.0412481384905985e+00
5 30 -2.2920748359785317e+00
5 61 -2.6455293472951249e+00
6 4 -2.7976452116558090e+00
6 6 5.4592339896547221e+07
6 35 -2.1797210172986401e+00
6 63 -2.6481610190989753e+00
7 1 -2.5115675876389898e+00
7 7 5.8590352881941311e+07
7 36 -2.2093968217999067e+00
7 60 -2.7020872474360171e+00
8 3 -3.0727478553234642e+00
8 8 5.1215682518557049e+07
8 47 -1.8423747790307556e+00
8 49 -2.6305627211382050e+00
9 5 -3.0412481384905985e+00
9 9 5.3969099222048976e+07
9 46 -2.7118414645194817e+00
9 48 -1.8414736026791598e+00
10 10 5.8804980228259698e+07
10 19 -2.3031085487770171e+00
10 21 -2.4331862967257045e+00
11 11 5.8568719187249854e+07
11 23 -2.3625938585535557e+00
11 32 -2.4300693893401988e+00
12 12 5.8580168883264169e+07
12 24 -2.2831865050024525e+00
12 31 -2.4478763476766692e+00
13 13 5.7097457110492676e+07
13 15 -2.4518448851039030e+00
13 20 -2.3749887624088237e+00
13 30 -2.3531155156308161e+00
14 14 4.7277626361329213e+07
14 33 -2.0249663942591534e+00
14 34 -2.1523027461206685e+00
15 13 -2.4518448851039030e+00
15 15 6.5586864794325694e+07
15 47 -2.7582078980628921e+00
15 48 -2.7966731749289044e+00
16 16 6.6180513554988712e+07
16 21 -2.4761265395075704e+00
16 56 -3.1144729206241024e+00
17 17 5.9644032505390137e+07
17 23 -2.3996033097735681e+00
17 57 -2.8175781088412100e+00
18 18 6.0603838715483174e+07
18 24 -2.5028029363250335e+00
18 58 -2.8381200773553408e+00
19 10 -2.3031085487770171e+00
19 19 5.6669584722728595e+07
19 22 -2.4885239361744449e+00
19 36 -2.4207813502124220e+00
20 3 -2.2786711288747767e+00
20 13 -2.3749887624088237e+00
20 20 5.6100064024909213e+07
20 23 -2.5587528363023293e+00
21 10 -2.4331862967257045e+00
21 16 -2.4761265395075704e+00
21 21 6.2513585920522392e+07
21 46 -2.6744892230666490e+00
22 19 -2.4885239361744449e+00
22 22 6.0509654601142645e+07
22 59 -2.8389995473032368e+00
23 11 -2.3625938585535557e+00
23 17 -2.3996033097735681e+00
23 20 -2.5587528363023293e+00
23 23 5.8057341334766962e+07
24 12 -2.2831865050024525e+00
24 18 -2.5028029363250335e+00
24 24 5.6033271378643326e+07
24 35 -2.4707776854633110e+00
25 2 -2.1345344114404079e+00
25 4 -2.8835222492647894e+00
25 25 5.7425160089009821e+07
25 33 -2.4006062506051529e+00
26 26 6.7555685554590702e+07
26 31 -2.4852653744168083e+00
26 54 -3.1922898416554206e+00
27 27 5.6901278273389407e+07
27 32 -2.2776936790383608e+00
27 53 -2.7526627940597233e+00
28 28 6.5496245099641562e+07
28 33 -2.6459221731013929e+00
28 55 -3.1255214205258066e+00
29 29 6.2590882902766816e+07
29 34 -2.4560338902711609e+00
29 52 -3.0391575865098459e+00
30 5 -2.2920748359785317e+00
30 13 -2.3531155156308161e+00
30 30 5.6469184635128446e+07
30 32 -2.5644738574275130e+00
31 12 -2.4478763476766692e+00
31 26 -2.4852653744168083e+00
31 31 6.2309415867489539e+07
31 49 -2.6331015469436827e+00
32 11 -2.4300693893401988e+00
32 27 -2.2776936790383608e+00
32 30 -2.5644738574275130e+00
32 32 5.6419464715816461e+07
33 14 -2.0249663942591534e+00
33 25 -2.4006062506051529e+00
33 28 -2.6459221731013929e+00
33 33 5.0747609872986495e+07
34 2 -2.4055222347869676e+00
34 14 -2.1523027461206685e+00
34 29 -2.4560338902711609e+00
34 34 5.2825519651677243e+07
35 6 -2.1797210172986401e+00
35 24 -2.4707776854633110e+00
35 35 5.2343095257837027e+07
35 65 -2.8207594961574802e+00
36 7 -2.2093968217999067e+00
36 19 -2.4207813502124220e+00
36 36 5.5744323517598532e+07
36 66 -2.9765312009867411e+00
37 37 5.2414933469678581e+07
37 41 -3.0922022276715602e+00
37 54 -1.7915079919496226e+00
38 38 5.2405469212656729e+07
38 42 -3.0920363990588804e+00
38 53 -1.9120063251693196e+00
39 39 5.2299017414712265e+07
39 40 -3.0920363795550054e+00
39 55 -1.8047488821510440e+00
40 39 -3.0920363795550054e+00
40 40 5.2405451550787173e+07
40 58 -1.9109392342656224e+00
41 37 -3.0922022276715602e+00
41 41 5.2414704302039042e+07
41 57 -1.9099262468245781e+00
42 38 -3.0920363990588804e+00
42 42 5.2299016672925808e+07
42 56 -1.8196101173120596e+00
43 43 5.2290137472682402e+07
43 44 -3.0918713141157159e+00
43 59 -1.9103714824167268e+00
44 43 -3.0918713141157159e+00
44 44 5.2290134800114624e+07
44 52 -1.8180550752547944e+00
45 1 -2.3378181835623297e+00
45 45 5.7346945024628833e+07
45 51 -2.7545104747115521e+00
45 64 -2.1477129618531734e+00
46 9 -2.7118414645194817e+00
46 21 -2.6744892230666490e+00
46 46 4.9823048578594446e+07
46 66 -1.9352698748052071e+00
47 8 -1.8423747790307556e+00
47 15 -2.7582078980628921e+00
47 47 5.1774705149875619e+07
47 50 -2.7278512129514678e+00
48 9 -1.8414736026791598e+00
48 15 -2.7966731749289044e+00
48 48 5.4466755502553716e+07
48 51 -2.7934580923496095e+00
49 8 -2.6305627211382050e+00
49 31 -2.6331015469436827e+00
49 49 4.9383808035720862e+07
49 65 -2.0453490234001022e+00
50 47 -2.7278512129514678e+00
50 50 5.0766982129571952e+07
50 64 -3.0863735328342661e+00
50 65 -1.9767748096882025e+00
51 45 -2.7545104747115521e+00
51 48 -2.7934580923496095e+00
51 51 5.1822298057535268e+07
51 66 -1.9741676582094629e+00
52 29 -3.0391575865098459e+00
52 44 -1.8180550752547944e+00
52 52 4.7356364827332787e+07
52 60 -2.4214116109245412e+00
53 27 -2.7526627940597233e+00
53 38 -1.9120063251693196e+00
53 53 4.2819655523121960e+07
53 61 -2.1662558618740984e+00
54 26 -3.1922898416554206e+00
54 37 -1.7915079919496226e+00
54 54 4.8247255220204316e+07
54 62 -2.4229174305881780e+00
55 28 -3.1255214205258066e+00
55 39 -1.8047488821510440e+00
55 55 4.7732157042490996e+07
55 63 -2.4224286390054308e+00
56 16 -3.1144729206241024e+00
56 42 -1.8196101173120596e+00
56 56 4.6716488351476908e+07
56 61 -2.3151909889605902e+00
57 17 -2.8175781088412100e+00
57 41 -1.9099262468245781e+00
57 57 4.2588904481494807e+07
57 62 -2.0978787326049302e+00
58 18 -2.8381200773553408e+00
58 40 -1.9109392342656224e+00
58 58 4.2397987879118182e+07
58 63 -2.0780230213156528e+00
59 22 -2.8389995473032368e+00
59 43 -1.9103714824167268e+00
59 59 4.2407939026246846e+07
59 60 -2.0655014729752006e+00
60 7 -2.7020872474360171e+00
60 52 -2.4214116109245412e+00
60 59 -2.0655014729752006e+00
60 60 4.5654423371025473e+07
61 5 -2.6455293472951249e+00
61 53 -2.1662558618740984e+00
61 56 -2.3151909889605902e+00
61 61 4.5851236182215214e+07
62 3 -2.5441891634128622e+00
62 54 -2.4229174305881780e+00
62 57 -2.0978787326049302e+00
62 62 4.5352467910085201e+07
63 6 -2.6481610190989753e+00
63 55 -2.4224286390054308e+00
63 58 -2.0780230213156528e+00
63 63 4.4878732793000221e+07
64 4 -1.9990022726667276e+00
64 45 -2.1477129618531734e+00
64 50 -3.0863735328342661e+00
64 64 5.0885108440402463e+07
65 35 -2.8207594961574802e+00
65 49 -2.0453490234001022e+00
65 50 -1.9767748096882025e+00
65 65 4.2247667959013514e+07
66 36 -2.9765312009867411e+00
66 46 -1.9352698748052071e+00
66 51 -1.9741676582094629e+00
66 66 4.2647060098268636e+07
