%%MatrixMarket matrix coordinate real general
66 66 244
1 1 7.3652410036265776e+07
1 2 -3.4409522329596740e+00
1 7 -2.5115675618023134e+00
1 45 -2.3378181757819290e+00
2 1 -3.4409522329596740e+00
2 2 6.3790937267252885e+07
2 25 -2.1345342915531917e+00
2 34 -2.4055216336549128e+00
3 3 5.7926487769401409e+07
3 8 -3.0727502389734802e+00
3 20 -2.2786764948553415e+00
3 62 -2.5442013017757672e+00
4 4 5.7164293721090086e+07
4 6 -2.7976462390265127e+00
4 25 -2.8835222353084178e+00
4 64 -1.9990023262073282e+00
5 5 6.0886309142351672e+07
5 9 -3.0412493129724365e+00
5 30 -2.2920798603201828e+00
5 61 -2.6455360772278746e+00
6 4 -2.7976462390265127e+00
6 6 5.4593321981375948e+07
6 35 -2.1797258328666089e+00
6 63 -2.6481677177625431e+00
7 1 -2.5115675618023134e+00
7 7 5.8590328974179037e+07
7 36 -2.2093967488731505e+00
7 60 -2.7020870577674372e+00
8 3 -3.0727502389734802e+00
8 8 5.1216243189403966e+07
8 47 -1.8423752025554858e+00
8 49 -2.6305679476285415e+00
9 5 -3.0412493129724365e+00
9 9 5.3969169990652777e+07
9 46 -2.7118414760586735e+00
9 48 -1.8414736543077472e+00
10 10 5.8803457494461320e+07
10 19 -2.3031068534053647e+00
10 21 -2.4331846192322040e+00
11 11 5.8675714642931998e+07
11 23 -2.3627312706825014e+00
11 32 -2.4302132742763773e+00
12 12 5.8686733387815848e+07
12 24 -2.2833205710051412e+00
12 31 -2.4480117420037382e+00
13 13 5.7098296706764653e+07
13 15 -2.4518455938637751e+00
13 20 -2.3749937937904040e+00
13 30 -2.3531206806051714e+00
14 14 4.7276165223371409e+07
14 33 -2.0249646860547297e+00
14 34 -2.1523009158953257e+00
15 13 -2.4518455938637751e+00
15 15 6.5586920488394268e+07
15 47 -2.7582079821747429e+00
15 48 -2.7966732312343479e+00
16 16 6.6179388593092442e+07
16 21 -2.4761252339576454e+00
16 56 -3.1144744093258052e+00
17 17 5.9750545691150546e+07
17 23 -2.3997411374633923e+00
17 57 -2.8177652581747155e+00
18 18 6.0709583539386980e+07
18 24 -2.5029465471509464e+00
18 58 -2.8383023266805147e+00
19 10 -2.3031068534053647e+00
19 19 5.6668963702608265e+07
19 22 -2.4885221326095568e+00
19 36 -2.4207807595957713e+00
20 3 -2.2786764948553415e+00
20 13 -2.3749937937904040e+00
20 20 5.6105288159317620e+07
20 23 -2.5587966473947534e+00
21 10 -2.4331846192322040e+00
21 16 -2.4761252339576454e+00
21 21 6.2513000499801166e+07
21 46 -2.6744886180282190e+00
22 19 -2.4885221326095568e+00
22 22 6.0508134088104814e+07
22 59 -2.8389971910151268e+00
23 11 -2.3627312706825014e+00
23 17 -2.3997411374633923e+00
23 20 -2.5587966473947534e+00
23 23 5.8101680868284389e+07
24 12 -2.2833205710051412e+00
24 18 -2.5029465471509464e+00
24 24 5.6076790055133075e+07
24 35 -2.4708213039797866e+00
25 2 -2.1345342915531917e+00
25 4 -2.8835222353084178e+00
25 25 5.7425078061122045e+07
25 33 -2.4006056313342379e+00
26 26 6.7659295895777538e+07
26 31 -2.4853902566149952e+00
26 54 -3.1924701685718717e+00
27 27 5.7007690605457872e+07
27 32 -2.2778302848319338e+00
27 53 -2.7528485307093673e+00
28 28 6.5495105476005048e+07
28 33 -2.6459205878710850e+00
28 55 -3.1255228709626084e+00
29 29 6.2589366546383493e+07
29 34 -2.4560320464413290e+00
29 52 -3.0391552265930937e+00
30 5 -2.2920798603201828e+00
30 13 -2.3531206806051714e+00
30 30 5.6474651141649596e+07
30 32 -2.5645191248552339e+00
31 12 -2.4480117420037382e+00
31 26 -2.4853902566149952e+00
31 31 6.2351791481104709e+07
31 49 -2.6331449370485256e+00
32 11 -2.4302132742763773e+00
32 27 -2.2778302848319338e+00
32 30 -2.5645191248552339e+00
32 32 5.6464487508692466e+07
33 14 -2.0249646860547297e+00
33 25 -2.4006056313342379e+00
33 28 -2.6459205878710850e+00
33 33 5.0746992726610221e+07
34 2 -2.4055216336549128e+00
34 14 -2.1523009158953257e+00
34 29 -2.4560320464413290e+00
34 34 5.2824848625920653e+07
35 6 -2.1797258328666089e+00
35 24 -2.4708213039797866e+00
35 35 5.2348098991473347e+07
35 65 -2.8207663662888471e+00
36 7 -2.2093967488731505e+00
36 19 -2.4207807595957713e+00
36 36 5.5744252072996572e+07
36 66 -2.9765311019958123e+00
37 37 5.2543013802888021e+07
37 41 -3.0925466563897093e+00
37 54 -1.7916402168871226e+00
38 38 5.2503716323426276e+07
38 42 -3.0922044099528048e+00
38 53 -1.9121344397423576e+00
39 39 5.2324085887140334e+07
39 40 -3.0922042063854618e+00
39 55 -1.8047681101648809e+00
40 39 -3.0922042063854618e+00
40 40 5.2503541239353783e+07
40 58 -1.9110659059767681e+00
41 37 -3.0925466563897093e+00
41 41 5.2542681479991548e+07
41 57 -1.9100780432272306e+00
42 38 -3.0922044099528048e+00
42 42 5.2324089324821971e+07
42 56 -1.8196296715014912e+00
43 43 5.2288352977538057e+07
43 44 -3.0918671254355372e+00
43 59 -1.9103695624742787e+00
44 43 -3.0918671254355372e+00
44 44 5.2288348174272545e+07
44 52 -1.8180533332536641e+00
45 1 -2.3378181757819290e+00
45 45 5.7346944821379125e+07
45 51 -2.7545104740356088e+00
45 64 -2.1477129671985864e+00
46 9 -2.7118414760586735e+00
46 21 -2.6744886180282190e+00
46 46 4.9822987618172817e+07
46 66 -1.9352698157013919e+00
47 8 -1.8423752025554858e+00
47 15 -2.7582079821747429e+00
47 47 5.1774739844614744e+07
47 50 -2.7278513099068253e+00
48 9 -1.8414736543077472e+00
48 15 -2.7966732312343479e+00
48 48 5.4466761207547300e+07
48 51 -2.7934580978378332e+00
49 8 -2.6305679476285415e+00
49 31 -2.6331449370485256e+00
49 49 4.9388357978114769e+07
49 65 -2.0453537298294795e+00
50 47 -2.7278513099068253e+00
50 50 5.0767039433416180e+07
50 64 -3.0863736108202322e+00
50 65 -1.9767755503103963e+00
51 45 -2.7545104740356088e+00
51 48 -2.7934580978378332e+00
51 51 5.1822297587356143e+07
51 66 -1.9741676484133164e+00
52 29 -3.0391552265930937e+00
52 44 -1.8180533332536641e+00
52 52 4.7355726957149483e+07
52 60 -2.4214107757470704e+00
53 27 -2.7528485307093673e+00
53 38 -1.9121344397423576e+00
53 53 4.2862853840273976e+07
53 61 -2.1663034027714492e+00
54 26 -3.1924701685718717e+00
54 37 -1.7916402168871226e+00
54 54 4.8290290818974376e+07
54 62 -2.4229739562912389e+00
55 28 -3.1255228709626084e+00
55 39 -1.8047681101648809e+00
55 55 4.7734617734383769e+07
55 63 -2.4224366650744753e+00
56 16 -3.1144744093258052e+00
56 42 -1.8196296715014912e+00
56 56 4.6718975383891940e+07
56 61 -2.3151991247455261e+00
57 17 -2.8177652581747155e+00
57 41 -1.9100780432272306e+00
57 57 4.2633929847519249e+07
57 62 -2.0979320052761992e+00
58 18 -2.8383023266805147e+00
58 40 -1.9110659059767681e+00
58 58 4.2439464523013532e+07
58 63 -2.0780677575465902e+00
59 22 -2.8389971910151268e+00
59 43 -1.9103695624742787e+00
59 59 4.2407305685768671e+07
59 60 -2.0655007263271457e+00
60 7 -2.7020870577674372e+00
60 52 -2.4214107757470704e+00
60 59 -2.0655007263271457e+00
60 60 4.5654261678932548e+07
61 5 -2.6455360772278746e+00
61 53 -2.1663034027714492e+00
61 56 -2.3151991247455261e+00
61 61 4.5857089833564773e+07
62 3 -2.5442013017757672e+00
62 54 -2.4229739562912389e+00
62 57 -2.0979320052761992e+00
62 62 4.5363436073510081e+07
63 6 -2.6481677177625431e+00
63 55 -2.4224366650744753e+00
63 58 -2.0780677575465902e+00
63 63 4.4884148123624653e+07
64 4 -1.9990023262073282e+00
64 45 -2.1477129671985864e+00
64 50 -3.0863736108202322e+00
64 64 5.0885115350534417e+07
65 35 -2.8207663662888471e+00
65 49 -2.0453537298294795e+00
65 50 -1.9767755503103963e+00
65 65 4.2248483294682585e+07
66 36 -2.9765311019958123e+00
66 46 -1.9352698157013919e+00
66 51 -1.9741676484133164e+00
66 66 4.2647048990945578e+07
