%%MatrixMarket matrix coordinate real general
66 66 244
1 1 7.3652404976809844e+07
1 2 -3.4409521995611008e+00
1 7 -2.5115675501216081e+00
1 45 -2.3378181721661684e+00
2 1 -3.4409521995611008e+00
2 2 6.3790908665754855e+07
2 25 -2.1345342551829867e+00
2 34 -2.4055215019835772e+00
3 3 5.7927184734443806e+07
3 8 -3.0727513080371587e+00
3 20 -2.2786783629782930e+00
3 62 -2.5442052185101471e+00
4 4 5.7164334029210977e+07
4 6 -2.7976466971304443e+00
4 25 -2.8835222527503492e+00
4 64 -1.9990023594958535e+00
5 5 6.0886770112411983e+07
5 9 -3.0412498379838842e+00
5 30 -2.2920815481929129e+00
5 61 -2.6455382582356743e+00
6 4 -2.7976466971304443e+00
6 6 5.4593749196556568e+07
6 35 -2.1797274486403033e+00
6 63 -2.6481698939043352e+00
7 1 -2.5115675501216081e+00
7 7 5.8590318378671065e+07
7 36 -2.2093967231423828e+00
7 60 -2.7020869959359333e+00
8 3 -3.0727513080371587e+00
8 8 5.1216508127241746e+07
8 47 -1.8423754069624458e+00
8 49 -2.6305696972934656e+00
9 5 -3.0412498379838842e+00
9 9 5.3969212556134984e+07
9 46 -2.7118415032609891e+00
9 48 -1.8414736860479213e+00
10 10 5.8803255650570810e+07
10 19 -2.3031065892443383e+00
10 21 -2.4331843641637838e+00
11 11 5.8690060462520868e+07
11 23 -2.3627530788949169e+00
11 32 -2.4302360473566660e+00
12 12 5.8700940107171141e+07
12 24 -2.2833417220444110e+00
12 31 -2.4480332397880971e+00
13 13 5.7098671183021158e+07
13 15 -2.4518459170601341e+00
13 20 -2.3749954916638725e+00
13 30 -2.3531224037697140e+00
14 14 4.7275997495270863e+07
14 33 -2.0249644517098173e+00
14 34 -2.1523006550608845e+00
15 13 -2.4518459170601341e+00
15 15 6.5586954423958682e+07
15 47 -2.7582080347374891e+00
15 48 -2.7966732664568017e+00
16 16 6.6179335998656206e+07
16 21 -2.4761251034241871e+00
16 56 -3.1144752630902177e+00
17 17 5.9765182557214856e+07
17 23 -2.3997632585140862e+00
17 57 -2.8177951521537650e+00
18 18 6.0724144351307869e+07
18 24 -2.5029695992011227e+00
18 58 -2.8383309406343766e+00
19 10 -2.3031065892443383e+00
19 19 5.6668831681706652e+07
19 22 -2.4885218444794286e+00
19 36 -2.4207806273023578e+00
20 3 -2.2786783629782930e+00
20 13 -2.3749954916638725e+00
20 20 5.6106964041213766e+07
20 23 -2.5588065575018768e+00
21 10 -2.4331843641637838e+00
21 16 -2.4761251034241871e+00
21 21 6.2512881866134882e+07
21 46 -2.6744884910615565e+00
22 19 -2.4885218444794286e+00
22 22 6.0507924124771535e+07
22 59 -2.8389968169634958e+00
23 11 -2.3627530788949169e+00
23 17 -2.3997632585140862e+00
23 20 -2.5588065575018768e+00
23 23 5.8111181669969760e+07
24 12 -2.2833417220444110e+00
24 18 -2.5029695992011227e+00
24 24 5.6086079781823821e+07
24 35 -2.4708311027725198e+00
25 2 -2.1345342551829867e+00
25 4 -2.8835222527503492e+00
25 25 5.7425054616675146e+07
25 33 -2.4006055063630605e+00
26 26 6.7674355855573252e+07
26 31 -2.4854111376579797e+00
26 54 -3.1925001166591480e+00
27 27 5.7021876711387858e+07
27 32 -2.2778518907786784e+00
27 53 -2.7528773098840120e+00
28 28 6.5495046375137448e+07
28 33 -2.6459204281620599e+00
28 55 -3.1255237119455299e+00
29 29 6.2589152606516466e+07
29 34 -2.4560317500830142e+00
29 52 -3.0391548439339666e+00
30 5 -2.2920815481929129e+00
30 13 -2.3531224037697140e+00
30 30 5.6476384835334003e+07
30 32 -2.5645292532909867e+00
31 12 -2.4480332397880971e+00
31 26 -2.4854111376579797e+00
31 31 6.2361036613867961e+07
31 49 -2.6331548958591844e+00
32 11 -2.4302360473566660e+00
32 27 -2.2778518907786784e+00
32 30 -2.5645292532909867e+00
32 32 5.6474038669234425e+07
33 14 -2.0249644517098173e+00
33 25 -2.4006055063630605e+00
33 28 -2.6459204281620599e+00
33 33 5.0746874996349484e+07
34 2 -2.4055215019835772e+00
34 14 -2.1523006550608845e+00
34 29 -2.4560317500830142e+00
34 34 5.2824711352755897e+07
35 6 -2.1797274486403033e+00
35 24 -2.4708311027725198e+00
35 35 5.2349683663136207e+07
35 65 -2.8207686525105924e+00
36 7 -2.2093967231423828e+00
36 19 -2.4207806273023578e+00
36 36 5.5744229036940888e+07
36 66 -2.9765310686433573e+00
37 37 5.2560681711804219e+07
37 41 -3.0925949870738330e+00
37 54 -1.7916610420654682e+00
38 38 5.2515655378519461e+07
38 42 -3.0922277900403339e+00
38 53 -1.9121534731008947e+00
39 39 5.2328833584350504e+07
39 40 -3.0922275378838271e+00
39 55 -1.8047720092379225e+00
40 39 -3.0922275378838271e+00
40 40 5.2515438699653074e+07
40 58 -1.9110846836741333e+00
41 37 -3.0925949870738330e+00
41 41 5.2560409609217636e+07
41 57 -1.9101019625999605e+00
42 38 -3.0922277900403339e+00
42 42 5.2328840610677183e+07
42 56 -1.8196336417560592e+00
43 43 5.2288112021237358e+07
43 44 -3.0918665601601427e+00
43 59 -1.9103692651802302e+00
44 43 -3.0918665601601427e+00
44 44 5.2288107574354067e+07
44 52 -1.8180530622984024e+00
45 1 -2.3378181721661684e+00
45 45 5.7346944797506109e+07
45 51 -2.7545104738612243e+00
45 64 -2.1477129714491223e+00
46 9 -2.7118415032609891e+00
46 21 -2.6744884910615565e+00
46 46 4.9822970732496962e+07
46 66 -1.9352697978910594e+00
47 8 -1.8423754069624458e+00
47 15 -2.7582080347374891e+00
47 47 5.1774762383127667e+07
47 50 -2.7278513695393931e+00
48 9 -1.8414736860479213e+00
48 15 -2.7966732664568017e+00
48 48 5.4466765665291540e+07
48 51 -2.7934581023519081e+00
49 8 -2.6305696972934656e+00
49 31 -2.6331548958591844e+00
49 49 4.9389805195113651e+07
49 65 -2.0453553100935600e+00
50 47 -2.7278513695393931e+00
50 50 5.0767073477601789e+07
50 64 -3.0863736586421973e+00
50 65 -1.9767758811670346e+00
51 45 -2.7545104738612243e+00
51 48 -2.7934581023519081e+00
51 51 5.1822297437978096e+07
51 66 -1.9741676442425897e+00
52 29 -3.0391548439339666e+00
52 44 -1.8180530622984024e+00
52 52 4.7355591890053242e+07
52 60 -2.4214105830633015e+00
53 27 -2.7528773098840120e+00
53 38 -1.9121534731008947e+00
53 53 4.2871568260397717e+07
53 61 -2.1663135843700090e+00
54 26 -3.1925001166591480e+00
54 37 -1.7916610420654682e+00
54 54 4.8299538744226031e+07
54 62 -2.4229870346867801e+00
55 28 -3.1255237119455299e+00
55 39 -1.8047720092379225e+00
55 55 4.7735445566689782e+07
55 63 -2.4224391926102786e+00
56 16 -3.1144752630902177e+00
56 42 -1.8196336417560592e+00
56 56 4.6719810289885812e+07
56 61 -2.3152016744019273e+00
57 17 -2.8177951521537650e+00
57 41 -1.9101019625999605e+00
57 57 4.2643393324833229e+07
57 62 -2.0979442203433174e+00
58 18 -2.8383309406343766e+00
58 40 -1.9110846836741333e+00
58 58 4.2447872166080035e+07
58 63 -2.0780773289695134e+00
59 22 -2.8389968169634958e+00
59 43 -1.9103692651802302e+00
59 59 4.2407173883977048e+07
59 60 -2.0655005560459601e+00
60 7 -2.7020869959359333e+00
60 52 -2.4214105830633015e+00
60 59 -2.0655005560459601e+00
60 60 4.5654211807925418e+07
61 5 -2.6455382582356743e+00
61 53 -2.1663135843700090e+00
61 56 -2.3152016744019273e+00
61 61 4.5858872198917136e+07
62 3 -2.5442052185101471e+00
62 54 -2.4229870346867801e+00
62 57 -2.0979442203433174e+00
62 62 4.5366808096728474e+07
63 6 -2.6481698939043352e+00
63 55 -2.4224391926102786e+00
63 58 -2.0780773289695134e+00
63 63 4.4885802992188588e+07
64 4 -1.9990023594958535e+00
64 45 -2.1477129714491223e+00
64 50 -3.0863736586421973e+00
64 64 5.0885120710854061e+07
65 35 -2.8207686525105924e+00
65 49 -2.0453553100935600e+00
65 50 -1.9767758811670346e+00
65 65 4.2248839421933115e+07
66 36 -2.9765310686433573e+00
66 46 -1.9352697978910594e+00
66 51 -1.9741676442425897e+00
66 66 4.2647044213340506e+07
