%%MatrixMarket matrix coordinate real general
66 66 244
1 1 7.3652420183060065e+07
1 2 -3.4409523232707979e+00
1 7 -2.5115675861292255e+00
1 45 -2.3378181831353948e+00
2 1 -3.4409523232707979e+00
2 2 6.3791018143574975e+07
2 25 -2.1345343991800636e+00
2 34 -2.4055221407253637e+00
3 3 5.7925000493153252e+07
3 8 -3.0727479960905209e+00
3 20 -2.2786716137700105e+00
3 62 -2.5441903557205277e+00
4 4 5.7164229281318650e+07
4 6 -2.7976452728374901e+00
4 25 -2.8835222428519138e+00
4 64 -1.9990022743085902e+00
5 5 6.0885318158448495e+07
5 9 -3.0412482081785934e+00
5 30 -2.2920753086659040e+00
5 61 -2.6455300057539350e+00
6 4 -2.7976452728374901e+00
6 6 5.4592400247964740e+07
6 35 -2.1797214712766357e+00
6 63 -2.6481616725085773e+00
7 1 -2.5115675861292255e+00
7 7 5.8590351446379200e+07
7 36 -2.2093968153082040e+00
7 60 -2.7020872289912159e+00
8 3 -3.0727479960905209e+00
8 8 5.1215713318427108e+07
8 47 -1.8423748016790296e+00
8 49 -2.6305632183489678e+00
9 5 -3.0412482081785934e+00
9 9 5.3969101528646559e+07
9 46 -2.7118414602380114e+00
9 48 -1.8414736043073359e+00
10 10 5.8804612008456469e+07
10 19 -2.3031081792197328e+00
10 21 -2.4331859282598090e+00
11 11 5.8594424396229833e+07
11 23 -2.3626234642857940e+00
11 32 -2.4301003877016139e+00
12 12 5.8605826954601727e+07
12 24 -2.2832154661406081e+00
12 31 -2.4479055928605358e+00
13 13 5.7097507135873854e+07
13 15 -2.4518449261777269e+00
13 20 -2.3749892352341213e+00
13 30 -2.3531160064936900e+00
14 14 4.7277243010444172e+07
14 33 -2.0249659927883537e+00
14 34 -2.1523023211077743e+00
15 13 -2.4518449261777269e+00
15 15 6.5586866639275298e+07
15 47 -2.7582079007321414e+00
15 48 -2.7966731767153403e+00
16 16 6.6180188675853737e+07
16 21 -2.4761262189791142e+00
16 56 -3.1144728046102816e+00
17 17 5.9669354008824818e+07
17 23 -2.3996328093934993e+00
17 57 -2.8176183293658341e+00
18 18 6.0628921899217032e+07
18 24 -2.5028336526411943e+00
18 58 -2.8381595310290821e+00
19 10 -2.3031081792197328e+00
19 19 5.6669485477251582e+07
19 22 -2.4885235484049510e+00
19 36 -2.4207812595680380e+00
20 3 -2.2786716137700105e+00
20 13 -2.3749892352341213e+00
20 20 5.6100583009559520e+07
20 23 -2.5587594996286045e+00
21 10 -2.4331859282598090e+00
21 16 -2.4761262189791142e+00
21 21 6.2513490999710962e+07
21 46 -2.6744891281817007e+00
22 19 -2.4885235484049510e+00
22 22 6.0509293274392992e+07
22 59 -2.8389990395375651e+00
23 11 -2.3626234642857940e+00
23 17 -2.3996328093934993e+00
23 20 -2.5587594996286045e+00
23 23 5.8064400055451579e+07
24 12 -2.2832154661406081e+00
24 18 -2.5028336526411943e+00
24 24 5.6040215202975400e+07
24 35 -2.4707843425618652e+00
25 2 -2.1345343991800636e+00
25 4 -2.8835222428519138e+00
25 25 5.7425151423877053e+07
25 33 -2.4006061501529161e+00
26 26 6.7579495331186831e+07
26 31 -2.4852913462311239e+00
26 54 -3.1923273371605005e+00
27 27 5.6927014255303293e+07
27 32 -2.2777232726900167e+00
27 53 -2.7527035331728626e+00
28 28 6.5495919260481797e+07
28 33 -2.6459217847800276e+00
28 55 -3.1255213007499081e+00
29 29 6.2590527129897721e+07
29 34 -2.4560334974915188e+00
29 52 -3.0391570849272478e+00
30 5 -2.2920753086659040e+00
30 13 -2.3531160064936900e+00
30 30 5.6469733041874304e+07
30 32 -2.5644807772625686e+00
31 12 -2.4479055928605358e+00
31 26 -2.4852913462311239e+00
31 31 6.2316077131702989e+07
31 49 -2.6331081061371240e+00
32 11 -2.4301003877016139e+00
32 27 -2.2777232726900167e+00
32 30 -2.5644807772625686e+00
32 32 5.6426681572433017e+07
33 14 -2.0249659927883537e+00
33 25 -2.4006061501529161e+00
33 28 -2.6459217847800276e+00
33 33 5.0747505179947928e+07
34 2 -2.4055221407253637e+00
34 14 -2.1523023211077743e+00
34 29 -2.4560334974915188e+00
34 34 5.2825409080597684e+07
35 6 -2.1797214712766357e+00
35 24 -2.4707843425618652e+00
35 35 5.2343598570150152e+07
35 65 -2.8207601503806181e+00
36 7 -2.2093968153082040e+00
36 19 -2.4207812595680380e+00
36 36 5.5744316461590342e+07
36 66 -2.9765311917081259e+00
37 37 5.2444937418081395e+07
37 41 -3.0922822328197941e+00
37 54 -1.7915364134774205e+00
38 38 5.2430302854630448e+07
38 42 -3.0920755313169503e+00
38 53 -1.9120350907637744e+00
39 39 5.2303335947005875e+07
39 40 -3.0920754914752626e+00
39 55 -1.8047520352631750e+00
40 39 -3.0920754914752626e+00
40 40 5.2430267067986697e+07
40 58 -1.9109677002275969e+00
41 37 -3.0922822328197941e+00
41 41 5.2444632854555681e+07
41 57 -1.9099589414529716e+00
42 38 -3.0920755313169503e+00
42 42 5.2303334773932911e+07
42 56 -1.8196133211686984e+00
43 43 5.2289713833979063e+07
43 44 -3.0918703197589976e+00
43 59 -1.9103710655883817e+00
44 43 -3.0918703197589976e+00
44 44 5.2289710238841504e+07
44 52 -1.8180546976877947e+00
45 1 -2.3378181831353948e+00
45 45 5.7346945014635265e+07
45 51 -2.7545104746759557e+00
45 64 -2.1477129619463273e+00
46 9 -2.7118414602380114e+00
46 21 -2.6744891281817007e+00
46 46 4.9823042045097634e+07
46 66 -1.9352698689010801e+00
47 8 -1.8423748016790296e+00
47 15 -2.7582079007321414e+00
47 47 5.1774706174458362e+07
47 50 -2.7278512161123274e+00
48 9 -1.8414736043073359e+00
48 15 -2.7966731767153403e+00
48 48 5.4466755607034788e+07
48 51 -2.7934580924326773e+00
49 8 -2.6305632183489678e+00
49 31 -2.6331081061371240e+00
49 49 4.9384263337734662e+07
49 65 -2.0453494666972580e+00
50 47 -2.7278512161123274e+00
50 50 5.0766984104456611e+07
50 64 -3.0863735353895052e+00
50 65 -1.9767748537379635e+00
51 45 -2.7545104746759557e+00
51 48 -2.7934580924326773e+00
51 51 5.1822298032076485e+07
51 66 -1.9741676576110307e+00
52 29 -3.0391570849272478e+00
52 44 -1.8180546976877947e+00
52 52 4.7356262436807320e+07
52 60 -2.4214114863084997e+00
53 27 -2.7527035331728626e+00
53 38 -1.9120350907637744e+00
53 53 4.2826874164263651e+07
53 61 -2.1662634651715780e+00
54 26 -3.1923273371605005e+00
54 37 -1.7915364134774205e+00
54 54 4.8254091026654460e+07
54 62 -2.4229257834531328e+00
55 28 -3.1255213007499081e+00
55 39 -1.8047520352631750e+00
55 55 4.7732372395735137e+07
55 63 -2.4224294314734376e+00
56 16 -3.1144728046102816e+00
56 42 -1.8196133211686984e+00
56 56 4.6716706823943898e+07
56 61 -2.3151917974017953e+00
57 17 -2.8176183293658341e+00
57 41 -1.9099589414529716e+00
57 57 4.2596207727909058e+07
57 62 -2.0978867932602743e+00
58 18 -2.8381595310290821e+00
58 40 -1.9109677002275969e+00
58 58 4.2404887876718208e+07
58 63 -2.0780301542264832e+00
59 22 -2.8389990395375651e+00
59 43 -1.9103710655883817e+00
59 59 4.2407836064867415e+07
59 60 -2.0655013604626213e+00
60 7 -2.7020872289912159e+00
60 52 -2.4214114863084997e+00
60 59 -2.0655013604626213e+00
60 60 4.5654406745652117e+07
61 5 -2.6455300057539350e+00
61 53 -2.1662634651715780e+00
61 56 -2.3151917974017953e+00
61 61 4.5851846854805782e+07
62 3 -2.5441903557205277e+00
62 54 -2.4229257834531328e+00
62 57 -2.0978867932602743e+00
62 62 4.5353600898461968e+07
63 6 -2.6481616725085773e+00
63 55 -2.4224294314734376e+00
63 58 -2.0780301542264832e+00
63 63 4.4879295760441042e+07
64 4 -1.9990022743085902e+00
64 45 -2.1477129619463273e+00
64 50 -3.0863735353895052e+00
64 64 5.0885108567122035e+07
65 35 -2.8207601503806181e+00
65 49 -2.0453494666972580e+00
65 50 -1.9767748537379635e+00
65 65 4.2247717844061509e+07
66 36 -2.9765311917081259e+00
66 46 -1.9352698689010801e+00
66 51 -1.9741676576110307e+00
66 66 4.2647059416607574e+07
