%%MatrixMarket matrix coordinate real general
66 66 244
1 1 7.3652358838309512e+07
1 2 -3.4409519726204225e+00
1 7 -2.5115674484093300e+00
1 45 -2.3378181413101529e+00
2 1 -3.4409519726204225e+00
2 2 6.3790726092432097e+07
2 25 -2.1345340497588867e+00
2 34 -2.4055208410410658e+00
3 3 5.7933086711845048e+07
3 8 -3.0727605685539374e+00
3 20 -2.2786916329160505e+00
3 62 -2.5442313444583555e+00
4 4 5.7164800674991354e+07
4 6 -2.7976506315778811e+00
4 25 -2.8835226138309338e+00
4 64 -1.9990027615471315e+00
5 5 6.0890620748249665e+07
5 9 -3.0412543596860107e+00
5 30 -2.2920930838647267e+00
5 61 -2.6455527015413938e+00
6 4 -2.7976506315778811e+00
6 6 5.4597299799024321e+07
6 35 -2.1797384866137390e+00
6 63 -2.6481843131299230e+00
7 1 -2.5115674484093300e+00
7 7 5.8590228280700944e+07
7 36 -2.2093965380752176e+00
7 60 -2.7020865864142820e+00
8 3 -3.0727605685539374e+00
8 8 5.1218952351648629e+07
8 47 -1.8423773519524695e+00
8 49 -2.6305817833887097e+00
9 5 -3.0412543596860107e+00
9 9 5.3969702359414257e+07
9 46 -2.7118419436717600e+00
9 48 -1.8414740649258745e+00
10 10 5.8802493992619619e+07
10 19 -2.3031054778187836e+00
10 21 -2.4331833562917757e+00
11 11 5.8745005481304117e+07
11 23 -2.3628463705268690e+00
11 32 -2.4303332532123769e+00
12 12 5.8755058260183915e+07
12 24 -2.2834318368214328e+00
12 31 -2.4481253887631671e+00
13 13 5.7101892099159367e+07
13 15 -2.4518487856882047e+00
13 20 -2.3750072285259991e+00
13 30 -2.3531341465969020e+00
14 14 4.7275422080598436e+07
14 33 -2.0249635933033301e+00
14 34 -2.1522996122633788e+00
15 13 -2.4518487856882047e+00
15 15 6.5587362535339929e+07
15 47 -2.7582086887543547e+00
15 48 -2.7966737068994738e+00
16 16 6.6179801416188113e+07
16 21 -2.4761250752221509e+00
16 56 -3.1144816968830749e+00
17 17 5.9822987398063682e+07
17 23 -2.3998594465575822e+00
17 57 -2.8179242890847975e+00
18 18 6.0781375976019315e+07
18 24 -2.5030693680759901e+00
18 58 -2.8384524347170266e+00
19 10 -2.3031054778187836e+00
19 19 5.6668189057755738e+07
19 22 -2.4885206016199151e+00
19 36 -2.4207799493718194e+00
20 3 -2.2786916329160505e+00
20 13 -2.3750072285259991e+00
20 20 5.6117967723846085e+07
20 23 -2.5588576517182933e+00
21 10 -2.4331833562917757e+00
21 16 -2.4761250752221509e+00
21 21 6.2512377449610539e+07
21 46 -2.6744879529716035e+00
22 19 -2.4885206016199151e+00
22 22 6.0507091991055340e+07
22 59 -2.8389952161896232e+00
23 11 -2.3628463705268690e+00
23 17 -2.3998594465575822e+00
23 20 -2.5588576517182933e+00
23 23 5.8158006837151177e+07
24 12 -2.2834318368214328e+00
24 18 -2.5030693680759901e+00
24 24 5.6131666201601081e+07
24 35 -2.4708812739579566e+00
25 2 -2.1345340497588867e+00
25 4 -2.8835226138309338e+00
25 25 5.7424944469617024e+07
25 33 -2.4006049924350203e+00
26 26 6.7736280447477236e+07
26 31 -2.4855039852599674e+00
26 54 -3.1926335826494543e+00
27 27 5.7076044723625734e+07
27 32 -2.2779437898826336e+00
27 53 -2.7529969667212053e+00
28 28 6.5495459420241095e+07
28 33 -2.6459203754030201e+00
28 55 -3.1255300628383011e+00
29 29 6.2588292321310475e+07
29 34 -2.4560304777605797e+00
29 52 -3.0391531795968976e+00
30 5 -2.2920930838647267e+00
30 13 -2.3531341465969020e+00
30 30 5.6487582105907746e+07
30 32 -2.5645811123545879e+00
31 12 -2.4481253887631671e+00
31 26 -2.4855039852599674e+00
31 31 6.2407249107740492e+07
31 49 -2.6332064622187032e+00
32 11 -2.4303332532123769e+00
32 27 -2.2779437898826336e+00
32 30 -2.5645811123545879e+00
32 32 5.6520697689753070e+07
33 14 -2.0249635933033301e+00
33 25 -2.4006049924350203e+00
33 28 -2.6459203754030201e+00
33 33 5.0746404465056561e+07
34 2 -2.4055208410410658e+00
34 14 -2.1522996122633788e+00
34 29 -2.4560304777605797e+00
34 34 5.2824064687191404e+07
35 6 -2.1797384866137390e+00
35 24 -2.4708812739579566e+00
35 35 5.2359922160783805e+07
35 65 -2.8207841620459599e+00
36 7 -2.2093965380752176e+00
36 19 -2.4207799493718194e+00
36 36 5.5744077323089138e+07
36 66 -2.9765308418573810e+00
37 37 5.2628050289836578e+07
37 41 -3.0927815467550772e+00
37 54 -1.7917489446763180e+00
38 38 5.2557639710290506e+07
38 42 -3.0923184219182667e+00
38 53 -1.9122309236584667e+00
39 39 5.2349461375886656e+07
39 40 -3.0923178938511247e+00
39 55 -1.8047902965146303e+00
40 39 -3.0923178938511247e+00
40 40 5.2557206936014548e+07
40 58 -1.9111612941588449e+00
41 37 -3.0927815467550772e+00
41 41 5.2628312526213124e+07
41 57 -1.9102019037403002e+00
42 38 -3.0923184219182667e+00
42 42 5.2349502772718683e+07
42 56 -1.8196522855528008e+00
43 43 5.2287207136686228e+07
43 44 -3.0918644393339019e+00
43 59 -1.9103680377192556e+00
44 43 -3.0918644393339019e+00
44 44 5.2287206534148909e+07
44 52 -1.8180519358809664e+00
45 1 -2.3378181413101529e+00
45 45 5.7346947596478760e+07
45 51 -2.7545104785634771e+00
45 64 -2.1477130410691165e+00
46 9 -2.7118419436717600e+00
46 21 -2.6744879529716035e+00
46 46 4.9822900877247587e+07
46 66 -1.9352697092910920e+00
47 8 -1.8423773519524695e+00
47 15 -2.7582086887543547e+00
47 47 5.1775056840797029e+07
47 50 -2.7278520949415452e+00
48 9 -1.8414740649258745e+00
48 15 -2.7966737068994738e+00
48 48 5.4466837407762088e+07
48 51 -2.7934581794649365e+00
49 8 -2.6305817833887097e+00
49 31 -2.6332064622187032e+00
49 49 4.9399211987741031e+07
49 65 -2.0453661344604734e+00
50 47 -2.7278520949415452e+00
50 50 5.0767467375476532e+07
50 64 -3.0863742388140776e+00
50 65 -1.9767787354019850e+00
51 45 -2.7545104785634771e+00
51 48 -2.7934581794649365e+00
51 51 5.1822299347292051e+07
51 66 -1.9741676140902573e+00
52 29 -3.0391531795968976e+00
52 44 -1.8180519358809664e+00
52 52 4.7354935007574558e+07
52 60 -2.4214095774691113e+00
53 27 -2.7529969667212053e+00
53 38 -1.9122309236584667e+00
53 53 4.2912189875196129e+07
53 61 -2.1663635604644624e+00
54 26 -3.1926335826494543e+00
54 37 -1.7917489446763180e+00
54 54 4.8345539818256259e+07
54 62 -2.4230566835821294e+00
55 28 -3.1255300628383011e+00
55 39 -1.8047902965146303e+00
55 55 4.7740852777054727e+07
55 63 -2.4224551197734292e+00
56 16 -3.1144816968830749e+00
56 42 -1.8196522855528008e+00
56 56 4.6725253343694091e+07
56 61 -2.3152176869152852e+00
57 17 -2.8179242890847975e+00
57 41 -1.9102019037403002e+00
57 57 4.2689288040223561e+07
57 62 -2.0980077777428852e+00
58 18 -2.8384524347170266e+00
58 40 -1.9111612941588449e+00
58 58 4.2487307757934041e+07
58 63 -2.0781245946340712e+00
59 22 -2.8389952161896232e+00
59 43 -1.9103680377192556e+00
59 59 4.2406543880939104e+07
59 60 -2.0654996762005484e+00
60 7 -2.7020865864142820e+00
60 52 -2.4214095774691113e+00
60 59 -2.0654996762005484e+00
60 60 4.5653901716084190e+07
61 5 -2.6455527015413938e+00
61 53 -2.1663635604644624e+00
61 56 -2.3152176869152852e+00
61 61 4.5869879705823831e+07
62 3 -2.5442313444583555e+00
62 54 -2.4230566835821294e+00
62 57 -2.0980077777428852e+00
62 62 4.5387869403004520e+07
63 6 -2.6481843131299230e+00
63 55 -2.4224551197734292e+00
63 58 -2.0781245946340712e+00
63 63 4.4896065332229838e+07
64 4 -1.9990027615471315e+00
64 45 -2.1477130410691165e+00
64 50 -3.0863742388140776e+00
64 64 5.0885205397095129e+07
65 35 -2.8207841620459599e+00
65 49 -2.0453661344604734e+00
65 50 -1.9767787354019850e+00
65 65 4.2251817848801427e+07
66 36 -2.9765308418573810e+00
66 46 -1.9352697092910920e+00
66 51 -1.9741676140902573e+00
66 66 4.2647006809984960e+07
