%%MatrixMarket matrix coordinate real general
66 66 244
1 1 7.3652421083476529e+07
1 2 -3.4409523399482675e+00
1 7 -2.5115675884595019e+00
1 45 -2.3378181837826433e+00
2 1 -3.4409523399482675e+00
2 2 6.3791034052535258e+07
2 25 -2.1345344210903767e+00
2 34 -2.4055223426054098e+00
3 3 5.7924851970142424e+07
3 8 -3.0727477785746751e+00
3 20 -2.2786707652102898e+00
3 62 -2.5441882325840846e+00
4 4 5.7164226390216559e+07
4 6 -2.7976451781623255e+00
4 25 -2.8835222552683577e+00
4 64 -1.9990022720875320e+00
5 5 6.0885217940005563e+07
5 9 -3.0412481004059182e+00
5 30 -2.2920744743903949e+00
5 61 -2.6455288340954706e+00
6 4 -2.7976451781623255e+00
6 6 5.4592306446073368e+07
6 35 -2.1797206695831428e+00
6 63 -2.6481605105550790e+00
7 1 -2.5115675884595019e+00
7 7 5.8590353673266910e+07
7 36 -2.2093968266294444e+00
7 60 -2.7020872617515930e+00
8 3 -3.0727477785746751e+00
8 8 5.1215666250642404e+07
8 47 -1.8423747671831927e+00
8 49 -2.6305623373494216e+00
9 5 -3.0412481004059182e+00
9 9 5.3969098381736219e+07
9 46 -2.7118414689522301e+00
9 48 -1.8414736020908280e+00
10 10 5.8805631093159989e+07
10 19 -2.3031091539260991e+00
10 21 -2.4331869016430070e+00
11 11 5.8523484816187717e+07
11 23 -2.3625455800142756e+00
11 32 -2.4300188735954853e+00
12 12 5.8534996573560342e+07
12 24 -2.2831392223746509e+00
12 31 -2.4478285535331086e+00
13 13 5.7097429720859803e+07
13 15 -2.4518448628558138e+00
13 20 -2.3749884001958326e+00
13 30 -2.3531151377733770e+00
14 14 4.7278345817921378e+07
14 33 -2.0249670885771844e+00
14 34 -2.1523034785895234e+00
15 13 -2.4518448628558138e+00
15 15 6.5586864088487692e+07
15 47 -2.7582078970546275e+00
15 48 -2.7966731742539443e+00
16 16 6.6181101423841015e+07
16 21 -2.4761270720824546e+00
16 56 -3.1144734121475732e+00
17 17 5.9599669547966622e+07
17 23 -2.3995555464893852e+00
17 57 -2.8175131588516096e+00
18 18 6.0559985109003894e+07
18 24 -2.5027532418740597e+00
18 58 -2.8380561497506616e+00
19 10 -2.3031091539260991e+00
19 19 5.6669699584342584e+07
19 22 -2.4885245671073482e+00
19 36 -2.4207814528575851e+00
20 3 -2.2786707652102898e+00
20 13 -2.3749884001958326e+00
20 20 5.6099655647314839e+07
20 23 -2.5587452352364033e+00
21 10 -2.4331869016430070e+00
21 16 -2.4761270720824546e+00
21 21 6.2513695535416722e+07
21 46 -2.6744893303775501e+00
22 19 -2.4885245671073482e+00
22 22 6.0510289331393786e+07
22 59 -2.8390003728835467e+00
23 11 -2.3625455800142756e+00
23 17 -2.3995555464893852e+00
23 20 -2.5587452352364033e+00
23 23 5.8049147023628928e+07
24 12 -2.2831392223746509e+00
24 18 -2.5027532418740597e+00
24 24 5.6025201620222740e+07
24 35 -2.4707700787059306e+00
25 2 -2.1345344210903767e+00
25 4 -2.8835222552683577e+00
25 25 5.7425166947736137e+07
25 33 -2.4006063666881547e+00
26 26 6.7514836432931483e+07
26 31 -2.4852238647990568e+00
26 54 -3.1922299907749063e+00
27 27 5.6855659283598296e+07
27 32 -2.2776451431330336e+00
27 53 -2.7525959185869171e+00
28 28 6.5496834444578961e+07
28 33 -2.6459228163504869e+00
28 55 -3.1255219160563921e+00
29 29 6.2591502679079585e+07
29 34 -2.4560345215376218e+00
29 52 -3.0391583947587431e+00
30 5 -2.2920744743903949e+00
30 13 -2.3531151377733770e+00
30 30 5.6468751495183118e+07
30 32 -2.5644659360367097e+00
31 12 -2.4478285535331086e+00
31 26 -2.4852238647990568e+00
31 31 6.2301742846783690e+07
31 49 -2.6330941142771245e+00
32 11 -2.4300188735954853e+00
32 27 -2.2776451431330336e+00
32 30 -2.5644659360367097e+00
32 32 5.6411053641261280e+07
33 14 -2.0249670885771844e+00
33 25 -2.4006063666881547e+00
33 28 -2.6459228163504869e+00
33 33 5.0747733971085861e+07
34 2 -2.4055223426054098e+00
34 14 -2.1523034785895234e+00
34 29 -2.4560345215376218e+00
34 34 5.2825649913407221e+07
35 6 -2.1797206695831428e+00
35 24 -2.4707700787059306e+00
35 35 5.2342697037076712e+07
35 65 -2.8207589923740226e+00
36 7 -2.2093968266294444e+00
36 19 -2.4207814528575851e+00
36 36 5.5744329045027748e+07
36 66 -2.9765312080640762e+00
37 37 5.2363503550302088e+07
37 41 -3.0920657607868360e+00
37 54 -1.7914621786874048e+00
38 38 5.2360272872238979e+07
38 42 -3.0919692733849558e+00
38 53 -1.9119582761429674e+00
39 39 5.2293929816502228e+07
39 40 -3.0919692700973207e+00
39 55 -1.8047452416824892e+00
40 39 -3.0919692700973207e+00
40 40 5.2360269889397077e+07
40 58 -1.9108916005829031e+00
41 37 -3.0920657607868360e+00
41 41 5.2363407661257751e+07
41 57 -1.9098736922706878e+00
42 38 -3.0919692733849558e+00
42 42 5.2293929710146353e+07
42 56 -1.8196064196063597e+00
43 43 5.2290871744469993e+07
43 44 -3.0918730367356462e+00
43 59 -1.9103721571038736e+00
44 43 -3.0918730367356462e+00
44 44 5.2290870605194472e+07
44 52 -1.8180556862862252e+00
45 1 -2.3378181837826433e+00
45 45 5.7346945024250917e+07
45 51 -2.7545104747245297e+00
45 64 -2.1477129618271316e+00
46 9 -2.7118414689522301e+00
46 21 -2.6744893303775501e+00
46 46 4.9823053763273634e+07
46 66 -1.9352698793496446e+00
47 8 -1.8423747671831927e+00
47 15 -2.7582078970546275e+00
47 47 5.1774704771666586e+07
47 50 -2.7278512117436993e+00
48 9 -1.8414736020908280e+00
48 15 -2.7966731742539443e+00
48 48 5.4466755471689828e+07
48 51 -2.7934580923309884e+00
49 8 -2.6305623373494216e+00
49 31 -2.6330941142771245e+00
49 49 4.9383448993311450e+07
49 65 -2.0453486842213819e+00
50 47 -2.7278512117436993e+00
50 50 5.0766981361649618e+07
50 64 -3.0863735318608212e+00
50 65 -1.9767747855904294e+00
51 45 -2.7545104747245297e+00
51 48 -2.7934580923309884e+00
51 51 5.1822298070769839e+07
51 66 -1.9741676585375942e+00
52 29 -3.0391583947587431e+00
52 44 -1.8180556862862252e+00
52 52 4.7356483744549170e+07
52 60 -2.4214117495052827e+00
53 27 -2.7525959185869171e+00
53 38 -1.9119582761429674e+00
53 53 4.2811078401473112e+07
53 61 -2.1662470944478569e+00
54 26 -3.1922299907749063e+00
54 37 -1.7914621786874048e+00
54 54 4.8239330343833424e+07
54 62 -2.4229081190313813e+00
55 28 -3.1255219160563921e+00
55 39 -1.8047452416824892e+00
55 55 4.7732022071205288e+07
55 63 -2.4224280435492300e+00
56 16 -3.1144734121475732e+00
56 42 -1.8196064196063597e+00
56 56 4.6716350583883055e+07
56 61 -2.3151903779038050e+00
57 17 -2.8175131588516096e+00
57 41 -1.9098736922706878e+00
57 57 4.2580366321410999e+07
57 62 -2.0978697358674991e+00
58 18 -2.8380561497506616e+00
58 40 -1.9108916005829031e+00
58 58 4.2389805760013260e+07
58 63 -2.0780147906470323e+00
59 22 -2.8390003728835467e+00
59 43 -1.9103721571038736e+00
59 59 4.2408059387935646e+07
59 60 -2.0655015988105605e+00
60 7 -2.7020872617515930e+00
60 52 -2.4214117495052827e+00
60 59 -2.0655015988105605e+00
60 60 4.5654436601433739e+07
61 5 -2.6455288340954706e+00
61 53 -2.1662470944478569e+00
61 56 -2.3151903779038050e+00
61 61 4.5850745652659096e+07
62 3 -2.5441882325840846e+00
62 54 -2.4229081190313813e+00
62 57 -2.0978697358674991e+00
62 62 4.5351561946944401e+07
63 6 -2.6481605105550790e+00
63 55 -2.4224280435492300e+00
63 58 -2.0780147906470323e+00
63 63 4.4878281144602329e+07
64 4 -1.9990022720875320e+00
64 45 -2.1477129618271316e+00
64 50 -3.0863735318608212e+00
64 64 5.0885108408073299e+07
65 35 -2.8207589923740226e+00
65 49 -2.0453486842213819e+00
65 50 -1.9767747855904294e+00
65 65 4.2247640362791017e+07
66 36 -2.9765312080640762e+00
66 46 -1.9352698793496446e+00
66 51 -1.9741676585375942e+00
66 66 4.2647060472730391e+07
