%%MatrixMarket matrix coordinate real general
66 66 244
1 1 7.3652370988286003e+07
1 2 -3.4409520248024479e+00
1 7 -2.5115674746556302e+00
1 45 -2.3378181490420946e+00
2 1 -3.4409520248024479e+00
2 2 6.3790766530029267e+07
2 25 -2.1345340907131432e+00
2 34 -2.4055209705055045e+00
3 3 5.7931583244865328e+07
3 8 -3.0727581827611048e+00
3 20 -2.2786885000818820e+00
3 62 -2.5442254381725959e+00
4 4 5.7164665299939908e+07
4 6 -2.7976496214413777e+00
4 25 -2.8835224950042524e+00
4 64 -1.9990026427175032e+00
5 5 6.0889645813181512e+07
5 9 -3.0412531970630670e+00
5 30 -2.2920904152284529e+00
5 61 -2.6455493816365978e+00
6 4 -2.7976496214413777e+00
6 6 5.4596403344446115e+07
6 35 -2.1797359335721458e+00
6 63 -2.6481810085451785e+00
7 1 -2.5115674746556302e+00
7 7 5.8590251275926478e+07
7 36 -2.2093965820239734e+00
7 60 -2.7020866795112375e+00
8 3 -3.0727581827611048e+00
8 8 5.1218303135368429e+07
8 47 -1.8423768273830554e+00
8 49 -2.6305789625043503e+00
9 5 -3.0412531970630670e+00
9 9 5.3969560594528951e+07
9 46 -2.7118418047342217e+00
9 48 -1.8414739534319691e+00
10 10 5.8802619217615560e+07
10 19 -2.3031056746366740e+00
10 21 -2.4331835228894909e+00
11 11 5.8735748138565622e+07
11 23 -2.3628296934492150e+00
11 32 -2.4303158752541743e+00
12 12 5.8745980789158978e+07
12 24 -2.2834157818930039e+00
12 31 -2.4481088670239703e+00
13 13 5.7101064452096336e+07
13 15 -2.4518480365292628e+00
13 20 -2.3750044926139191e+00
13 30 -2.3531314315811254e+00
14 14 4.7275510442921631e+07
14 33 -2.0249637267070528e+00
14 34 -2.1522997911612891e+00
15 13 -2.4518480365292628e+00
15 15 6.5587241760226272e+07
15 47 -2.7582084925842296e+00
15 48 -2.7966735744328544e+00
16 16 6.6179617473905183e+07
16 21 -2.4761249985660632e+00
16 56 -3.1144801683806294e+00
17 17 5.9813049323197998e+07
17 23 -2.3998421524805638e+00
17 57 -2.8179010795047552e+00
18 18 6.0771583555393070e+07
18 24 -2.5030514478871599e+00
18 58 -2.8384309856785648e+00
19 10 -2.3031056746366740e+00
19 19 5.6668312463438839e+07
19 22 -2.4885208259488403e+00
19 36 -2.4207800840940079e+00
20 3 -2.2786885000818820e+00
20 13 -2.3750044926139191e+00
20 20 5.6115471873856194e+07
20 23 -2.5588474556304801e+00
21 10 -2.4331835228894909e+00
21 16 -2.4761249985660632e+00
21 21 6.2512461465327591e+07
21 46 -2.6744880400933044e+00
22 19 -2.4885208259488403e+00
22 22 6.0507234721829504e+07
22 59 -2.8389955034450409e+00
23 11 -2.3628296934492150e+00
23 17 -2.3998421524805638e+00
23 20 -2.5588474556304801e+00
23 23 5.8148927034603789e+07
24 12 -2.2834157818930039e+00
24 18 -2.5030514478871599e+00
24 24 5.6122851128652841e+07
24 35 -2.4708712999668827e+00
25 2 -2.1345340907131432e+00
25 4 -2.8835224950042524e+00
25 25 5.7424962152277581e+07
25 33 -2.4006050737385163e+00
26 26 6.7725321883327082e+07
26 31 -2.4854869317645516e+00
26 54 -3.1926091095811548e+00
27 27 5.7066921203452073e+07
27 32 -2.2779273275890128e+00
27 53 -2.7529759665163120e+00
28 28 6.5495288356550545e+07
28 33 -2.6459202881727282e+00
28 55 -3.1255285528524035e+00
29 29 6.2588441264370717e+07
29 34 -2.4560307062485078e+00
29 52 -3.0391534814923475e+00
30 5 -2.2920904152284529e+00
30 13 -2.3531314315811254e+00
30 30 5.6485068489163555e+07
30 32 -2.5645707800945390e+00
31 12 -2.4481088670239703e+00
31 26 -2.4854869317645516e+00
31 31 6.2398197737367459e+07
31 49 -2.6331961103324062e+00
32 11 -2.4303158752541743e+00
32 27 -2.2779273275890128e+00
32 30 -2.5645707800945390e+00
32 32 5.6511695327018715e+07
33 14 -2.0249637267070528e+00
33 25 -2.4006050737385163e+00
33 28 -2.6459202881727282e+00
33 33 5.0746478637881063e+07
34 2 -2.4055209705055045e+00
34 14 -2.1522997911612891e+00
34 29 -2.4560307062485078e+00
34 34 5.2824186272701241e+07
35 6 -2.1797359335721458e+00
35 24 -2.4708712999668827e+00
35 35 5.2357622384627193e+07
35 65 -2.8207805868768552e+00
36 7 -2.2093965820239734e+00
36 19 -2.4207800840940079e+00
36 36 5.5744111742181063e+07
36 66 -2.9765308939266655e+00
37 37 5.2616866509554036e+07
37 41 -3.0927506396977869e+00
37 54 -1.7917334178107411e+00
38 38 5.2551035727632105e+07
38 42 -3.0923034017995428e+00
38 53 -1.9122176328844176e+00
39 39 5.2345803117303677e+07
39 40 -3.0923029250672585e+00
39 55 -1.8047868616820659e+00
40 39 -3.0923029250672585e+00
40 40 5.2550643517581835e+07
40 58 -1.9111481250758595e+00
41 37 -3.0927506396977869e+00
41 41 5.2617004287396818e+07
41 57 -1.9101843000018202e+00
42 38 -3.0923034017995428e+00
42 42 5.2345835751317918e+07
42 56 -1.8196487810479856e+00
43 43 5.2287354842898086e+07
43 44 -3.0918647852691898e+00
43 59 -1.9103682518525515e+00
44 43 -3.0918647852691898e+00
44 44 5.2287353312324151e+07
44 52 -1.8180521335403075e+00
45 1 -2.3378181490420946e+00
45 45 5.7346946298570000e+07
45 51 -2.7545104761522055e+00
45 64 -2.1477130181194330e+00
46 9 -2.7118418047342217e+00
46 21 -2.6744880400933044e+00
46 46 4.9822909882637367e+07
46 66 -1.9352697242469907e+00
47 8 -1.8423768273830554e+00
47 15 -2.7582084925842296e+00
47 47 5.1774966888894297e+07
47 50 -2.7278518793461934e+00
48 9 -1.8414739534319691e+00
48 15 -2.7966735744328544e+00
48 48 5.4466813888149858e+07
48 51 -2.7934581536796435e+00
49 8 -2.6305789625043503e+00
49 31 -2.6331961103324062e+00
49 49 4.9397091297713622e+07
49 65 -2.0453636262847050e+00
50 47 -2.7278518793461934e+00
50 50 5.0767352728758484e+07
50 64 -3.0863740665173229e+00
50 65 -1.9767780006744653e+00
51 45 -2.7545104761522055e+00
51 48 -2.7934581536796435e+00
51 51 5.1822298233167417e+07
51 66 -1.9741676208141521e+00
52 29 -3.0391534814923475e+00
52 44 -1.8180521335403075e+00
52 52 4.7355061173494674e+07
52 60 -2.4214097791168405e+00
53 27 -2.7529759665163120e+00
53 38 -1.9122176328844176e+00
53 53 4.2904607234651305e+07
53 61 -2.1663539013348636e+00
54 26 -3.1926091095811548e+00
54 37 -1.7917334178107411e+00
54 54 4.8336568519746460e+07
54 62 -2.4230426324373968e+00
55 28 -3.1255285528524035e+00
55 39 -1.8047868616820659e+00
55 55 4.7739637983255111e+07
55 63 -2.4224515804974804e+00
56 16 -3.1144801683806294e+00
56 42 -1.8196487810479856e+00
56 56 4.6724031681508765e+07
56 61 -2.3152141247552480e+00
57 17 -2.8179010795047552e+00
57 41 -1.9101843000018202e+00
57 57 4.2680456733475760e+07
57 62 -2.0979950037469397e+00
58 18 -2.8384309856785648e+00
58 40 -1.9111481250758595e+00
58 58 4.2479918368744418e+07
58 63 -2.0781154506413824e+00
59 22 -2.8389955034450409e+00
59 43 -1.9103682518525515e+00
59 59 4.2406663470633224e+07
59 60 -2.0654998515643834e+00
60 7 -2.7020866795112375e+00
60 52 -2.4214097791168405e+00
60 59 -2.0654998515643834e+00
60 60 4.5653969658782765e+07
61 5 -2.6455493816365978e+00
61 53 -2.1663539013348636e+00
61 56 -2.3152141247552480e+00
61 61 4.5867467374147587e+07
62 3 -2.5442254381725959e+00
62 54 -2.4230426324373968e+00
62 57 -2.0979950037469397e+00
62 62 4.5383248700481027e+07
63 6 -2.6481810085451785e+00
63 55 -2.4224515804974804e+00
63 58 -2.0781154506413824e+00
63 63 4.4893812058632642e+07
64 4 -1.9990026427175032e+00
64 45 -2.1477130181194330e+00
64 50 -3.0863740665173229e+00
64 64 5.0885177846646145e+07
65 35 -2.8207805868768552e+00
65 49 -2.0453636262847050e+00
65 50 -1.9767780006744653e+00
65 65 4.2251063398751490e+07
66 36 -2.9765308939266655e+00
66 46 -1.9352697242469907e+00
66 51 -1.9741676208141521e+00
66 66 4.2647015810292579e+07
