%%MatrixMarket matrix coordinate real general
66 66 244
1 1 7.3652421113083526e+07
1 2 -3.4409523414591252e+00
1 7 -2.5115675885504984e+00
1 45 -2.3378181837997705e+00
2 1 -3.4409523414591252e+00
2 2 6.3791035545740515e+07
2 25 -2.1345344231559937e+00
2 34 -2.4055223900480667e+00
3 3 5.7924846165294848e+07
3 8 -3.0727477702322123e+00
3 20 -2.2786706914452499e+00
3 62 -2.5441880345113503e+00
4 4 5.7164226354902051e+07
4 6 -2.7976451744962634e+00
4 25 -2.8835222566847984e+00
4 64 -1.9990022720629541e+00
5 5 6.0885213990846567e+07
5 9 -3.0412480962532422e+00
5 30 -2.2920743992926083e+00
5 61 -2.6455287249848602e+00
6 4 -2.7976451744962634e+00
6 6 5.4592302735226572e+07
6 35 -2.1797205972487430e+00
6 63 -2.6481604026645575e+00
7 1 -2.5115675885504984e+00
7 7 5.8590353765989296e+07
7 36 -2.2093968276057652e+00
7 60 -2.7020872647778509e+00
8 3 -3.0727477702322123e+00
8 8 5.1215664552755050e+07
8 47 -1.8423747659577385e+00
8 49 -2.6305622565771820e+00
9 5 -3.0412480962532422e+00
9 9 5.3969098346915320e+07
9 46 -2.7118414700592992e+00
9 48 -1.8414736020642897e+00
10 10 5.8806286394938953e+07
10 19 -2.3031097118628572e+00
10 21 -2.4331874612498123e+00
11 11 5.8478260960326806e+07
11 23 -2.3625010230505321e+00
11 32 -2.4299723267170181e+00
12 12 5.8489845053019471e+07
12 24 -2.2830955523206309e+00
12 31 -2.4477842842476107e+00
13 13 5.7097426724168785e+07
13 15 -2.4518448604561214e+00
13 20 -2.3749883247428856e+00
13 30 -2.3531150586448755e+00
14 14 4.7279119282477885e+07
14 33 -2.0249677720334294e+00
14 34 -2.1523041975935473e+00
15 13 -2.4518448604561214e+00
15 15 6.5586864054804683e+07
15 47 -2.7582078970011419e+00
15 48 -2.7966731742189133e+00
16 16 6.6181691295047916e+07
16 21 -2.4761275594506085e+00
16 56 -3.1144740521246490e+00
17 17 5.9555340052749373e+07
17 23 -2.3995115319393006e+00
17 57 -2.8174534108741893e+00
18 18 6.0516278973182045e+07
18 24 -2.5027075646811903e+00
18 58 -2.8379973267816161e+00
19 10 -2.3031097118628572e+00
19 19 5.6669750600117207e+07
19 22 -2.4885251462357156e+00
19 36 -2.4207814973598158e+00
20 3 -2.2786706914452499e+00
20 13 -2.3749883247428856e+00
20 20 5.6099567883454740e+07
20 23 -2.5587419102089584e+00
21 10 -2.4331874612498123e+00
21 16 -2.4761275594506085e+00
21 21 6.2513743945391856e+07
21 46 -2.6744893766460818e+00
22 19 -2.4885251462357156e+00
22 22 6.0510926627880596e+07
22 59 -2.8390011285138850e+00
23 11 -2.3625010230505321e+00
23 17 -2.3995115319393006e+00
23 20 -2.5587419102089584e+00
23 23 5.8045486200768046e+07
24 12 -2.2830955523206309e+00
24 18 -2.5027075646811903e+00
24 24 5.6021592695993669e+07
24 35 -2.4707667463503031e+00
25 2 -2.1345344231559937e+00
25 4 -2.8835222566847984e+00
25 25 5.7425168418295272e+07
25 33 -2.4006064180500148e+00
26 26 6.7475070434832007e+07
26 31 -2.4851867027910264e+00
26 54 -3.1921765284893100e+00
27 27 5.6809608119567789e+07
27 32 -2.2776000605869959e+00
27 53 -2.7525337512192163e+00
28 28 6.5497427139014266e+07
28 33 -2.6459234013222885e+00
28 55 -3.1255225596587066e+00
29 29 6.2592119707986094e+07
29 34 -2.4560350899762939e+00
29 52 -3.0391591274002225e+00
30 5 -2.2920743992926083e+00
30 13 -2.3531150586448755e+00
30 30 5.6468658064255394e+07
30 32 -2.5644624572737378e+00
31 12 -2.4477842842476107e+00
31 26 -2.4851867027910264e+00
31 31 6.2298345575812981e+07
31 49 -2.6330908889456675e+00
32 11 -2.4299723267170181e+00
32 27 -2.2776000605869959e+00
32 30 -2.5644624572737378e+00
32 32 5.6407279040205933e+07
33 14 -2.0249677720334294e+00
33 25 -2.4006064180500148e+00
33 28 -2.6459234013222885e+00
33 33 5.0747790422007330e+07
34 2 -2.4055223900480667e+00
34 14 -2.1523041975935473e+00
34 29 -2.4560350899762939e+00
34 34 5.2825708946950577e+07
35 6 -2.1797205972487430e+00
35 24 -2.4707667463503031e+00
35 35 5.2342610944261730e+07
35 65 -2.8207588868714093e+00
36 7 -2.2093968276057652e+00
36 19 -2.4207814973598158e+00
36 36 5.5744330230018824e+07
36 66 -2.9765312095322876e+00
37 37 5.2313802000621676e+07
37 41 -3.0919335349307393e+00
37 54 -1.7914207762594168e+00
38 38 5.2313493249587893e+07
38 42 -3.0919041184034453e+00
38 53 -1.9119128541296408e+00
39 39 5.2291886226849593e+07
39 40 -3.0919041183562621e+00
39 55 -1.8047438129212279e+00
40 39 -3.0919041183562621e+00
40 40 5.2313493221562006e+07
40 58 -1.9108464794970452e+00
41 37 -3.0919335349307393e+00
41 41 5.2313791604521640e+07
41 57 -1.9098262952900615e+00
42 38 -3.0919041184034453e+00
42 42 5.2291886259854294e+07
42 56 -1.8196049687944889e+00
43 43 5.2291592451684825e+07
43 44 -3.0918747259164037e+00
43 59 -1.9103727666228927e+00
44 43 -3.0918747259164037e+00
44 44 5.2291592248811252e+07
44 52 -1.8180562384864118e+00
45 1 -2.3378181837997705e+00
45 45 5.7346945018646181e+07
45 51 -2.7545104747235891e+00
45 64 -2.1477129618239754e+00
46 9 -2.7118414700592992e+00
46 21 -2.6744893766460818e+00
46 46 4.9823054879482962e+07
46 66 -1.9352698802931134e+00
47 8 -1.8423747659577385e+00
47 15 -2.7582078970011419e+00
47 47 5.1774704747898340e+07
47 50 -2.7278512116769784e+00
48 9 -1.8414736020642897e+00
48 15 -2.7966731742189133e+00
48 48 5.4466755467190094e+07
48 51 -2.7934580923310155e+00
49 8 -2.6305622565771820e+00
49 31 -2.6330908889456675e+00
49 49 4.9383371668034665e+07
49 65 -2.0453486137435943e+00
50 47 -2.7278512116769784e+00
50 50 5.0766981322109215e+07
50 64 -3.0863735318144707e+00
50 65 -1.9767747829590276e+00
51 45 -2.7545104747235891e+00
51 48 -2.7934580923310155e+00
51 51 5.1822298075347207e+07
51 66 -1.9741676585746619e+00
52 29 -3.0391591274002225e+00
52 44 -1.8180562384864118e+00
52 52 4.7356536812615566e+07
52 60 -2.4214118082830631e+00
53 27 -2.7525337512192163e+00
53 38 -1.9119128541296408e+00
53 53 4.2807129709113762e+07
53 61 -2.1662431489683756e+00
54 26 -3.1921765284893100e+00
54 37 -1.7914207762594168e+00
54 54 4.8235790272165149e+07
54 62 -2.4229041434912646e+00
55 28 -3.1255225596587066e+00
55 39 -1.8047438129212279e+00
55 55 4.7732019002079584e+07
55 63 -2.4224279412204401e+00
56 16 -3.1144740521246490e+00
56 42 -1.8196049687944889e+00
56 56 4.6716346691022925e+07
56 61 -2.3151902704317862e+00
57 17 -2.8174534108741893e+00
57 41 -1.9098262952900615e+00
57 57 4.2576505469919346e+07
57 62 -2.0978658423526473e+00
58 18 -2.8379973267816161e+00
58 40 -1.9108464794970452e+00
58 58 4.2386049564136207e+07
58 63 -2.0780110918895094e+00
59 22 -2.8390011285138850e+00
59 43 -1.9103727666228927e+00
59 59 4.2408113467553586e+07
59 60 -2.0655016525331851e+00
60 7 -2.7020872647778509e+00
60 52 -2.4214118082830631e+00
60 59 -2.0655016525331851e+00
60 60 4.5654439473777771e+07
61 5 -2.6455287249848602e+00
61 53 -2.1662431489683756e+00
61 56 -2.3151902704317862e+00
61 61 4.5850637700761914e+07
62 3 -2.5441880345113503e+00
62 54 -2.4229041434912646e+00
62 57 -2.0978658423526473e+00
62 62 4.5351363787633076e+07
63 6 -2.6481604026645575e+00
63 55 -2.4224279412204401e+00
63 58 -2.0780110918895094e+00
63 63 4.4878181919481985e+07
64 4 -1.9990022720629541e+00
64 45 -2.1477129618239754e+00
64 50 -3.0863735318144707e+00
64 64 5.0885108409581766e+07
65 35 -2.8207588868714093e+00
65 49 -2.0453486137435943e+00
65 50 -1.9767747829590276e+00
65 65 4.2247637305842116e+07
66 36 -2.9765312095322876e+00
66 46 -1.9352698802931134e+00
66 51 -1.9741676585746619e+00
66 66 4.2647060512078680e+07
