%%MatrixMarket matrix coordinate real general
66 66 244
1 1 7.3652416140544295e+07
1 2 -3.4409522803525991e+00
1 7 -2.5115675762170477e+00
1 45 -2.3378181801949496e+00
2 1 -3.4409522803525991e+00
2 2 6.3790978929062739e+07
2 25 -2.1345343461666428e+00
2 34 -2.4055218565805880e+00
3 3 5.7925614874565199e+07
3 8 -3.0727489137956634e+00
3 20 -2.2786738948949941e+00
3 62 -2.5441956385287781e+00
4 4 5.7164251026670590e+07
4 6 -2.7976456694197602e+00
4 25 -2.8835222284192219e+00
4 64 -1.9990022915333683e+00
5 5 6.0885729209979519e+07
5 9 -3.0412486610477916e+00
5 30 -2.2920774690862689e+00
5 61 -2.6455329304546211e+00
6 4 -2.7976456694197602e+00
6 6 5.4592783341360837e+07
6 35 -2.1797235427088180e+00
6 63 -2.6481645815144788e+00
7 1 -2.5115675762170477e+00
7 7 5.8590342194524437e+07
7 36 -2.2093967844503903e+00
7 60 -2.7020871467117793e+00
8 3 -3.0727489137956634e+00
8 8 5.1215924151908144e+07
8 47 -1.8423749594307530e+00
8 49 -2.6305654677533745e+00
9 5 -3.0412486610477916e+00
9 9 5.3969124750420652e+07
9 46 -2.7118414563129067e+00
9 48 -1.8414736210385514e+00
10 10 5.8803866454849318e+07
10 19 -2.3031073562933275e+00
10 21 -2.4331851119345096e+00
11 11 5.8646793451817162e+07
11 23 -2.3626901621572549e+00
11 32 -2.4301702383167973e+00
12 12 5.8658010113919780e+07
12 24 -2.2832805707038775e+00
12 31 -2.4479713233547460e+00
13 13 5.7097831194463812e+07
13 15 -2.4518451971578119e+00
13 20 -2.3749913958750279e+00
13 30 -2.3531182323897233e+00
14 14 4.7276524389696531e+07
14 33 -2.0249651570379283e+00
14 34 -2.1523014288052433e+00
15 13 -2.4518451971578119e+00
15 15 6.5586884830813795e+07
15 47 -2.7582079277849907e+00
15 48 -2.7966731948223305e+00
16 16 6.6179604507455617e+07
16 21 -2.4761255590211761e+00
16 56 -3.1144733373298950e+00
17 17 5.9721362152245037e+07
17 23 -2.3996995745918137e+00
17 57 -2.8177089733193825e+00
18 18 6.0680558641598605e+07
18 24 -2.5029032203030837e+00
18 58 -2.8382479037753243e+00
19 10 -2.3031073562933275e+00
19 19 5.6669190436769485e+07
19 22 -2.4885226750228511e+00
19 36 -2.4207809814126100e+00
20 3 -2.2786738948949941e+00
20 13 -2.3749913958750279e+00
20 20 5.6102861386328965e+07
20 23 -2.5587801689577674e+00
21 10 -2.4331851119345096e+00
21 16 -2.4761255590211761e+00
21 21 6.2513210643908598e+07
21 46 -2.6744888400298357e+00
22 19 -2.4885226750228511e+00
22 22 6.0508551246483043e+07
22 59 -2.8389978975308301e+00
23 11 -2.3626901621572549e+00
23 17 -2.3996995745918137e+00
23 20 -2.5587801689577674e+00
23 23 5.8085450236565635e+07
24 12 -2.2832805707038775e+00
24 18 -2.5029032203030837e+00
24 24 5.6060886880965374e+07
24 35 -2.4708049391813067e+00
25 2 -2.1345343461666428e+00
25 4 -2.8835222284192219e+00
25 25 5.7425114628078677e+07
25 33 -2.4006058534674022e+00
26 26 6.7629949746830240e+07
26 31 -2.4853517639818641e+00
26 54 -3.1924145118305982e+00
27 27 5.6979072747479901e+07
27 32 -2.2777895380532849e+00
27 53 -2.7527937421497706e+00
28 28 6.5495329528569214e+07
28 33 -2.6459209836203779e+00
28 55 -3.1255218171530768e+00
29 29 6.2589788010804579e+07
29 34 -2.4560326041847951e+00
29 52 -3.0391559431344031e+00
30 5 -2.2920774690862689e+00
30 13 -2.3531182323897233e+00
30 30 5.6472125048887804e+07
30 32 -2.5645021542178359e+00
31 12 -2.4479713233547460e+00
31 26 -2.4853517639818641e+00
31 31 6.2336147033564076e+07
31 49 -2.6331285661368886e+00
32 11 -2.4301702383167973e+00
32 27 -2.2777895380532849e+00
32 30 -2.5645021542178359e+00
32 32 5.6448085893815421e+07
33 14 -2.0249651570379283e+00
33 25 -2.4006058534674022e+00
33 28 -2.6459209836203779e+00
33 33 5.0747207037515156e+07
34 2 -2.4055218565805880e+00
34 14 -2.1523014288052433e+00
34 29 -2.4560326041847951e+00
34 34 5.2825088385304533e+07
35 6 -2.1797235427088180e+00
35 24 -2.4708049391813067e+00
35 35 5.2345789018368676e+07
35 65 -2.8207631132256252e+00
36 7 -2.2093967844503903e+00
36 19 -2.4207809814126100e+00
36 36 5.5744285361961894e+07
36 66 -2.9765311492056874e+00
37 37 5.2507642496147029e+07
37 41 -3.0924507117468680e+00
37 54 -1.7916006320199396e+00
38 38 5.2478602649069436e+07
38 42 -3.0921576792707506e+00
38 53 -1.9120974776016675e+00
39 39 5.2315467580763899e+07
39 40 -3.0921575559424634e+00
39 55 -1.8047612329637999e+00
40 39 -3.0921575559424634e+00
40 40 5.2478494734665893e+07
40 58 -1.9110293703094106e+00
41 37 -3.0924507117468680e+00
41 41 5.2507260703885987e+07
41 57 -1.9100326967176211e+00
42 38 -3.0921576792707506e+00
42 42 5.2315467280551873e+07
42 56 -1.8196226729786782e+00
43 43 5.2288839535515979e+07
43 44 -3.0918682673194557e+00
43 59 -1.9103701318355379e+00
44 43 -3.0918682673194557e+00
44 44 5.2288834657263033e+07
44 52 -1.8180538509188668e+00
45 1 -2.3378181801949496e+00
45 45 5.7346944922248237e+07
45 51 -2.7545104743913549e+00
45 64 -2.1477129633865322e+00
46 9 -2.7118414563129067e+00
46 21 -2.6744888400298357e+00
46 46 4.9823014513708420e+07
46 66 -1.9352698427764710e+00
47 8 -1.8423749594307530e+00
47 15 -2.7582079277849907e+00
47 47 5.1774717058405623e+07
47 50 -2.7278512475931960e+00
48 9 -1.8414736210385514e+00
48 15 -2.7966731948223305e+00
48 48 5.4466757165442929e+07
48 51 -2.7934580938668159e+00
49 8 -2.6305654677533745e+00
49 31 -2.6331285661368886e+00
49 49 4.9386251596994691e+07
49 65 -2.0453514898570293e+00
50 47 -2.7278512475931960e+00
50 50 5.0767003092521705e+07
50 64 -3.0863735607659564e+00
50 65 -1.9767751393922319e+00
51 45 -2.7545104743913549e+00
51 48 -2.7934580938668159e+00
51 51 5.1822297840806380e+07
51 66 -1.9741676537733110e+00
52 29 -3.0391559431344031e+00
52 44 -1.8180538509188668e+00
52 52 4.7355959225915991e+07
52 60 -2.4214110949640948e+00
53 27 -2.7527937421497706e+00
53 38 -1.9120974776016675e+00
53 53 4.2847555708666772e+07
53 61 -2.1662860086128557e+00
54 26 -3.1924145118305982e+00
54 37 -1.7916006320199396e+00
54 54 4.8274491646236457e+07
54 62 -2.4229522400966714e+00
55 28 -3.1255218171530768e+00
55 39 -1.8047612329637999e+00
55 55 4.7733431569815665e+07
55 63 -2.4224329510752001e+00
56 16 -3.1144733373298950e+00
56 42 -1.8196226729786782e+00
56 56 4.6717777978522539e+07
56 61 -2.3151953698725523e+00
57 17 -2.8177089733193825e+00
57 41 -1.9100326967176211e+00
57 57 4.2617634496541969e+07
57 62 -2.0979117996601451e+00
58 18 -2.8382479037753243e+00
58 40 -1.9110293703094106e+00
58 58 4.2424726000810891e+07
58 63 -2.0780513474354190e+00
59 22 -2.8389978975308301e+00
59 43 -1.9103701318355379e+00
59 59 4.2407534169776723e+07
59 60 -2.0655010098815727e+00
60 7 -2.7020871467117793e+00
60 52 -2.4214110949640948e+00
60 59 -2.0655010098815727e+00
60 60 4.5654335467763297e+07
61 5 -2.6455329304546211e+00
61 53 -2.1662860086128557e+00
61 56 -2.3151953698725523e+00
61 61 4.5854436784574978e+07
62 3 -2.5441956385287781e+00
62 54 -2.4229522400966714e+00
62 57 -2.0979117996601451e+00
62 62 4.5358441704493709e+07
63 6 -2.6481645815144788e+00
63 55 -2.4224329510752001e+00
63 58 -2.0780513474354190e+00
63 63 4.4881689412095442e+07
64 4 -1.9990022915333683e+00
64 45 -2.1477129633865322e+00
64 50 -3.0863735607659564e+00
64 64 5.0885110465632878e+07
65 35 -2.8207631132256252e+00
65 49 -2.0453514898570293e+00
65 50 -1.9767751393922319e+00
65 65 4.2248035316985548e+07
66 36 -2.9765311492056874e+00
66 46 -1.9352698427764710e+00
66 51 -1.9741676537733110e+00
66 66 4.2647055071991265e+07
