%%MatrixMarket matrix coordinate real general
66 66 244
1 1 7.3652414721275330e+07
1 2 -3.4409522682736560e+00
1 7 -2.5115675728234952e+00
1 45 -2.3378181791646573e+00
2 1 -3.4409522682736560e+00
2 2 6.3790968174183972e+07
2 25 -2.1345343318926284e+00
2 34 -2.4055217942355314e+00
3 3 5.7925822016037926e+07
3 8 -3.0727492265332441e+00
3 20 -2.2786745512479705e+00
3 62 -2.5441970954413673e+00
4 4 5.7164260190215997e+07
4 6 -2.7976458040771104e+00
4 25 -2.8835222280703707e+00
4 64 -1.9990022989052485e+00
5 5 6.0885867155849911e+07
5 9 -3.0412488150511185e+00
5 30 -2.2920780782250940e+00
5 61 -2.6455337391457086e+00
6 4 -2.7976458040771104e+00
6 6 5.4592911613954119e+07
6 35 -2.1797241263493712e+00
6 63 -2.6481653869153825e+00
7 1 -2.5115675728234952e+00
7 7 5.8590339063655518e+07
7 36 -2.2093967755038033e+00
7 60 -2.7020871238854682e+00
8 3 -3.0727492265332441e+00
8 8 5.1215998264409401e+07
8 47 -1.8423750155418968e+00
8 49 -2.6305661000218916e+00
9 5 -3.0412488150511185e+00
9 9 5.3969134482303433e+07
9 46 -2.7118414591233782e+00
9 48 -1.8414736281403354e+00
10 10 5.8803741539364330e+07
10 19 -2.3031072069982232e+00
10 21 -2.4331849649366792e+00
11 11 5.8655605018987313e+07
11 23 -2.3627022904770594e+00
11 32 -2.4301829264321171e+00
12 12 5.8666768658571385e+07
12 24 -2.2832923723897163e+00
12 31 -2.4479832734817397e+00
13 13 5.7097941245206423e+07
13 15 -2.4518452903222201e+00
13 20 -2.3749920060792555e+00
13 30 -2.3531188571168493e+00
14 14 4.7276411968793057e+07
14 33 -2.0249650139708351e+00
14 34 -2.1523012741718874e+00
15 13 -2.4518452903222201e+00
15 15 6.5586892463898599e+07
15 47 -2.7582079393235546e+00
15 48 -2.7966732025444041e+00
16 16 6.6179526627008826e+07
16 21 -2.4761254539523803e+00
16 56 -3.1144735865146203e+00
17 17 5.9730201358112924e+07
17 23 -2.3997117811432247e+00
17 57 -2.8177255786255695e+00
18 18 6.0689356589222498e+07
18 24 -2.5029159763516300e+00
18 58 -2.8382640476436323e+00
19 10 -2.3031072069982232e+00
19 19 5.6669126614586748e+07
19 22 -2.4885225147704384e+00
19 36 -2.4207809196651460e+00
20 3 -2.2786745512479705e+00
20 13 -2.3749920060792555e+00
20 20 5.6103486950488329e+07
20 23 -2.5587847315683452e+00
21 10 -2.4331849649366792e+00
21 16 -2.4761254539523803e+00
21 21 6.2513150842173368e+07
21 46 -2.6744887773010873e+00
22 19 -2.4885225147704384e+00
22 22 6.0508424821406096e+07
22 59 -2.8389976885123089e+00
23 11 -2.3627022904770594e+00
23 17 -2.3997117811432247e+00
23 20 -2.5587847315683452e+00
23 23 5.8090006087242790e+07
24 12 -2.2832923723897163e+00
24 18 -2.5029159763516300e+00
24 24 5.6065353310951114e+07
24 35 -2.4708094710573785e+00
25 2 -2.1345343318926284e+00
25 4 -2.8835222280703707e+00
25 25 5.7425104928730726e+07
25 33 -2.4006057902021931e+00
26 26 6.7638755330577269e+07
26 31 -2.4853630382126566e+00
26 54 -3.1924307633623137e+00
27 27 5.6987821980635494e+07
27 32 -2.2778016340631475e+00
27 53 -2.7528101452857929e+00
28 28 6.5495249728821516e+07
28 33 -2.6459208558542886e+00
28 55 -3.1255220617127608e+00
29 29 6.2589660769378826e+07
29 34 -2.4560324395047730e+00
29 52 -3.0391557319851241e+00
30 5 -2.2920780782250940e+00
30 13 -2.3531188571168493e+00
30 30 5.6472777972269677e+07
30 32 -2.5645068470628263e+00
31 12 -2.4479832734817397e+00
31 26 -2.4853630382126566e+00
31 31 6.2340531204252802e+07
31 49 -2.6331331251017938e+00
32 11 -2.4301829264321171e+00
32 27 -2.2778016340631475e+00
32 30 -2.5645068470628263e+00
32 32 5.6452695713017389e+07
33 14 -2.0249650139708351e+00
33 25 -2.4006057902021931e+00
33 28 -2.6459208558542886e+00
33 33 5.0747145293043576e+07
34 2 -2.4055217942355314e+00
34 14 -2.1523012741718874e+00
34 29 -2.4560324395047730e+00
34 34 5.2825020357926294e+07
35 6 -2.1797241263493712e+00
35 24 -2.4708094710573785e+00
35 35 5.2346386373524658e+07
35 65 -2.8207639439984606e+00
36 7 -2.2093967755038033e+00
36 19 -2.4207809196651460e+00
36 36 5.5744276796115533e+07
36 66 -2.9765311371920480e+00
37 37 5.2518373187948108e+07
37 41 -3.0924796751304751e+00
37 54 -1.7916123180192896e+00
38 38 5.2486383458365157e+07
38 42 -3.0921718089710262e+00
38 53 -1.9121085445432415e+00
39 39 5.2317955814444818e+07
39 40 -3.0921716651427800e+00
39 55 -1.8047631936611197e+00
40 39 -3.0921716651427800e+00
40 40 5.2486257528969690e+07
40 58 -1.9110403104500584e+00
41 37 -3.0924796751304751e+00
41 41 5.2517998214218289e+07
41 57 -1.9100461478203714e+00
42 38 -3.0921718089710262e+00
42 42 5.2317956262415864e+07
42 56 -1.8196246677094028e+00
43 43 5.2288691282985553e+07
43 44 -3.0918679193434606e+00
43 59 -1.9103699624788533e+00
44 43 -3.0918679193434606e+00
44 44 5.2288686347928680e+07
44 52 -1.8180536970826648e+00
45 1 -2.3378181791646573e+00
45 45 5.7346944892741956e+07
45 51 -2.7545104742966968e+00
45 64 -2.1477129641228889e+00
46 9 -2.7118414591233782e+00
46 21 -2.6744887773010873e+00
46 46 4.9823007325045437e+07
46 66 -1.9352698356858145e+00
47 8 -1.8423750155418968e+00
47 15 -2.7582079393235546e+00
47 47 5.1774721824832574e+07
47 50 -2.7278512608889263e+00
48 9 -1.8414736281403354e+00
48 15 -2.7966732025444041e+00
48 48 5.4466757952889226e+07
48 51 -2.7934580946244241e+00
49 8 -2.6305661000218916e+00
49 31 -2.6331331251017938e+00
49 49 4.9386795740605056e+07
49 65 -2.0453520606336970e+00
50 47 -2.7278512608889263e+00
50 50 5.0767010942034341e+07
50 64 -3.0863735714566580e+00
50 65 -1.9767752364859801e+00
51 45 -2.7545104742966968e+00
51 48 -2.7934580946244241e+00
51 51 5.1822297775988191e+07
51 66 -1.9741676524893363e+00
52 29 -3.0391557319851241e+00
52 44 -1.8180536970826648e+00
52 52 4.7355893797143221e+07
52 60 -2.4214110066468484e+00
53 27 -2.7528101452857929e+00
53 38 -1.9121085445432415e+00
53 53 4.2851914510685518e+07
53 61 -2.1662909249454212e+00
54 26 -3.1924307633623137e+00
54 37 -1.7916123180192896e+00
54 54 4.8278920952547200e+07
54 62 -2.4229582048546949e+00
55 28 -3.1255220617127608e+00
55 39 -1.8047631936611197e+00
55 55 4.7733734481626295e+07
55 63 -2.4224339132814778e+00
56 16 -3.1144735865146203e+00
56 42 -1.8196246677094028e+00
56 56 4.6718083910074122e+07
56 61 -2.3151963438843857e+00
57 17 -2.8177255786255695e+00
57 41 -1.9100461478203714e+00
57 57 4.2622238656441242e+07
57 62 -2.0979174314800533e+00
58 18 -2.8382640476436323e+00
58 40 -1.9110403104500584e+00
58 58 4.2428921017646596e+07
58 63 -2.0780559835644627e+00
59 22 -2.8389976885123089e+00
59 43 -1.9103699624788533e+00
59 59 4.2407469570336603e+07
59 60 -2.0655009312368064e+00
60 7 -2.7020871238854682e+00
60 52 -2.4214110066468484e+00
60 59 -2.0655009312368064e+00
60 60 4.5654316265328288e+07
61 5 -2.6455337391457086e+00
61 53 -2.1662909249454212e+00
61 56 -2.3151963438843857e+00
61 61 4.5855129264506832e+07
62 3 -2.5441970954413673e+00
62 54 -2.4229582048546949e+00
62 57 -2.0979174314800533e+00
62 62 4.5359742095410615e+07
63 6 -2.6481653869153825e+00
63 55 -2.4224339132814778e+00
63 58 -2.0780559835644627e+00
63 63 4.4882330494868964e+07
64 4 -1.9990022989052485e+00
64 45 -2.1477129641228889e+00
64 50 -3.0863735714566580e+00
64 64 5.0885111419007808e+07
65 35 -2.8207639439984606e+00
65 49 -2.0453520606336970e+00
65 50 -1.9767752364859801e+00
65 65 4.2248141875190407e+07
66 36 -2.9765311371920480e+00
66 46 -1.9352698356858145e+00
66 51 -1.9741676524893363e+00
66 66 4.2647053619220056e+07
