%%MatrixMarket matrix coordinate real general
66 66 244
1 1 7.3652421110873565e+07
1 2 -3.4409523411895306e+00
1 7 -2.5115675885396342e+00
1 45 -2.3378181837999352e+00
2 1 -3.4409523411895306e+00
2 2 6.3791035276223943e+07
2 25 -2.1345344227841840e+00
2 34 -2.4055223766525020e+00
3 3 5.7924846811661065e+07
3 8 -3.0727477711557571e+00
3 20 -2.2786707044482379e+00
3 62 -2.5441880701238748e+00
4 4 5.7164226357663579e+07
4 6 -2.7976451749056950e+00
4 25 -2.8835222564269931e+00
4 64 -1.9990022720642209e+00
5 5 6.0885214432504490e+07
5 9 -3.0412480967137729e+00
5 30 -2.2920744126628492e+00
5 61 -2.6455287446016231e+00
6 4 -2.7976451749056950e+00
6 6 5.4592303150873505e+07
6 35 -2.1797206101345905e+00
6 63 -2.6481604220405734e+00
7 1 -2.5115675885396342e+00
7 7 5.8590353753544532e+07
7 36 -2.2093968274323088e+00
7 60 -2.7020872642345988e+00
8 3 -3.0727477711557571e+00
8 8 5.1215664737023041e+07
8 47 -1.8423747660909964e+00
8 49 -2.6305622710505707e+00
9 5 -3.0412480967137729e+00
9 9 5.3969098347132608e+07
9 46 -2.7118414698550568e+00
9 48 -1.8414736020655582e+00
10 10 5.8806010400759719e+07
10 19 -2.3031094824717755e+00
10 21 -2.4331872309187208e+00
11 11 5.8497300055772506e+07
11 23 -2.3625193434267264e+00
11 32 -2.4299914540679595e+00
12 12 5.8508849678315863e+07
12 24 -2.2831135089517507e+00
12 31 -2.4478025067768163e+00
13 13 5.7097427058173545e+07
13 15 -2.4518448607204313e+00
13 20 -2.3749883381984054e+00
13 30 -2.3531150727849677e+00
14 14 4.7278787864674516e+07
14 33 -2.0249674858018172e+00
14 34 -2.1523038966702597e+00
15 13 -2.4518448607204313e+00
15 15 6.5586864054575868e+07
15 47 -2.7582078970037003e+00
15 48 -2.7966731742202646e+00
16 16 6.6181443759827964e+07
16 21 -2.4761273600011879e+00
16 56 -3.1144737768965425e+00
17 17 5.9574006586171210e+07
17 23 -2.3995296227615648e+00
17 57 -2.8174779472251354e+00
18 18 6.0534671857766159e+07
18 24 -2.5027263285833166e+00
18 58 -2.8380214819767589e+00
19 10 -2.3031094824717755e+00
19 19 5.6669736154908419e+07
19 22 -2.4885249082981828e+00
19 36 -2.4207814848624256e+00
20 3 -2.2786707044482379e+00
20 13 -2.3749883381984054e+00
20 20 5.6099583734416552e+07
20 23 -2.5587428469861613e+00
21 10 -2.4331872309187208e+00
21 16 -2.4761273600011879e+00
21 21 6.2513730269081883e+07
21 46 -2.6744893636855185e+00
22 19 -2.4885249082981828e+00
22 22 6.0510658241931826e+07
22 59 -2.8390008184161712e+00
23 11 -2.3625193434267264e+00
23 17 -2.3995296227615648e+00
23 20 -2.5587428469861613e+00
23 23 5.8046525524407014e+07
24 12 -2.2831135089517507e+00
24 18 -2.5027263285833166e+00
24 24 5.6022617616184987e+07
24 35 -2.4707676855721141e+00
25 2 -2.1345344227841840e+00
25 4 -2.8835222564269931e+00
25 25 5.7425168154378667e+07
25 33 -2.4006064035282644e+00
26 26 6.7491708138275042e+07
26 31 -2.4852018832864471e+00
26 54 -3.1921983469086141e+00
27 27 5.6829050439346589e+07
27 32 -2.2776186301917392e+00
27 53 -2.7525593470482144e+00
28 28 6.5497178171067178e+07
28 33 -2.6459231624883635e+00
28 55 -3.1255222827933253e+00
29 29 6.2591860405308776e+07
29 34 -2.4560348578708391e+00
29 52 -3.0391588275056676e+00
30 5 -2.2920744126628492e+00
30 13 -2.3531150727849677e+00
30 30 5.6468674961459532e+07
30 32 -2.5644634386962704e+00
31 12 -2.4478025067768163e+00
31 26 -2.4852018832864471e+00
31 31 6.2299306874161728e+07
31 49 -2.6330917948627683e+00
32 11 -2.4299914540679595e+00
32 27 -2.2776186301917392e+00
32 30 -2.5644634386962704e+00
32 32 5.6408352352890998e+07
33 14 -2.0249674858018172e+00
33 25 -2.4006064035282644e+00
33 28 -2.6459231624883635e+00
33 33 5.0747774311749734e+07
34 2 -2.4055223766525020e+00
34 14 -2.1523038966702597e+00
34 29 -2.4560348578708391e+00
34 34 5.2825692113781199e+07
35 6 -2.1797206101345905e+00
35 24 -2.4707676855721141e+00
35 35 5.2342626527551100e+07
35 65 -2.8207589057203757e+00
36 7 -2.2093968274323088e+00
36 19 -2.4207814848624256e+00
36 36 5.5744330015440814e+07
36 66 -2.9765312092705223e+00
37 37 5.2334509817417711e+07
37 41 -3.0919885142511760e+00
37 54 -1.7914376503757259e+00
38 38 5.2333363899373136e+07
38 42 -3.0919312493830113e+00
38 53 -1.9119316338367081e+00
39 39 5.2292386012085423e+07
39 40 -3.0919312488154023e+00
39 55 -1.8047441585764521e+00
40 39 -3.0919312488154023e+00
40 40 5.2333363412568107e+07
40 58 -1.9108651468513200e+00
41 37 -3.0919885142511760e+00
41 41 5.2334472957667112e+07
41 57 -1.9098455985032377e+00
42 38 -3.0919312493830113e+00
42 42 5.2292386036380477e+07
42 56 -1.8196053197655999e+00
43 43 5.2291291124475949e+07
43 44 -3.0918740199009096e+00
43 59 -1.9103725177366306e+00
44 43 -3.0918740199009096e+00
44 44 5.2291290628680080e+07
44 52 -1.8180560129671099e+00
45 1 -2.3378181837999352e+00
45 45 5.7346945021121770e+07
45 51 -2.7545104747242446e+00
45 64 -2.1477129618251007e+00
46 9 -2.7118414698550568e+00
46 21 -2.6744893636855185e+00
46 46 4.9823054679888785e+07
46 66 -1.9352698801272246e+00
47 8 -1.8423747660909964e+00
47 15 -2.7582078970037003e+00
47 47 5.1774704750848286e+07
47 50 -2.7278512116809104e+00
48 9 -1.8414736020655582e+00
48 15 -2.7966731742202646e+00
48 48 5.4466755468864009e+07
48 51 -2.7934580923309205e+00
49 8 -2.6305622710505707e+00
49 31 -2.6330917948627683e+00
49 49 4.9383385646766707e+07
49 65 -2.0453486262972413e+00
50 47 -2.7278512116809104e+00
50 50 5.0766981322886236e+07
50 64 -3.0863735318142234e+00
50 65 -1.9767747832511984e+00
51 45 -2.7545104747242446e+00
51 48 -2.7934580923309205e+00
51 51 5.1822298073562607e+07
51 66 -1.9741676585700718e+00
52 29 -3.0391588275056676e+00
52 44 -1.8180560129671099e+00
52 52 4.7356521758950464e+07
52 60 -2.4214117919077665e+00
53 27 -2.7525593470482144e+00
53 38 -1.9119316338367081e+00
53 53 4.2808262527636312e+07
53 61 -2.1662442714684045e+00
54 26 -3.1921983469086141e+00
54 37 -1.7914376503757259e+00
54 54 4.8236795190504588e+07
54 62 -2.4229052533681759e+00
55 28 -3.1255222827933253e+00
55 39 -1.8047441585764521e+00
55 55 4.7732014326493263e+07
55 63 -2.4224279542442337e+00
56 16 -3.1144737768965425e+00
56 42 -1.8196053197655999e+00
56 56 4.6716342207417548e+07
56 61 -2.3151902847119943e+00
57 17 -2.8174779472251354e+00
57 41 -1.9098455985032377e+00
57 57 4.2577606317209460e+07
57 62 -2.0978669348756327e+00
58 18 -2.8380214819767589e+00
58 40 -1.9108651468513200e+00
58 58 4.2387126082581021e+07
58 63 -2.0780121436672063e+00
59 22 -2.8390008184161712e+00
59 43 -1.9103725177366306e+00
59 59 4.2408098090574071e+07
59 60 -2.0655016375296951e+00
60 7 -2.7020872642345988e+00
60 52 -2.4214117919077665e+00
60 59 -2.0655016375296951e+00
60 60 4.5654438953903750e+07
61 5 -2.6455287446016231e+00
61 53 -2.1662442714684045e+00
61 56 -2.3151902847119943e+00
61 61 4.5850657380468510e+07
62 3 -2.5441880701238748e+00
62 54 -2.4229052533681759e+00
62 57 -2.0978669348756327e+00
62 62 4.5351399814354904e+07
63 6 -2.6481604220405734e+00
63 55 -2.4224279542442337e+00
63 58 -2.0780121436672063e+00
63 63 4.4878199992612340e+07
64 4 -1.9990022720642209e+00
64 45 -2.1477129618251007e+00
64 50 -3.0863735318142234e+00
64 64 5.0885108408578090e+07
65 35 -2.8207589057203757e+00
65 49 -2.0453486262972413e+00
65 50 -1.9767747832511984e+00
65 65 4.2247637648814484e+07
66 36 -2.9765312092705223e+00
66 46 -1.9352698801272246e+00
66 51 -1.9741676585700718e+00
66 66 4.2647060508373350e+07
