%%MatrixMarket matrix coordinate real general
66 66 244
1 1 7.3652416762197405e+07
1 2 -3.4409522859504480e+00
1 7 -2.5115675777141049e+00
1 45 -2.3378181806468494e+00
2 1 -3.4409522859504480e+00
2 2 6.3790983949402504e+07
2 25 -2.1345343528710843e+00
2 34 -2.4055218872313899e+00
3 3 5.7925523083840154e+07
3 8 -3.0727487756433236e+00
3 20 -2.2786735924142438e+00
3 62 -2.5441949595994715e+00
4 4 5.7164247203784689e+07
4 6 -2.7976456098736908e+00
4 25 -2.8835222291002673e+00
4 64 -1.9990022884736622e+00
5 5 6.0885668001284197e+07
5 9 -3.0412485929768254e+00
5 30 -2.2920771868262437e+00
5 61 -2.6455325539844208e+00
6 4 -2.7976456098736908e+00
6 6 5.4592726386949539e+07
6 35 -2.1797232722193689e+00
6 63 -2.6481642067561566e+00
7 1 -2.5115675777141049e+00
7 7 5.8590343580324002e+07
7 36 -2.2093967885639296e+00
7 60 -2.7020871573325849e+00
8 3 -3.0727487756433236e+00
8 8 5.1215891704950243e+07
8 47 -1.8423749349517426e+00
8 49 -2.6305651746355654e+00
9 5 -3.0412485929768254e+00
9 9 5.3969120684660837e+07
9 46 -2.7118414555566583e+00
9 48 -1.8414736180836584e+00
10 10 5.8803931587764755e+07
10 19 -2.3031074327241545e+00
10 21 -2.4331851873683039e+00
11 11 5.8642207521336444e+07
11 23 -2.3626839674093665e+00
11 32 -2.4301637562186622e+00
12 12 5.8653447584999509e+07
12 24 -2.2832745344416923e+00
12 31 -2.4479652149239715e+00
13 13 5.7097782531596631e+07
13 15 -2.4518451561115455e+00
13 20 -2.3749911132945045e+00
13 30 -2.3531179425814530e+00
14 14 4.7276583941307694e+07
14 33 -2.0249652313082049e+00
14 34 -2.1523015087800759e+00
15 13 -2.4518451561115455e+00
15 15 6.5586881647320576e+07
15 47 -2.7582079229965966e+00
15 48 -2.7966731916179977e+00
16 16 6.6179648313825727e+07
16 21 -2.4761256150907522e+00
16 56 -3.1144732303621852e+00
17 17 5.9716766288486429e+07
17 23 -2.3996933203267208e+00
17 57 -2.8177004576310294e+00
18 18 6.0675984958725601e+07
18 24 -2.5028966837463504e+00
18 58 -2.8382396134782759e+00
19 10 -2.3031074327241545e+00
19 19 5.6669221932339445e+07
19 22 -2.4885227568266983e+00
19 36 -2.4207810116829207e+00
20 3 -2.2786735924142438e+00
20 13 -2.3749911132945045e+00
20 20 5.6102569485246740e+07
20 23 -2.5587779280797283e+00
21 10 -2.4331851873683039e+00
21 16 -2.4761256150907522e+00
21 21 6.2513240303350754e+07
21 46 -2.6744888709928754e+00
22 19 -2.4885227568266983e+00
22 22 6.0508616870655179e+07
22 59 -2.8389980043077503e+00
23 11 -2.3626839674093665e+00
23 17 -2.3996933203267208e+00
23 20 -2.5587779280797283e+00
23 23 5.8083202449411742e+07
24 12 -2.2832745344416923e+00
24 18 -2.5028966837463504e+00
24 24 5.6058682357686684e+07
24 35 -2.4708027117556712e+00
25 2 -2.1345343528710843e+00
25 4 -2.8835222291002673e+00
25 25 5.7425119216863811e+07
25 33 -2.4006058848514580e+00
26 26 6.7625399835321322e+07
26 31 -2.4853460151788878e+00
26 54 -3.1924062395109836e+00
27 27 5.6974526573147409e+07
27 32 -2.2777833945709589e+00
27 53 -2.7527853908804958e+00
28 28 6.5495374182877555e+07
28 33 -2.6459210517690583e+00
28 55 -3.1255217123221457e+00
29 29 6.2589853897650719e+07
29 34 -2.4560326881906223e+00
29 52 -3.0391560507336557e+00
30 5 -2.2920771868262437e+00
30 13 -2.3531179425814530e+00
30 30 5.6471819869633697e+07
30 32 -2.5644998470315961e+00
31 12 -2.4479652149239715e+00
31 26 -2.4853460151788878e+00
31 31 6.2333988523778528e+07
31 49 -2.6331263303143300e+00
32 11 -2.4301637562186622e+00
32 27 -2.2777833945709589e+00
32 30 -2.5644998470315961e+00
32 32 5.6445809085631579e+07
33 14 -2.0249652313082049e+00
33 25 -2.4006058848514580e+00
33 28 -2.6459210517690583e+00
33 33 5.0747237887413032e+07
34 2 -2.4055218872313899e+00
34 14 -2.1523015087800759e+00
34 29 -2.4560326881906223e+00
34 34 5.2825122120015569e+07
35 6 -2.1797232722193689e+00
35 24 -2.4708027117556712e+00
35 35 5.2345509756477177e+07
35 65 -2.8207627277170348e+00
36 7 -2.2093967885639296e+00
36 19 -2.4207810116829207e+00
36 36 5.5744289354467049e+07
36 66 -2.9765311547674944e+00
37 37 5.2502062286708526e+07
37 41 -3.0924356090178704e+00
37 54 -1.7915946356377210e+00
38 38 5.2474502291762464e+07
38 42 -3.0921503246146740e+00
38 53 -1.9120917569526266e+00
39 39 5.2314220950331673e+07
39 40 -3.0921502111250216e+00
39 55 -1.8047602578200781e+00
40 39 -3.0921502111250216e+00
40 40 5.2474403029845402e+07
40 58 -1.9110237171904583e+00
41 37 -3.0924356090178704e+00
41 41 5.2501679847954094e+07
41 57 -1.9100257777986303e+00
42 38 -3.0921503246146740e+00
42 42 5.2314220359100819e+07
42 56 -1.8196216810715864e+00
43 43 5.2288916672416635e+07
43 44 -3.0918684483859820e+00
43 59 -1.9103702185998559e+00
44 43 -3.0918684483859820e+00
44 44 5.2288911847417317e+07
44 52 -1.8180539296926517e+00
45 1 -2.3378181806468494e+00
45 45 5.7346944936058618e+07
45 51 -2.7545104744345088e+00
45 64 -2.1477129630974532e+00
46 9 -2.7118414555566583e+00
46 21 -2.6744888709928754e+00
46 46 4.9823017924928091e+07
46 66 -1.9352698461042241e+00
47 8 -1.8423749349517426e+00
47 15 -2.7582079229965966e+00
47 47 5.1774715096004464e+07
47 50 -2.7278512420579242e+00
48 9 -1.8414736180836584e+00
48 15 -2.7966731916179977e+00
48 48 5.4466756854490921e+07
48 51 -2.7934580935713740e+00
49 8 -2.6305651746355654e+00
49 31 -2.6331263303143300e+00
49 49 4.9385997447804250e+07
49 65 -2.0453512254197737e+00
50 47 -2.7278512420579242e+00
50 50 5.0766999802627429e+07
50 64 -3.0863735563127421e+00
50 65 -1.9767750964708370e+00
51 45 -2.7545104744345088e+00
51 48 -2.7934580935713740e+00
51 51 5.1822297870002963e+07
51 66 -1.9741676543442939e+00
52 29 -3.0391560507336557e+00
52 44 -1.8180539296926517e+00
52 52 4.7355991531326152e+07
52 60 -2.4214111380898955e+00
53 27 -2.7527853908804958e+00
53 38 -1.9120917569526266e+00
53 53 4.2845388278841056e+07
53 61 -2.1662835759222259e+00
54 26 -3.1924062395109836e+00
54 37 -1.7915946356377210e+00
54 54 4.8272311141547404e+07
54 62 -2.4229493399095388e+00
55 28 -3.1255217123221457e+00
55 39 -1.8047602578200781e+00
55 55 4.7733291329477437e+07
55 63 -2.4224325013268211e+00
56 16 -3.1144732303621852e+00
56 42 -1.8196216810715864e+00
56 56 4.6717636300483763e+07
56 61 -2.3151949142516441e+00
57 17 -2.8177004576310294e+00
57 41 -1.9100257777986303e+00
57 57 4.2615356195764668e+07
57 62 -2.0979090362429536e+00
58 18 -2.8382396134782759e+00
58 40 -1.9110237171904583e+00
58 58 4.2422641824481040e+07
58 63 -2.0780490568303192e+00
59 22 -2.8389980043077503e+00
59 43 -1.9103702185998559e+00
59 59 4.2407566135204539e+07
59 60 -2.0655010483421137e+00
60 7 -2.7020871573325849e+00
60 52 -2.4214111380898955e+00
60 59 -2.0655010483421137e+00
60 60 4.5654344474348143e+07
61 5 -2.6455325539844208e+00
61 53 -2.1662835759222259e+00
61 56 -2.3151949142516441e+00
61 61 4.5854111503352329e+07
62 3 -2.5441949595994715e+00
62 54 -2.4229493399095388e+00
62 57 -2.0979090362429536e+00
62 62 4.5357831426232204e+07
63 6 -2.6481642067561566e+00
63 55 -2.4224325013268211e+00
63 58 -2.0780490568303192e+00
63 63 4.4881388468376599e+07
64 4 -1.9990022884736622e+00
64 45 -2.1477129630974532e+00
64 50 -3.0863735563127421e+00
64 64 5.0885110089183107e+07
65 35 -2.8207627277170348e+00
65 49 -2.0453512254197737e+00
65 50 -1.9767750964708370e+00
65 65 4.2247988038087390e+07
66 36 -2.9765311547674944e+00
66 46 -1.9352698461042241e+00
66 51 -1.9741676543442939e+00
66 66 4.2647055717681661e+07
