%%MatrixMarket matrix coordinate real general
66 66 244
1 1 7.3652398623270482e+07
1 2 -3.4409521617799581e+00
1 7 -2.5115675356814950e+00
1 45 -2.3378181676861520e+00
2 1 -3.4409521617799581e+00
2 2 6.3790876941905558e+07
2 25 -2.1345342160123653e+00
2 34 -2.4055213688744290e+00
3 3 5.7928037889386602e+07
3 8 -3.0727526263361100e+00
3 20 -2.2786805053457666e+00
3 62 -2.5442096543907149e+00
4 4 5.7164389013194807e+07
4 6 -2.7976472605792093e+00
4 25 -2.8835222841493087e+00
4 64 -1.9990024054789515e+00
5 5 6.0887332184495024e+07
5 9 -3.0412504843295367e+00
5 30 -2.2920834590346466e+00
5 61 -2.6455406988604655e+00
6 4 -2.7976472605792093e+00
6 6 5.4594269278338321e+07
6 35 -2.1797292775964898e+00
6 63 -2.6481723307904765e+00
7 1 -2.5115675356814950e+00
7 7 5.8590305382837050e+07
7 36 -2.2093966934966884e+00
7 60 -2.7020869266513365e+00
8 3 -3.0727526263361100e+00
8 8 5.1216841567261644e+07
8 47 -1.8423756666356146e+00
8 49 -2.6305716830168460e+00
9 5 -3.0412504843295367e+00
9 9 5.3969270498215102e+07
9 46 -2.7118415463419132e+00
9 48 -1.8414737297178461e+00
10 10 5.8803073142351910e+07
10 19 -2.3031063403249883e+00
10 21 -2.4331841274467298e+00
11 11 5.8703077344173722e+07
11 23 -2.3627736981865133e+00
11 32 -2.4302575544432825e+00
12 12 5.8713810404774472e+07
12 24 -2.2833617006169034e+00
12 31 -2.4480536117148919e+00
13 13 5.7099131942667335e+07
13 15 -2.4518463185437622e+00
13 20 -2.3749974198958728e+00
13 30 -2.3531243516217129e+00
14 14 4.7275851328232691e+07
14 33 -2.0249642400319798e+00
14 34 -2.1523004142078648e+00
15 13 -2.4518463185437622e+00
15 15 6.5587001137914084e+07
15 47 -2.7582081078809235e+00
15 48 -2.7966733155245214e+00
16 16 6.6179333956692599e+07
16 21 -2.4761250143911373e+00
16 56 -3.1144762783576976e+00
17 17 5.9778635716871582e+07
17 23 -2.3997844008569333e+00
17 57 -2.8178236774121537e+00
18 18 6.0737502221987702e+07
18 24 -2.5029915436594106e+00
18 58 -2.8383581255608843e+00
19 10 -2.3031063403249883e+00
19 19 5.6668699623748034e+07
19 22 -2.4885215707024280e+00
19 36 -2.4207804926489853e+00
20 3 -2.2786805053457666e+00
20 13 -2.3749974198958728e+00
20 20 5.6108834181568995e+07
20 23 -2.5588166074192333e+00
21 10 -2.4331841274467298e+00
21 16 -2.4761250143911373e+00
21 21 6.2512766973466165e+07
21 46 -2.6744883673995994e+00
22 19 -2.4885215707024280e+00
22 22 6.0507731266966276e+07
22 59 -2.8389964624853086e+00
23 11 -2.3627736981865133e+00
23 17 -2.3997844008569333e+00
23 20 -2.5588166074192333e+00
23 23 5.8120707676411740e+07
24 12 -2.2833617006169034e+00
24 18 -2.5029915436594106e+00
24 24 5.6095380240881234e+07
24 35 -2.4708410139404173e+00
25 2 -2.1345342160123653e+00
25 4 -2.8835222841493087e+00
25 25 5.7425030341794722e+07
25 33 -2.4006053859812244e+00
26 26 6.7688376817202941e+07
26 31 -2.4854311885471123e+00
26 54 -3.1925289856424319e+00
27 27 5.7034702943006203e+07
27 32 -2.2778721606698267e+00
27 53 -2.7529041890656414e+00
28 28 6.5495036443365708e+07
28 33 -2.6459203182184714e+00
28 55 -3.1255247128778354e+00
29 29 6.2588954986619040e+07
29 34 -2.4560314687437375e+00
29 52 -3.0391544791424936e+00
30 5 -2.2920834590346466e+00
30 13 -2.3531243516217129e+00
30 30 5.6478309569951490e+07
30 32 -2.5645394917286102e+00
31 12 -2.4480536117148919e+00
31 26 -2.4854311885471123e+00
31 31 6.2370355760635860e+07
31 49 -2.6331650399190827e+00
32 11 -2.4302575544432825e+00
32 27 -2.2778721606698267e+00
32 30 -2.5645394917286102e+00
32 32 5.6483585076750427e+07
33 14 -2.0249642400319798e+00
33 25 -2.4006053859812244e+00
33 28 -2.6459203182184714e+00
33 33 5.0746763263105944e+07
34 2 -2.4055213688744290e+00
34 14 -2.1523004142078648e+00
34 29 -2.4560314687437375e+00
34 34 5.2824575634914085e+07
35 6 -2.1797292775964898e+00
35 24 -2.4708410139404173e+00
35 35 5.2351442987495318e+07
35 65 -2.8207712338010844e+00
36 7 -2.2093966934966884e+00
36 19 -2.4207804926489853e+00
36 36 5.5744203288638242e+07
36 66 -2.9765310308734971e+00
37 37 5.2576716926357724e+07
37 41 -3.0926389665320171e+00
37 54 -1.7916806814037458e+00
38 38 5.2526184894467935e+07
38 42 -3.0922492203795753e+00
38 53 -1.9121712517976639e+00
39 39 5.2333395515065849e+07
39 40 -3.0922489107430962e+00
39 55 -1.8047758394292834e+00
40 39 -3.0922489107430962e+00
40 40 5.2525923821018174e+07
40 58 -1.9111022624099974e+00
41 37 -3.0926389665320171e+00
41 41 5.2576527365041718e+07
41 57 -1.9101243736174629e+00
42 38 -3.0922492203795753e+00
42 42 5.2333407313002273e+07
42 56 -1.8196375436226218e+00
43 43 5.2287894171574481e+07
43 44 -3.0918660492589756e+00
43 59 -1.9103689866761833e+00
44 43 -3.0918660492589756e+00
44 44 5.2287890266251236e+07
44 52 -1.8180528079371838e+00
45 1 -2.3378181676861520e+00
45 45 5.7346944853833511e+07
45 51 -2.7545104738195572e+00
45 64 -2.1477129779365436e+00
46 9 -2.7118415463419132e+00
46 21 -2.6744883673995994e+00
46 46 4.9822953656624317e+07
46 66 -1.9352697791039626e+00
47 8 -1.8423756666356146e+00
47 15 -2.7582081078809235e+00
47 47 5.1774794249800712e+07
47 50 -2.7278514519383510e+00
48 9 -1.8414737297178461e+00
48 15 -2.7966733155245214e+00
48 48 5.4466772427264646e+07
48 51 -2.7934581093338218e+00
49 8 -2.6305716830168460e+00
49 31 -2.6331650399190827e+00
49 49 4.9391415925837092e+07
49 65 -2.0453571009729470e+00
50 47 -2.7278514519383510e+00
50 50 5.0767119796023868e+07
50 64 -3.0863737246524643e+00
50 65 -1.9767762885797426e+00
51 45 -2.7545104738195572e+00
51 48 -2.7934581093338218e+00
51 51 5.1822297341308266e+07
51 66 -1.9741676392913650e+00
52 29 -3.0391544791424936e+00
52 44 -1.8180528079371838e+00
52 52 4.7355456866564870e+07
52 60 -2.4214103854863627e+00
53 27 -2.7529041890656414e+00
53 38 -1.9121712517976639e+00
53 53 4.2880150058142185e+07
53 61 -2.1663238040013502e+00
54 26 -3.1925289856424319e+00
54 37 -1.7916806814037458e+00
54 54 4.8308861366241202e+07
54 62 -2.4230006297872828e+00
55 28 -3.1255247128778354e+00
55 39 -1.8047758394292834e+00
55 55 4.7736371175736718e+07
55 63 -2.4224419788417344e+00
56 16 -3.1144762783576976e+00
56 42 -1.8196375436226218e+00
56 56 4.6720743227665365e+07
56 61 -2.3152044807522385e+00
57 17 -2.8178236774121537e+00
57 41 -1.9101243736174629e+00
57 57 4.2652826921296269e+07
57 62 -2.0979567144444649e+00
58 18 -2.8383581255608843e+00
58 40 -1.9111022624099974e+00
58 58 4.2456176822864711e+07
58 63 -2.0780869927984709e+00
59 22 -2.8389964624853086e+00
59 43 -1.9103689866761833e+00
59 59 4.2407042898051508e+07
59 60 -2.0655003820579609e+00
60 7 -2.7020869266513365e+00
60 52 -2.4214103854863627e+00
60 59 -2.0655003820579609e+00
60 60 4.5654157064783901e+07
61 5 -2.6455406988604655e+00
61 53 -2.1663238040013502e+00
61 56 -2.3152044807522385e+00
61 61 4.5860822979468189e+07
62 3 -2.5442096543907149e+00
62 54 -2.4230006297872828e+00
62 57 -2.0979567144444649e+00
62 62 4.5370522451927125e+07
63 6 -2.6481723307904765e+00
63 55 -2.4224419788417344e+00
63 58 -2.0780869927984709e+00
63 63 4.4887616711243927e+07
64 4 -1.9990024054789515e+00
64 45 -2.1477129779365436e+00
64 50 -3.0863737246524643e+00
64 64 5.0885128801581226e+07
65 35 -2.8207712338010844e+00
65 49 -2.0453571009729470e+00
65 50 -1.9767762885797426e+00
65 65 4.2249273790990435e+07
66 36 -2.9765310308734971e+00
66 46 -1.9352697791039626e+00
66 51 -1.9741676392913650e+00
66 66 4.2647038464403950e+07
