%%MatrixMarket matrix coordinate real general
66 66 244
1 1 7.3652418305544689e+07
1 2 -3.4409523009812846e+00
1 7 -2.5115675814657856e+00
1 45 -2.3378181817698409e+00
2 1 -3.4409523009812846e+00
2 2 6.3790997555495761e+07
2 25 -2.1345343711657279e+00
2 34 -2.4055219766875213e+00
3 3 5.7925291718982086e+07
3 8 -3.0727484288211873e+00
3 20 -2.2786727864369798e+00
3 62 -2.5441931233019122e+00
4 4 5.7164238335140720e+07
4 6 -2.7976454601794680e+00
4 25 -2.8835222326300523e+00
4 64 -1.9990022814186386e+00
5 5 6.0885513450310536e+07
5 9 -3.0412484219484206e+00
5 30 -2.2920764292556530e+00
5 61 -2.6455315367753878e+00
6 4 -2.7976454601794680e+00
6 6 5.4592582456383020e+07
6 35 -2.1797225460637999e+00
6 63 -2.6481631943377755e+00
7 1 -2.5115675814657856e+00
7 7 5.8590347068283305e+07
7 36 -2.2093967994932235e+00
7 60 -2.7020871859986824e+00
8 3 -3.0727484288211873e+00
8 8 5.1215811195557378e+07
8 47 -1.8423748744843100e+00
8 49 -2.6305643872145081e+00
9 5 -3.0412484219484206e+00
9 9 5.3969111233226910e+07
9 46 -2.7118414553218924e+00
9 48 -1.8414736112493624e+00
10 10 5.8804138552767262e+07
10 19 -2.3031076694748833e+00
10 21 -2.4331854216479560e+00
11 11 5.8627629634675413e+07
11 23 -2.3626647020007865e+00
11 32 -2.4301435910227673e+00
12 12 5.8638933119096071e+07
12 24 -2.2832557471558435e+00
12 31 -2.4479462159740777e+00
13 13 5.7097660213326484e+07
13 15 -2.4518450534148375e+00
13 20 -2.3749903553716765e+00
13 30 -2.3531171635223447e+00
14 14 4.7276777357133903e+07
14 33 -2.0249654657351019e+00
14 34 -2.1523017601288847e+00
15 13 -2.4518450534148375e+00
15 15 6.5586874254460759e+07
15 47 -2.7582079119480909e+00
15 48 -2.7966731842244261e+00
16 16 6.6179799212597072e+07
16 21 -2.4761257970198201e+00
16 56 -3.1144729809922800e+00
17 17 5.9702217766308315e+07
17 23 -2.3996739433498857e+00
17 57 -2.8176741810477526e+00
18 18 6.0661541504988022e+07
18 24 -2.5028765413634457e+00
18 58 -2.8382141541153665e+00
19 10 -2.3031076694748833e+00
19 19 5.6669314305231489e+07
19 22 -2.4885230092630968e+00
19 36 -2.4207810996839618e+00
20 3 -2.2786727864369798e+00
20 13 -2.3749903553716765e+00
20 20 5.6101778657561988e+07
20 23 -2.5587713974137158e+00
21 10 -2.4331854216479560e+00
21 16 -2.4761257970198201e+00
21 21 6.2513327751589611e+07
21 46 -2.6744889616690140e+00
22 19 -2.4885230092630968e+00
22 22 6.0508824216589354e+07
22 59 -2.8389983341029770e+00
23 11 -2.3626647020007865e+00
23 17 -2.3996739433498857e+00
23 20 -2.5587713974137158e+00
23 23 5.8076611374340661e+07
24 12 -2.2832557471558435e+00
24 18 -2.5028765413634457e+00
24 24 5.6052214763444550e+07
24 35 -2.4707962140769664e+00
25 2 -2.1345343711657279e+00
25 4 -2.8835222326300523e+00
25 25 5.7425131837105207e+07
25 33 -2.4006059773957396e+00
26 26 6.7611128911564231e+07
26 31 -2.4853283523753515e+00
26 54 -3.1923808086812224e+00
27 27 5.6960081168415032e+07
27 32 -2.2777643417047577e+00
27 53 -2.7527595565910867e+00
28 28 6.5495527197135247e+07
28 33 -2.6459212727713961e+00
28 55 -3.1255214686662516e+00
29 29 6.2590061376970537e+07
29 34 -2.4560329470851134e+00
29 52 -3.0391563819499865e+00
30 5 -2.2920764292556530e+00
30 13 -2.3531171635223447e+00
30 30 5.6470991307965003e+07
30 32 -2.5644931122266876e+00
31 12 -2.4479462159740777e+00
31 26 -2.4853283523753515e+00
31 31 6.2327677260491662e+07
31 49 -2.6331198276778496e+00
32 11 -2.4301435910227673e+00
32 27 -2.2777643417047577e+00
32 30 -2.5644931122266876e+00
32 32 5.6439121408013046e+07
33 14 -2.0249654657351019e+00
33 25 -2.4006059773957396e+00
33 28 -2.6459212727713961e+00
33 33 5.0747329757036366e+07
34 2 -2.4055219766875213e+00
34 14 -2.1523017601288847e+00
34 29 -2.4560329470851134e+00
34 34 5.2825221713588513e+07
35 6 -2.1797225460637999e+00
35 24 -2.4707962140769664e+00
35 35 5.2344751322944872e+07
35 65 -2.8207616910258992e+00
36 7 -2.2093967994932235e+00
36 19 -2.4207810996839618e+00
36 36 5.5744300157190166e+07
36 66 -2.9765311696792791e+00
37 37 5.2484466690892771e+07
37 41 -3.0923882466919523e+00
37 54 -1.7915761310607379e+00
38 38 5.2461309868888415e+07
38 42 -3.0921271642555115e+00
38 53 -1.9120739973593637e+00
39 39 5.2310494904726058e+07
39 40 -3.0921270802170269e+00
39 55 -1.8047573773413934e+00
40 39 -3.0921270802170269e+00
40 40 5.2461235172866523e+07
40 58 -1.9110061844754260e+00
41 37 -3.0923882466919523e+00
41 41 5.2484095568761215e+07
41 57 -1.9100045233123093e+00
42 38 -3.0921271642555115e+00
42 42 5.2310493757997163e+07
42 56 -1.8196187517022950e+00
43 43 5.2289160919633858e+07
43 44 -3.0918690217545852e+00
43 59 -1.9103704874769196e+00
44 43 -3.0918690217545852e+00
44 44 5.2289156355894826e+07
44 52 -1.8180541736638500e+00
45 1 -2.3378181817698409e+00
45 45 5.7346944971887372e+07
45 51 -2.7545104745444484e+00
45 64 -2.1477129624762576e+00
46 9 -2.7118414553218924e+00
46 21 -2.6744889616690140e+00
46 46 4.9823027341761112e+07
46 66 -1.9352698551639982e+00
47 8 -1.8423748744843100e+00
47 15 -2.7582079119480909e+00
47 47 5.1774710614824653e+07
47 50 -2.7278512292370576e+00
48 9 -1.8414736112493624e+00
48 15 -2.7966731842244261e+00
48 48 5.4466756183546245e+07
48 51 -2.7934580929450279e+00
49 8 -2.6305643872145081e+00
49 31 -2.6331198276778496e+00
49 49 4.9385308122688957e+07
49 65 -2.0453505158846501e+00
50 47 -2.7278512292370576e+00
50 50 5.0766992118261263e+07
50 64 -3.0863735459876067e+00
50 65 -1.9767749886230255e+00
51 45 -2.7545104745444484e+00
51 48 -2.7934580929450279e+00
51 51 5.1822297943751588e+07
51 66 -1.9741676557880685e+00
52 29 -3.0391563819499865e+00
52 44 -1.8180541736638500e+00
52 52 4.7356086353955545e+07
52 60 -2.4214112627773750e+00
53 27 -2.7527595565910867e+00
53 38 -1.9120739973593637e+00
53 53 4.2838993788968615e+07
53 61 -2.1662765458031235e+00
54 26 -3.1923808086812224e+00
54 37 -1.7915761310607379e+00
54 54 4.8265922895111047e+07
54 62 -2.4229409368459640e+00
55 28 -3.1255214686662516e+00
55 39 -1.8047573773413934e+00
55 55 4.7732916359122850e+07
55 63 -2.4224312803773813e+00
56 16 -3.1144729809922800e+00
56 42 -1.8196187517022950e+00
56 56 4.6717257318902381e+07
56 61 -2.3151936764910204e+00
57 17 -2.8176741810477526e+00
57 41 -1.9100045233123093e+00
57 57 4.2608675812419787e+07
57 62 -2.0979011127740450e+00
58 18 -2.8382141541153665e+00
58 40 -1.9110061844754260e+00
58 58 4.2416505840887971e+07
58 63 -2.0780424636399810e+00
59 22 -2.8389983341029770e+00
59 43 -1.9103704874769196e+00
59 59 4.2407660229340240e+07
59 60 -2.0655011597674702e+00
60 7 -2.7020871859986824e+00
60 52 -2.4214112627773750e+00
60 59 -2.0655011597674702e+00
60 60 4.5654369039381422e+07
61 5 -2.6455315367753878e+00
61 53 -2.1662765458031235e+00
61 56 -2.3151936764910204e+00
61 61 4.5853222078881457e+07
62 3 -2.5441931233019122e+00
62 54 -2.4229409368459640e+00
62 57 -2.0979011127740450e+00
62 62 4.5356165355614178e+07
63 6 -2.6481631943377755e+00
63 55 -2.4224312803773813e+00
63 58 -2.0780424636399810e+00
63 63 4.4880565801173680e+07
64 4 -1.9990022814186386e+00
64 45 -2.1477129624762576e+00
64 50 -3.0863735459876067e+00
64 64 5.0885109274233110e+07
65 35 -2.8207616910258992e+00
65 49 -2.0453505158846501e+00
65 50 -1.9767749886230255e+00
65 65 4.2247868678276248e+07
66 36 -2.9765311696792791e+00
66 46 -1.9352698551639982e+00
66 51 -1.9741676557880685e+00
66 66 4.2647057350436032e+07
