%%MatrixMarket matrix coordinate real general
66 66 244
1 1 7.3652421061995700e+07
1 2 -3.4409523392332582e+00
1 7 -2.5115675884003594e+00
1 45 -2.3378181837679102e+00
2 1 -3.4409523392332582e+00
2 2 6.3791033353348121e+07
2 25 -2.1345344201227086e+00
2 34 -2.4055223279964300e+00
3 3 5.7924855797971629e+07
3 8 -3.0727477841012645e+00
3 20 -2.2786708005672898e+00
3 62 -2.5441883255642939e+00
4 4 5.7164226424443930e+07
4 6 -2.7976451805822662e+00
4 25 -2.8835222546222736e+00
4 64 -1.9990022721129606e+00
5 5 6.0885220537588768e+07
5 9 -3.0412481031534599e+00
5 30 -2.2920745100160884e+00
5 61 -2.6455288853292958e+00
6 4 -2.7976451805822662e+00
6 6 5.4592308884367116e+07
6 35 -2.1797207038733619e+00
6 63 -2.6481605612651835e+00
7 1 -2.5115675884003594e+00
7 7 5.8590353615324087e+07
7 36 -2.2093968261619881e+00
7 60 -2.7020872603274730e+00
8 3 -3.0727477841012645e+00
8 8 5.1215667392879501e+07
8 47 -1.8423747680095703e+00
8 49 -2.6305623754248564e+00
9 5 -3.0412481031534599e+00
9 9 5.3969098419865765e+07
9 46 -2.7118414684573304e+00
9 48 -1.8414736021176072e+00
10 10 5.8805513256588846e+07
10 19 -2.3031090484589640e+00
10 21 -2.4331867960775715e+00
11 11 5.8531635278099068e+07
11 23 -2.3625539550135741e+00
11 32 -2.4300276319059404e+00
12 12 5.8543136417063087e+07
12 24 -2.2831474292896283e+00
12 31 -2.4478368566440420e+00
13 13 5.7097431699829645e+07
13 15 -2.4518448644504995e+00
13 20 -2.3749884359350970e+00
13 30 -2.3531151751704287e+00
14 14 4.7278211799113534e+07
14 33 -2.0249669641529775e+00
14 34 -2.1523033475053692e+00
15 13 -2.4518448644504995e+00
15 15 6.5586864123315401e+07
15 47 -2.7582078971044837e+00
15 48 -2.7966731742872506e+00
16 16 6.6180994745889232e+07
16 21 -2.4761269792562062e+00
16 56 -3.1144733064399124e+00
17 17 5.9607661985965684e+07
17 23 -2.3995638435090623e+00
17 57 -2.8175244376454889e+00
18 18 6.0567879231823884e+07
18 24 -2.5027618757602261e+00
18 58 -2.8380672696060709e+00
19 10 -2.3031090484589640e+00
19 19 5.6669683942992844e+07
19 22 -2.4885244574222152e+00
19 36 -2.4207814390502636e+00
20 3 -2.2786708005672898e+00
20 13 -2.3749884359350970e+00
20 20 5.6099696660012715e+07
20 23 -2.5587462623481283e+00
21 10 -2.4331867960775715e+00
21 16 -2.4761269792562062e+00
21 21 6.2513680645089626e+07
21 46 -2.6744893159748453e+00
22 19 -2.4885244574222152e+00
22 22 6.0510174639207296e+07
22 59 -2.8390002294827488e+00
23 11 -2.3625539550135741e+00
23 17 -2.3995638435090623e+00
23 20 -2.5587462623481283e+00
23 23 5.8050265798500173e+07
24 12 -2.2831474292896283e+00
24 18 -2.5027618757602261e+00
24 24 5.6026304028494373e+07
24 35 -2.4707711074485630e+00
25 2 -2.1345344201227086e+00
25 4 -2.8835222546222736e+00
25 25 5.7425166258486189e+07
25 33 -2.4006063509076103e+00
26 26 6.7522132292812660e+07
26 31 -2.4852310574989480e+00
26 54 -3.1922403544744413e+00
27 27 5.6863904370911524e+07
27 32 -2.2776535599584276e+00
27 53 -2.7526075282122671e+00
28 28 6.5496727442712285e+07
28 33 -2.6459227044731848e+00
28 55 -3.1255218097342419e+00
29 29 6.2591391119743712e+07
29 34 -2.4560344126070022e+00
29 52 -3.0391582549795499e+00
30 5 -2.2920745100160884e+00
30 13 -2.3531151751704287e+00
30 30 5.6468795090430140e+07
30 32 -2.5644670083978478e+00
31 12 -2.4478368566440420e+00
31 26 -2.4852310574989480e+00
31 31 6.2302785656786479e+07
31 49 -2.6330951145502532e+00
32 11 -2.4300276319059404e+00
32 27 -2.2776535599584276e+00
32 30 -2.5644670083978478e+00
32 32 5.6412204421425492e+07
33 14 -2.0249669641529775e+00
33 25 -2.4006063509076103e+00
33 28 -2.6459227044731848e+00
33 33 5.0747716861046687e+07
34 2 -2.4055223279964300e+00
34 14 -2.1523033475053692e+00
34 29 -2.4560344126070022e+00
34 34 5.2825631994875133e+07
35 6 -2.1797207038733619e+00
35 24 -2.4707711074485630e+00
35 35 5.2342737168161519e+07
35 65 -2.8207590422392301e+00
36 7 -2.2093968261619881e+00
36 19 -2.4207814390502636e+00
36 36 5.5744328491277456e+07
36 66 -2.9765312073676982e+00
37 37 5.2372666950319320e+07
37 41 -3.0920902093070550e+00
37 54 -1.7914701436998879e+00
38 38 5.2368564040320270e+07
38 42 -3.0919813043270286e+00
38 53 -1.9119667869018129e+00
39 39 5.2294617792746402e+07
39 40 -3.0919812993344586e+00
39 55 -1.8047457284276043e+00
40 39 -3.0919812993344586e+00
40 40 5.2368559558094524e+07
40 58 -1.9109000446754463e+00
41 37 -3.0920902093070550e+00
41 41 5.2372549334427878e+07
41 57 -1.9098828240453412e+00
42 38 -3.0919813043270286e+00
42 42 5.2294617608895294e+07
42 56 -1.8196069139181255e+00
43 43 5.2290740191362970e+07
43 44 -3.0918727282133407e+00
43 59 -1.9103720404044056e+00
44 43 -3.0918727282133407e+00
44 44 5.2290738805185616e+07
44 52 -1.8180555805905629e+00
45 1 -2.3378181837679102e+00
45 45 5.7346945025029846e+07
45 51 -2.7545104747241158e+00
45 64 -2.1477129618283035e+00
46 9 -2.7118414684573304e+00
46 21 -2.6744893159748453e+00
46 46 4.9823053241259091e+07
46 66 -1.9352698789011746e+00
47 8 -1.8423747680095703e+00
47 15 -2.7582078971044837e+00
47 47 5.1774704790440887e+07
47 50 -2.7278512118041855e+00
48 9 -1.8414736021176072e+00
48 15 -2.7966731742872506e+00
48 48 5.4466755473214217e+07
48 51 -2.7934580923313677e+00
49 8 -2.6305623754248564e+00
49 31 -2.6330951145502532e+00
49 49 4.9383485094021238e+07
49 65 -2.0453487176440990e+00
50 47 -2.7278512118041855e+00
50 50 5.0766981400275111e+07
50 64 -3.0863735319086962e+00
50 65 -1.9767747873302783e+00
51 45 -2.7545104747241158e+00
51 48 -2.7934580923313677e+00
51 51 5.1822298069593869e+07
51 66 -1.9741676585137855e+00
52 29 -3.0391582549795499e+00
52 44 -1.8180555805905629e+00
52 52 4.7356467514483429e+07
52 60 -2.4214117310652994e+00
53 27 -2.7526075282122671e+00
53 38 -1.9119667869018129e+00
53 53 4.2812266847594894e+07
53 61 -2.1662482959162936e+00
54 26 -3.1922403544744413e+00
54 37 -1.7914701436998879e+00
54 54 4.8240412046451010e+07
54 62 -2.4229093622628977e+00
55 28 -3.1255218097342419e+00
55 39 -1.8047457284276043e+00
55 55 4.7732031648199625e+07
55 63 -2.4224280996695269e+00
56 16 -3.1144733064399124e+00
56 42 -1.8196069139181255e+00
56 56 4.6716360477475807e+07
56 61 -2.3151904358970712e+00
57 17 -2.8175244376454889e+00
57 41 -1.9098828240453412e+00
57 57 4.2581539027361341e+07
57 62 -2.0978709452835358e+00
58 18 -2.8380672696060709e+00
58 40 -1.9109000446754463e+00
58 58 4.2390938115603350e+07
58 63 -2.0780159179997768e+00
59 22 -2.8390002294827488e+00
59 43 -1.9103720404044056e+00
59 59 4.2408042903238967e+07
59 60 -2.0655015820115969e+00
60 7 -2.7020872603274730e+00
60 52 -2.4214117310652994e+00
60 59 -2.0655015820115969e+00
60 60 4.5654435264229253e+07
61 5 -2.6455288853292958e+00
61 53 -2.1662482959162936e+00
61 56 -2.3151904358970712e+00
61 61 4.5850795592469074e+07
62 3 -2.5441883255642939e+00
62 54 -2.4229093622628977e+00
62 57 -2.0978709452835358e+00
62 62 4.5351653865926780e+07
63 6 -2.6481605612651835e+00
63 55 -2.4224280996695269e+00
63 58 -2.0780159179997768e+00
63 63 4.4878327081830017e+07
64 4 -1.9990022721129606e+00
64 45 -2.1477129618283035e+00
64 50 -3.0863735319086962e+00
64 64 5.0885108408784382e+07
65 35 -2.8207590422392301e+00
65 49 -2.0453487176440990e+00
65 50 -1.9767747873302783e+00
65 65 4.2247642371738404e+07
66 36 -2.9765312073676982e+00
66 46 -1.9352698789011746e+00
66 51 -1.9741676585137855e+00
66 66 4.2647060445766769e+07
