%%MatrixMarket matrix coordinate real general
66 66 244
1 1 7.3652421097664654e+07
1 2 -3.4409523405010445e+00
1 7 -2.5115675884995561e+00
1 45 -2.3378181837920797e+00
2 1 -3.4409523405010445e+00
2 2 6.3791034595497467e+07
2 25 -2.1345344218420275e+00
2 34 -2.4055223556624981e+00
3 3 5.7924849378878012e+07
3 8 -3.0727477748436485e+00
3 20 -2.2786707380287812e+00
3 62 -2.5441881604362431e+00
4 4 5.7164226371285342e+07
4 6 -2.7976451765265091e+00
4 25 -2.8835222557780704e+00
4 64 -1.9990022720736729e+00
5 5 6.0885216180380307e+07
5 9 -3.0412480985499304e+00
5 30 -2.2920744468770704e+00
5 61 -2.6455287943473644e+00
6 4 -2.7976451765265091e+00
6 6 5.4592304793533206e+07
6 35 -2.1797206430931801e+00
6 63 -2.6481604712303271e+00
7 1 -2.5115675884995561e+00
7 7 5.8590353712880395e+07
7 36 -2.2093968269885225e+00
7 60 -2.7020872628552191e+00
8 3 -3.0727477748436485e+00
8 8 5.1215665486499280e+07
8 47 -1.8423747666313213e+00
8 49 -2.6305623078658473e+00
9 5 -3.0412480985499304e+00
9 9 5.3969098360846989e+07
9 46 -2.7118414693463908e+00
9 48 -1.8414736020759750e+00
10 10 5.8805753167702153e+07
10 19 -2.3031092614388724e+00
10 21 -2.4331870093215122e+00
11 11 5.8515050078854233e+07
11 23 -2.3625369761540753e+00
11 32 -2.4300098787022542e+00
12 12 5.8526573308340967e+07
12 24 -2.2831307902408473e+00
12 31 -2.4478200176560447e+00
13 13 5.7097428383208640e+07
13 15 -2.4518448617807884e+00
13 20 -2.3749883725780649e+00
13 30 -2.3531151088449498e+00
14 14 4.7278486335119002e+07
14 33 -2.0249672169454791e+00
14 34 -2.1523036137622871e+00
15 13 -2.4518448617807884e+00
15 15 6.5586864068578273e+07
15 47 -2.7582078970256960e+00
15 48 -2.7966731742346855e+00
16 16 6.6181211817270257e+07
16 21 -2.4761271665435043e+00
16 56 -3.1144735262855812e+00
17 17 5.9591399573814653e+07
17 23 -2.3995470278336986e+00
17 57 -2.8175015832299146e+00
18 18 6.0551820640703239e+07
18 24 -2.5027443815443635e+00
18 58 -2.8380447365230967e+00
19 10 -2.3031092614388724e+00
19 19 5.6669713588337988e+07
19 22 -2.4885246788309066e+00
19 36 -2.4207814651634565e+00
20 3 -2.2786707380287812e+00
20 13 -2.3749883725780649e+00
20 20 5.6099623763633035e+07
20 23 -2.5587443181573617e+00
21 10 -2.4331870093215122e+00
21 16 -2.4761271665435043e+00
21 21 6.2513708851371452e+07
21 46 -2.6744893431992729e+00
22 19 -2.4885246788309066e+00
22 22 6.0510408092537865e+07
22 59 -2.8390005188710310e+00
23 11 -2.3625369761540753e+00
23 17 -2.3995470278336986e+00
23 20 -2.5587443181573617e+00
23 23 5.8048144090947121e+07
24 12 -2.2831307902408473e+00
24 18 -2.5027443815443635e+00
24 24 5.6024213224892139e+07
24 35 -2.4707691599777450e+00
25 2 -2.1345344218420275e+00
25 4 -2.8835222557780704e+00
25 25 5.7425167483271018e+07
25 33 -2.4006063808057299e+00
26 26 6.7507358315042287e+07
26 31 -2.4852166465723449e+00
26 54 -3.1922195943516916e+00
27 27 5.6847110791258074e+07
27 32 -2.2776364822636297e+00
27 53 -2.7525839711357496e+00
28 28 6.5496945222150743e+07
28 33 -2.6459229300671701e+00
28 55 -3.1255220308215286e+00
29 29 6.2591618017600007e+07
29 34 -2.4560346321009066e+00
29 52 -3.0391585368082241e+00
30 5 -2.2920744468770704e+00
30 13 -2.3531151088449498e+00
30 30 5.6468717579653546e+07
30 32 -2.5644649777109167e+00
31 12 -2.4478200176560447e+00
31 26 -2.4852166465723449e+00
31 31 6.2300809720078945e+07
31 49 -2.6330932226349009e+00
32 11 -2.4300098787022542e+00
32 27 -2.2776364822636297e+00
32 30 -2.5644649777109167e+00
32 32 5.6410020987193607e+07
33 14 -2.0249672169454791e+00
33 25 -2.4006063808057299e+00
33 28 -2.6459229300671701e+00
33 33 5.0747749358014636e+07
34 2 -2.4055223556624981e+00
34 14 -2.1523036137622871e+00
34 29 -2.4560346321009066e+00
34 34 5.2825666017384179e+07
35 6 -2.1797206430931801e+00
35 24 -2.4707691599777450e+00
35 35 5.2342665803265505e+07
35 65 -2.8207589538019082e+00
36 7 -2.2093968269885225e+00
36 19 -2.4207814651634565e+00
36 36 5.5744329475313321e+07
36 66 -2.9765312086017910e+00
37 37 5.2354114546175204e+07
37 41 -3.0920408062425113e+00
37 54 -1.7914541451848067e+00
38 38 5.2351678126324594e+07
38 42 -3.0919570149064959e+00
38 53 -1.9119496421190028e+00
39 39 5.2293322347204305e+07
39 40 -3.0919570128308753e+00
39 55 -1.8047448137545095e+00
40 39 -3.0919570128308753e+00
40 40 5.2351676271864176e+07
40 58 -1.9108830313785141e+00
41 37 -3.0920408062425113e+00
41 41 5.2354040401715614e+07
41 57 -1.9098644873011590e+00
42 38 -3.0919570149064959e+00
42 42 5.2293322302001745e+07
42 56 -1.8196059850495876e+00
43 43 5.2291007390817337e+07
43 44 -3.0918733548010096e+00
43 59 -1.9103722756190733e+00
44 43 -3.0918733548010096e+00
44 44 5.2291006485842228e+07
44 52 -1.8180557936337787e+00
45 1 -2.3378181837920797e+00
45 45 5.7346945023315683e+07
45 51 -2.7545104747246194e+00
45 64 -2.1477129618263122e+00
46 9 -2.7118414693463908e+00
46 21 -2.6744893431992729e+00
46 46 4.9823054169355243e+07
46 66 -1.9352698796960974e+00
47 8 -1.8423747666313213e+00
47 15 -2.7582078970256960e+00
47 47 5.1774704760474153e+07
47 50 -2.7278512117083529e+00
48 9 -1.8414736020759750e+00
48 15 -2.7966731742346855e+00
48 48 5.4466755470582224e+07
48 51 -2.7934580923308721e+00
49 8 -2.6305623078658473e+00
49 31 -2.6330932226349009e+00
49 49 4.9383420915843099e+07
49 65 -2.0453486584061569e+00
50 47 -2.7278512117083529e+00
50 50 5.0766981339299753e+07
50 64 -3.0863735318334706e+00
50 65 -1.9767747844147985e+00
51 45 -2.7545104747246194e+00
51 48 -2.7934580923308721e+00
51 51 5.1822298071777843e+07
51 66 -1.9741676585537677e+00
52 29 -3.0391585368082241e+00
52 44 -1.8180557936337787e+00
52 52 4.7356498288886890e+07
52 60 -2.4214117658715963e+00
53 27 -2.7525839711357496e+00
53 38 -1.9119496421190028e+00
53 53 4.2810006814014204e+07
53 61 -2.1662460158089405e+00
54 26 -3.1922195943516916e+00
54 37 -1.7914541451848067e+00
54 54 4.8238361003489330e+07
54 62 -2.4229070144932030e+00
55 28 -3.1255220308215286e+00
55 39 -1.8047448137545095e+00
55 55 4.7732016441298887e+07
55 63 -2.4224280017155677e+00
56 16 -3.1144735262855812e+00
56 42 -1.8196059850495876e+00
56 56 4.6716344692288309e+07
56 61 -2.3151903344881903e+00
57 17 -2.8175015832299146e+00
57 41 -1.9098644873011590e+00
57 57 4.2579312825128585e+07
57 62 -2.0978686584259711e+00
58 18 -2.8380447365230967e+00
58 40 -1.9108830313785141e+00
58 58 4.2388785530464940e+07
58 63 -2.0780137790401136e+00
59 22 -2.8390005188710310e+00
59 43 -1.9103722756190733e+00
59 59 4.2408074179092981e+07
59 60 -2.0655016137386832e+00
60 7 -2.7020872628552191e+00
60 52 -2.4214117658715963e+00
60 59 -2.0655016137386832e+00
60 60 4.5654437643059604e+07
61 5 -2.6455287943473644e+00
61 53 -2.1662460158089405e+00
61 56 -2.3151903344881903e+00
61 61 4.5850706650856256e+07
62 3 -2.5441881604362431e+00
62 54 -2.4229070144932030e+00
62 57 -2.0978686584259711e+00
62 62 4.5351490245078512e+07
63 6 -2.6481604712303271e+00
63 55 -2.4224280017155677e+00
63 58 -2.0780137790401136e+00
63 63 4.4878245281076849e+07
64 4 -1.9990022720736729e+00
64 45 -2.1477129618263122e+00
64 50 -3.0863735318334706e+00
64 64 5.0885108407957569e+07
65 35 -2.8207589538019082e+00
65 49 -2.0453486584061569e+00
65 50 -1.9767747844147985e+00
65 65 4.2247639001643203e+07
66 36 -2.9765312086017910e+00
66 46 -1.9352698796960974e+00
66 51 -1.9741676585537677e+00
66 66 4.2647060490846567e+07
