%%MatrixMarket matrix coordinate real general
66 66 244
1 1 7.3652411112183899e+07
1 2 -3.4409522406017485e+00
1 7 -2.5115675643129269e+00
1 45 -2.3378181765560182e+00
2 1 -3.4409522406017485e+00
2 2 6.3790943893513702e+07
2 25 -2.1345343001138990e+00
2 34 -2.4055216662037471e+00
3 3 5.7926336909419961e+07
3 8 -3.0727500087107749e+00
3 20 -2.2786760712668128e+00
3 62 -2.5442003977129111e+00
4 4 5.7164285646758273e+07
4 6 -2.7976461402143578e+00
4 25 -2.8835222327367913e+00
4 64 -1.9990023195944373e+00
5 5 6.0886209147320323e+07
5 9 -3.0412491997991977e+00
5 30 -2.2920794743747277e+00
5 61 -2.6455355743378028e+00
6 4 -2.7976461402143578e+00
6 6 5.4593229212310687e+07
6 35 -2.1797254633745369e+00
6 63 -2.6481672161841714e+00
7 1 -2.5115675643129269e+00
7 7 5.8590331263537951e+07
7 36 -2.2093967546903448e+00
7 60 -2.7020870720051833e+00
8 3 -3.0727500087107749e+00
8 8 5.1216186907868356e+07
8 47 -1.8423751593946271e+00
8 49 -2.6305675478292403e+00
9 5 -3.0412491997991977e+00
9 9 5.3969161450858906e+07
9 46 -2.7118414713323893e+00
9 48 -1.8414736479840705e+00
10 10 5.8803511310008153e+07
10 19 -2.3031069219728577e+00
10 21 -2.4331846859428476e+00
11 11 5.8671904170581512e+07
11 23 -2.3627256396059484e+00
11 32 -2.4302073906181310e+00
12 12 5.8682954317036115e+07
12 24 -2.2833151006016221e+00
12 31 -2.4480062340836848e+00
13 13 5.7098215950246364e+07
13 15 -2.4518455245939066e+00
13 20 -2.3749934062673632e+00
13 30 -2.3531202861247178e+00
14 14 4.7276211015316606e+07
14 33 -2.0249647484075202e+00
14 34 -2.1523009845289924e+00
15 13 -2.4518455245939066e+00
15 15 6.5586913723634444e+07
15 47 -2.7582079717747976e+00
15 48 -2.7966732242693477e+00
16 16 6.6179409744084679e+07
16 21 -2.4761252729734680e+00
16 56 -3.1144742224910500e+00
17 17 5.9746670145846128e+07
17 23 -2.3997354072227841e+00
17 57 -2.8177575574567904e+00
18 18 6.0705724109943934e+07
18 24 -2.5029405638807107e+00
18 58 -2.8382948882281469e+00
19 10 -2.3031069219728577e+00
19 19 5.6668996553751566e+07
19 22 -2.4885222070194262e+00
19 36 -2.4207807921563198e+00
20 3 -2.2786760712668128e+00
20 13 -2.3749934062673632e+00
20 20 5.6104901221016891e+07
20 23 -2.5587942013513434e+00
21 10 -2.4331846859428476e+00
21 16 -2.4761252729734680e+00
21 21 6.2513030505316444e+07
21 46 -2.6744886499783229e+00
22 19 -2.4885222070194262e+00
22 22 6.0508189560466282e+07
22 59 -2.8389972877661176e+00
23 11 -2.3627256396059484e+00
23 17 -2.3997354072227841e+00
23 20 -2.5587942013513434e+00
23 23 5.8099318711241275e+07
24 12 -2.2833151006016221e+00
24 18 -2.5029405638807107e+00
24 24 5.6074478594052643e+07
24 35 -2.4708188818951990e+00
25 2 -2.1345343001138990e+00
25 4 -2.8835222327367913e+00
25 25 5.7425083691577055e+07
25 33 -2.4006056630097508e+00
26 26 6.7655343479870409e+07
26 31 -2.4853849143687308e+00
26 54 -3.1924624400073660e+00
27 27 5.7003923462170571e+07
27 32 -2.2778247160622636e+00
27 53 -2.7528411175369625e+00
28 28 6.5495128038538307e+07
28 33 -2.6459206354682618e+00
28 55 -3.1255226870621184e+00
29 29 6.2589422862649366e+07
29 34 -2.4560321229906812e+00
29 52 -3.0391553251946255e+00
30 5 -2.2920794743747277e+00
30 13 -2.3531202861247178e+00
30 30 5.6474249570606083e+07
30 32 -2.5645166204033045e+00
31 12 -2.4480062340836848e+00
31 26 -2.4853849143687308e+00
31 31 6.2349512343769185e+07
31 49 -2.6331425347753674e+00
32 11 -2.4302073906181310e+00
32 27 -2.2778247160622636e+00
32 30 -2.5645166204033045e+00
32 32 5.6462108620361239e+07
33 14 -2.0249647484075202e+00
33 25 -2.4006056630097508e+00
33 28 -2.6459206354682618e+00
33 33 5.0747022875249289e+07
34 2 -2.4055216662037471e+00
34 14 -2.1523009845289924e+00
34 29 -2.4560321229906812e+00
34 34 5.2824883042064533e+07
35 6 -2.1797254633745369e+00
35 24 -2.4708188818951990e+00
35 35 5.2347731930051051e+07
35 65 -2.8207658425667823e+00
36 7 -2.2093967546903448e+00
36 19 -2.4207807921563198e+00
36 36 5.5744257387627468e+07
36 66 -2.9765311096197928e+00
37 37 5.2538328901145414e+07
37 41 -3.0925339195916561e+00
37 54 -1.7916348220780685e+00
38 38 5.2500474834458575e+07
38 42 -3.0921981875055229e+00
38 53 -1.9121294566988902e+00
39 39 5.2322874338795699e+07
39 40 -3.0921979955824219e+00
39 55 -1.8047671283550195e+00
40 39 -3.0921979955824219e+00
40 40 5.2500309749429554e+07
40 58 -1.9110609795647933e+00
41 37 -3.0925339195916561e+00
41 41 5.2537984761021249e+07
41 57 -1.9100718803009793e+00
42 38 -3.0921981875055229e+00
42 42 5.2322877045840964e+07
42 56 -1.8196286720389152e+00
43 43 5.2288417169533834e+07
43 44 -3.0918672760558006e+00
43 59 -1.9103696398840608e+00
44 43 -3.0918672760558006e+00
44 44 5.2288412310324065e+07
44 52 -1.8180534037226883e+00
45 1 -2.3378181765560182e+00
45 45 5.7346944833836950e+07
45 51 -2.7545104740876996e+00
45 64 -2.1477129664127834e+00
46 9 -2.7118414713323893e+00
46 21 -2.6744886499783229e+00
46 46 4.9822991719860978e+07
46 66 -1.9352698199284939e+00
47 8 -1.8423751593946271e+00
47 15 -2.7582079717747976e+00
47 47 5.1774735434937172e+07
47 50 -2.7278512980511986e+00
48 9 -1.8414736479840705e+00
48 15 -2.7966732242693477e+00
48 48 5.4466760379389659e+07
48 51 -2.7934580970112544e+00
49 8 -2.6305675478292403e+00
49 31 -2.6331425347753674e+00
49 49 4.9388023143412784e+07
49 65 -2.0453533685907916e+00
50 47 -2.7278512980511986e+00
50 50 5.0767032593797050e+07
50 64 -3.0863736013053011e+00
50 65 -1.9767754789903396e+00
51 45 -2.7545104740876996e+00
51 48 -2.7934580970112544e+00
51 51 5.1822297626740709e+07
51 66 -1.9741676493295552e+00
52 29 -3.0391553251946255e+00
52 44 -1.8180534037226883e+00
52 52 4.7355760583220534e+07
52 60 -2.4214108229271396e+00
53 27 -2.7528411175369625e+00
53 38 -1.9121294566988902e+00
53 53 4.2860668303565912e+07
53 61 -2.1663008940947672e+00
54 26 -3.1924624400073660e+00
54 37 -1.7916348220780685e+00
54 54 4.8287994837473020e+07
54 62 -2.4229707453647515e+00
55 28 -3.1255226870621184e+00
55 39 -1.8047671283550195e+00
55 55 4.7734427161874451e+07
55 63 -2.4224360769282733e+00
56 16 -3.1144742224910500e+00
56 42 -1.8196286720389152e+00
56 56 4.6718783102292225e+07
56 61 -2.3151985309067724e+00
57 17 -2.8177575574567904e+00
57 41 -1.9100718803009793e+00
57 57 4.2631578119060248e+07
57 62 -2.0979290433665541e+00
58 18 -2.8382948882281469e+00
58 40 -1.9110609795647933e+00
58 58 4.2437355820451371e+07
58 63 -2.0780653890464253e+00
59 22 -2.8389972877661176e+00
59 43 -1.9103696398840608e+00
59 59 4.2407338619841196e+07
59 60 -2.0655007681179458e+00
60 7 -2.7020870720051833e+00
60 52 -2.4214108229271396e+00
60 59 -2.0655007681179458e+00
60 60 4.5654273315137461e+07
61 5 -2.6455355743378028e+00
61 53 -2.1663008940947672e+00
61 56 -2.3151985309067724e+00
61 61 4.5856672866095960e+07
62 3 -2.5442003977129111e+00
62 54 -2.4229707453647515e+00
62 57 -2.0979290433665541e+00
62 62 4.5362649005569391e+07
63 6 -2.6481672161841714e+00
63 55 -2.4224360769282733e+00
63 58 -2.0780653890464253e+00
63 63 4.4883761262706667e+07
64 4 -1.9990023195944373e+00
64 45 -2.1477129664127834e+00
64 50 -3.0863736013053011e+00
64 64 5.0885114351713575e+07
65 35 -2.8207658425667823e+00
65 49 -2.0453533685907916e+00
65 50 -1.9767754789903396e+00
65 65 4.2248406052269168e+07
66 36 -2.9765311096197928e+00
66 46 -1.9352698199284939e+00
66 51 -1.9741676493295552e+00
66 66 4.2647050034214236e+07
