%%MatrixMarket matrix coordinate real general
66 66 244
1 1 7.3652384120940149e+07
1 2 -3.4409520858632967e+00
1 7 -2.5115675033727771e+00
1 45 -2.3378181577250792e+00
2 1 -3.4409520858632967e+00
2 2 6.3790814934029289e+07
2 25 -2.1345341433773655e+00
2 34 -2.4055211354900021e+00
3 3 5.7929925142880999e+07
3 8 -3.0727555704767351e+00
3 20 -2.2786848940919722e+00
3 62 -2.5442184642842465e+00
4 4 5.7164527725205950e+07
4 6 -2.7976485135170477e+00
4 25 -2.8835223827019227e+00
4 64 -1.9990025235342508e+00
5 5 6.0888567171883635e+07
5 9 -3.0412519232647397e+00
5 30 -2.2920873072728782e+00
5 61 -2.6455455348831851e+00
6 4 -2.7976485135170477e+00
6 6 5.4595409576937504e+07
6 35 -2.1797329597099262e+00
6 63 -2.6481771639853449e+00
7 1 -2.5115675033727771e+00
7 7 5.8590276603674255e+07
7 36 -2.2093966324359831e+00
7 60 -2.7020867890534990e+00
8 3 -3.0727555704767351e+00
8 8 5.1217606152036376e+07
8 47 -1.8423762699109580e+00
8 49 -2.6305756981492801e+00
9 5 -3.0412519232647397e+00
9 9 5.3969416308001243e+07
9 46 -2.7118416702782868e+00
9 48 -1.8414738412874105e+00
10 10 5.8802793138174199e+07
10 19 -2.3031059380943817e+00
10 21 -2.4331837558411293e+00
11 11 5.8723163449560322e+07
11 23 -2.3628074188042270e+00
11 32 -2.4302927360979658e+00
12 12 5.8733609168085873e+07
12 24 -2.2833943034410118e+00
12 31 -2.4480867691032873e+00
13 13 5.7100157114252783e+07
13 15 -2.4518472238874005e+00
13 20 -2.3750013216051893e+00
13 30 -2.3531282692950612e+00
14 14 4.7275637239528194e+07
14 33 -2.0249639195235645e+00
14 34 -2.1523000342929115e+00
15 13 -2.4518472238874005e+00
15 15 6.5587120843811013e+07
15 47 -2.7582082979833475e+00
15 48 -2.7966734433062368e+00
16 16 6.6179448252779841e+07
16 21 -2.4761249595491952e+00
16 56 -3.1144784064944613e+00
17 17 5.9799649457778685e+07
17 23 -2.3998190486332223e+00
17 57 -2.8178702086262137e+00
18 18 6.0758328460477427e+07
18 24 -2.5030274929095926e+00
18 58 -2.8384019645086100e+00
19 10 -2.3031059380943817e+00
19 19 5.6668471388680980e+07
19 22 -2.4885211230908975e+00
19 36 -2.4207802543406185e+00
20 3 -2.2786848940919722e+00
20 13 -2.3750013216051893e+00
20 20 5.6112532913655639e+07
20 23 -2.5588345802565282e+00
21 10 -2.4331837558411293e+00
21 16 -2.4761249595491952e+00
21 21 6.2512580152970150e+07
21 46 -2.6744881662640703e+00
22 19 -2.4885211230908975e+00
22 22 6.0507428349457324e+07
22 59 -2.8389958851159172e+00
23 11 -2.3628074188042270e+00
23 17 -2.3998190486332223e+00
23 20 -2.5588345802565282e+00
23 23 5.8137297446544193e+07
24 12 -2.2833943034410118e+00
24 18 -2.5030274929095926e+00
24 24 5.6111549844920821e+07
24 35 -2.4708587040756349e+00
25 2 -2.1345341433773655e+00
25 4 -2.8835223827019227e+00
25 25 5.7424988698098250e+07
25 33 -2.4006051929527623e+00
26 26 6.7710750918493018e+07
26 31 -2.4854643848898075e+00
26 54 -3.1925767812505037e+00
27 27 5.7054519952018991e+07
27 32 -2.2779054694365914e+00
27 53 -2.7529476618854281e+00
28 28 6.5495133684700049e+07
28 33 -2.6459202464318552e+00
28 55 -3.1255268128657465e+00
29 29 6.2588642424483843e+07
29 34 -2.4560310098341009e+00
29 52 -3.0391538804157863e+00
30 5 -2.2920873072728782e+00
30 13 -2.3531282692950612e+00
30 30 5.6482089841748782e+07
30 32 -2.5645577948075036e+00
31 12 -2.4480867691032873e+00
31 26 -2.4854643848898075e+00
31 31 6.2386652688897863e+07
31 49 -2.6331830223935411e+00
32 11 -2.4302927360979658e+00
32 27 -2.2779054694365914e+00
32 30 -2.5645577948075036e+00
32 32 5.6500151843089409e+07
33 14 -2.0249639195235645e+00
33 25 -2.4006051929527623e+00
33 28 -2.6459202464318552e+00
33 33 5.0746586797401860e+07
34 2 -2.4055211354900021e+00
34 14 -2.1523000342929115e+00
34 29 -2.4560310098341009e+00
34 34 5.2824344617247924e+07
35 6 -2.1797329597099262e+00
35 24 -2.4708587040756349e+00
35 35 5.2354898238427930e+07
35 65 -2.8207764144715868e+00
36 7 -2.2093966324359831e+00
36 19 -2.4207802543406185e+00
36 36 5.5744152278956048e+07
36 66 -2.9765309549474033e+00
37 37 5.2601452658733845e+07
37 41 -3.0927075446360770e+00
37 54 -1.7917125006400645e+00
38 38 5.2541734841539837e+07
38 42 -3.0922824399992752e+00
38 53 -1.9121994279017676e+00
39 39 5.2340881204193026e+07
39 40 -3.0922820379953015e+00
39 55 -1.8047823693176894e+00
40 39 -3.0922820379953015e+00
40 40 5.2541397758858778e+07
40 58 -1.9111300976456196e+00
41 37 -3.0927075446360770e+00
41 41 5.2601441683751680e+07
41 57 -1.9101606546494467e+00
42 38 -3.0922824399992752e+00
42 42 5.2340904050509557e+07
42 56 -1.8196441996145880e+00
43 43 5.2287560853064209e+07
43 44 -3.0918652679276200e+00
43 59 -1.9103685407738882e+00
44 43 -3.0918652679276200e+00
44 44 5.2287558231102839e+07
44 52 -1.8180523993548372e+00
45 1 -2.3378181577250792e+00
45 45 5.7346945359769806e+07
45 51 -2.7545104745152909e+00
45 64 -2.1477129968015292e+00
46 9 -2.7118416702782868e+00
46 21 -2.6744881662640703e+00
46 46 4.9822925850483872e+07
46 66 -1.9352697460206041e+00
47 8 -1.8423762699109580e+00
47 15 -2.7582082979833475e+00
47 47 5.1774878762805976e+07
47 50 -2.7278516641052728e+00
48 9 -1.8414738412874105e+00
48 15 -2.7966734433062368e+00
48 48 5.4466791953643709e+07
48 51 -2.7934581299832089e+00
49 8 -2.6305756981492801e+00
49 31 -2.6331830223935411e+00
49 49 4.9394585907742538e+07
49 65 -2.0453607089684955e+00
50 47 -2.7278516641052728e+00
50 50 5.0767236605117120e+07
50 64 -3.0863738944290335e+00
50 65 -1.9767771962198086e+00
51 45 -2.7545104745152909e+00
51 48 -2.7934581299832089e+00
51 51 5.1822297533556864e+07
51 66 -1.9741676290169983e+00
52 29 -3.0391538804157863e+00
52 44 -1.8180523993548372e+00
52 52 4.7355223601486318e+07
52 60 -2.4214100328660964e+00
53 27 -2.7529476618854281e+00
53 38 -1.9121994279017676e+00
53 53 4.2894687299297288e+07
53 61 -2.1663415011028762e+00
54 26 -3.1925767812505037e+00
54 37 -1.7917125006400645e+00
54 54 4.8325109924053870e+07
54 62 -2.4230249728635402e+00
55 28 -3.1255268128657465e+00
55 39 -1.8047823693176894e+00
55 55 4.7738197188070744e+07
55 63 -2.4224473830468107e+00
56 16 -3.1144784064944613e+00
56 42 -1.8196441996145880e+00
56 56 4.6722582096904173e+07
56 61 -2.3152099123246663e+00
57 17 -2.8178702086262137e+00
57 41 -1.9101606546494467e+00
57 57 4.2669126447694577e+07
57 62 -2.0979790482169798e+00
58 18 -2.8384019645086100e+00
58 40 -1.9111300976456196e+00
58 58 4.2470266766131125e+07
58 63 -2.0781036931185310e+00
59 22 -2.8389958851159172e+00
59 43 -1.9103685407738882e+00
59 59 4.2406818422288954e+07
59 60 -2.0655000729590487e+00
60 7 -2.7020867890534990e+00
60 52 -2.4214100328660964e+00
60 59 -2.0655000729590487e+00
60 60 4.5654051359074317e+07
61 5 -2.6455455348831851e+00
61 53 -2.1663415011028762e+00
61 56 -2.3152099123246663e+00
61 61 4.5864574691116445e+07
62 3 -2.5442184642842465e+00
62 54 -2.4230249728635402e+00
62 57 -2.0979790482169798e+00
62 62 4.5377699962504335e+07
63 6 -2.6481771639853449e+00
63 55 -2.4224473830468107e+00
63 58 -2.0781036931185310e+00
63 63 4.4891112030907027e+07
64 4 -1.9990025235342508e+00
64 45 -2.1477129968015292e+00
64 50 -3.0863738944290335e+00
64 64 5.0885151995164208e+07
65 35 -2.8207764144715868e+00
65 49 -2.0453607089684955e+00
65 50 -1.9767771962198086e+00
65 65 4.2250228716855578e+07
66 36 -2.9765309549474033e+00
66 46 -1.9352697460206041e+00
66 51 -1.9741676290169983e+00
66 66 4.2647026158367433e+07
