%%MatrixMarket matrix coordinate real general
66 66 244
1 1 7.3652376519437596e+07
1 2 -3.4409520498355279e+00
1 7 -2.5115674867001387e+00
1 45 -2.3378181526585546e+00
2 1 -3.4409520498355279e+00
2 2 6.3790786226856910e+07
2 25 -2.1345341116864702e+00
2 34 -2.4055210361676234e+00
3 3 5.7930889682205901e+07
3 8 -3.0727570874827301e+00
3 20 -2.2786870138800510e+00
3 62 -2.5442225887145633e+00
4 4 5.7164606157272302e+07
4 6 -2.7976491572360636e+00
4 25 -2.8835224454588335e+00
4 64 -1.9990025912653298e+00
5 5 6.0889195223405875e+07
5 9 -3.0412526632275885e+00
5 30 -2.2920891395124072e+00
5 61 -2.6455478068636964e+00
6 4 -2.7976491572360636e+00
6 6 5.4595988424396381e+07
6 35 -2.1797347128666096e+00
6 63 -2.6481794359758672e+00
7 1 -2.5115674867001387e+00
7 7 5.8590261874849148e+07
7 36 -2.2093966028255516e+00
7 60 -2.7020867243249764e+00
8 3 -3.0727570874827301e+00
8 8 5.1218009009539664e+07
8 47 -1.8423765913565844e+00
8 49 -2.6305776197299799e+00
9 5 -3.0412526632275885e+00
9 9 5.3969498598294117e+07
9 46 -2.7118417459250650e+00
9 48 -1.8414739050648603e+00
10 10 5.8802686370382823e+07
10 19 -2.3031057776760240e+00
10 21 -2.4331836127900641e+00
11 11 5.8730871055121407e+07
11 23 -2.3628209862507878e+00
11 32 -2.4303068354609323e+00
12 12 5.8741189379641324e+07
12 24 -2.2834073907950074e+00
12 31 -2.4481002235942704e+00
13 13 5.7100684198460780e+07
13 15 -2.4518476947920789e+00
13 20 -2.3750031888431504e+00
13 30 -2.3531301336010308e+00
14 14 4.7275558839849904e+07
14 33 -2.0249638003094423e+00
14 34 -2.1522998857395943e+00
15 13 -2.4518476947920789e+00
15 15 6.5587189537305295e+07
15 47 -2.7582084082833975e+00
15 48 -2.7966735175924606e+00
16 16 6.6179541394448809e+07
16 21 -2.4761249752447934e+00
16 56 -3.1144794421224380e+00
17 17 5.9807836474959873e+07
17 23 -2.3998331087290223e+00
17 57 -2.8178890098185612e+00
18 18 6.0766431122362413e+07
18 24 -2.5030420724251079e+00
18 58 -2.8384196605471050e+00
19 10 -2.3031057776760240e+00
19 19 5.6668375483605526e+07
19 22 -2.4885209425683716e+00
19 36 -2.4207801520357206e+00
20 3 -2.2786870138800510e+00
20 13 -2.3750031888431504e+00
20 20 5.6114269955339611e+07
20 23 -2.5588423217376324e+00
21 10 -2.4331836127900641e+00
21 16 -2.4761249752447934e+00
21 21 6.2512507232121319e+07
21 46 -2.6744880884500266e+00
22 19 -2.4885209425683716e+00
22 22 6.0507310063824326e+07
22 59 -2.8389956530814353e+00
23 11 -2.3628209862507878e+00
23 17 -2.3998331087290223e+00
23 20 -2.5588423217376324e+00
23 23 5.8144308785445154e+07
24 12 -2.2834073907950074e+00
24 18 -2.5030420724251079e+00
24 24 5.6118365929711230e+07
24 35 -2.4708662830607238e+00
25 2 -2.1345341116864702e+00
25 4 -2.8835224454588335e+00
25 25 5.7424972279211730e+07
25 33 -2.4006051192422295e+00
26 26 6.7719615075767249e+07
26 31 -2.4854780441365727e+00
26 54 -3.1925963410787013e+00
27 27 5.7062104516575404e+07
27 32 -2.2779187554382423e+00
27 53 -2.7529648985583535e+00
28 28 6.5495218315761402e+07
28 33 -2.6459202623219320e+00
28 55 -3.1255278354859870e+00
29 29 6.2588519661731094e+07
29 34 -2.4560308252787824e+00
29 52 -3.0391536381913871e+00
30 5 -2.2920891395124072e+00
30 13 -2.3531301336010308e+00
30 30 5.6483852963121608e+07
30 32 -2.5645656094186382e+00
31 12 -2.4481002235942704e+00
31 26 -2.4854780441365727e+00
31 31 6.2393605279536083e+07
31 49 -2.6331908884336168e+00
32 11 -2.4303068354609323e+00
32 27 -2.2779187554382423e+00
32 30 -2.5645656094186382e+00
32 32 5.6507116986450009e+07
33 14 -2.0249638003094423e+00
33 25 -2.4006051192422295e+00
33 28 -2.6459202623219320e+00
33 33 5.0746519926310055e+07
34 2 -2.4055210361676234e+00
34 14 -2.1522998857395943e+00
34 29 -2.4560308252787824e+00
34 34 5.2824248821991242e+07
35 6 -2.1797347128666096e+00
35 24 -2.4708662830607238e+00
35 35 5.2356510506586514e+07
35 65 -2.8207788752782137e+00
36 7 -2.2093966028255516e+00
36 19 -2.4207801520357206e+00
36 36 5.5744128320105076e+07
36 66 -2.9765309189337956e+00
37 37 5.2610902040814333e+07
37 41 -3.0927339371401015e+00
37 54 -1.7917252167638571e+00
38 38 5.2547469753186397e+07
38 42 -3.0922952885383341e+00
38 53 -1.9122105492305299e+00
39 39 5.2343880328919925e+07
39 40 -3.0922948380617785e+00
39 55 -1.8047850900582969e+00
40 39 -3.0922948380617785e+00
40 40 5.2547098549830705e+07
40 58 -1.9111411062168426e+00
41 37 -3.0927339371401015e+00
41 41 5.2610979436104804e+07
41 57 -1.9101750648989886e+00
42 38 -3.0922952885383341e+00
42 42 5.2343908864123747e+07
42 56 -1.8196469740459076e+00
43 43 5.2287434271381125e+07
43 44 -3.0918649713374289e+00
43 59 -1.9103683645409300e+00
44 43 -3.0918649713374289e+00
44 44 5.2287432292148933e+07
44 52 -1.8180522373292591e+00
45 1 -2.3378181526585546e+00
45 45 5.7346945845319115e+07
45 51 -2.7545104753421694e+00
45 64 -2.1477130086825400e+00
46 9 -2.7118417459250650e+00
46 21 -2.6744880884500266e+00
46 46 4.9822915729599193e+07
46 66 -1.9352697326309751e+00
47 8 -1.8423765913565844e+00
47 15 -2.7582084082833975e+00
47 47 5.1774928555364199e+07
47 50 -2.7278517862972786e+00
48 9 -1.8414739050648603e+00
48 15 -2.7966735175924606e+00
48 48 5.4466804190841213e+07
48 51 -2.7934581431536922e+00
49 8 -2.6305776197299799e+00
49 31 -2.6331908884336168e+00
49 49 4.9396067757567488e+07
49 65 -2.0453624281396867e+00
50 47 -2.7278517862972786e+00
50 50 5.0767302763413005e+07
50 64 -3.0863739921359739e+00
50 65 -1.9767776634086838e+00
51 45 -2.7545104753421694e+00
51 48 -2.7934581431536922e+00
51 51 5.1822297875833377e+07
51 66 -1.9741676241476591e+00
52 29 -3.0391536381913871e+00
52 44 -1.8180522373292591e+00
52 52 4.7355125587022148e+07
52 60 -2.4214098805398394e+00
53 27 -2.7529648985583535e+00
53 38 -1.9122105492305299e+00
53 53 4.2900695844673991e+07
53 61 -2.1663489887233789e+00
54 26 -3.1925963410787013e+00
54 37 -1.7917252167638571e+00
54 54 4.8332008042389952e+07
54 62 -2.4230355504565670e+00
55 28 -3.1255278354859870e+00
55 39 -1.8047850900582969e+00
55 55 4.7739050042307116e+07
55 63 -2.4224498737100926e+00
56 16 -3.1144794421224380e+00
56 42 -1.8196469740459076e+00
56 56 4.6723440293542445e+07
56 61 -2.3152124112283441e+00
57 17 -2.8178890098185612e+00
57 41 -1.9101750648989886e+00
57 57 4.2675966106198356e+07
57 62 -2.0979886441688191e+00
58 18 -2.8384196605471050e+00
58 40 -1.9111411062168426e+00
58 58 4.2476109973566011e+07
58 63 -2.0781107924234035e+00
59 22 -2.8389956530814353e+00
59 43 -1.9103683645409300e+00
59 59 4.2406724786022142e+07
59 60 -2.0654999399563301e+00
60 7 -2.7020867243249764e+00
60 52 -2.4214098805398394e+00
60 59 -2.0654999399563301e+00
60 60 4.5654002841458991e+07
61 5 -2.6455478068636964e+00
61 53 -2.1663489887233789e+00
61 56 -2.3152124112283441e+00
61 61 4.5866292805145882e+07
62 3 -2.5442225887145633e+00
62 54 -2.4230355504565670e+00
62 57 -2.0979886441688191e+00
62 62 4.5380994388063639e+07
63 6 -2.6481794359758672e+00
63 55 -2.4224498737100926e+00
63 58 -2.0781107924234035e+00
63 63 4.4892715401660956e+07
64 4 -1.9990025912653298e+00
64 45 -2.1477130086825400e+00
64 50 -3.0863739921359739e+00
64 64 5.0885166439560100e+07
65 35 -2.8207788752782137e+00
65 49 -2.0453624281396867e+00
65 50 -1.9767776634086838e+00
65 65 4.2250714640758388e+07
66 36 -2.9765309189337956e+00
66 46 -1.9352697326309751e+00
66 51 -1.9741676241476591e+00
66 66 4.2647020085544378e+07
