%%MatrixMarket matrix coordinate real general
66 66 244
1 1 7.3652421106279925e+07
1 2 -3.4409523409083795e+00
1 7 -2.5115675885249238e+00
1 45 -2.3378181837974692e+00
2 1 -3.4409523409083795e+00
2 2 6.3791034997440808e+07
2 25 -2.1345344223984482e+00
2 34 -2.4055223670480399e+00
3 3 5.7924847746166825e+07
3 8 -3.0727477724964962e+00
3 20 -2.2786707181149439e+00
3 62 -2.5441881070809629e+00
4 4 5.7164226361850873e+07
4 6 -2.7976451754957954e+00
4 25 -2.8835222561599974e+00
4 64 -1.9990022720669733e+00
5 5 6.0885215069500387e+07
5 9 -3.0412480973816147e+00
5 30 -2.2920744266260806e+00
5 61 -2.6455287649576076e+00
6 4 -2.7976451754957954e+00
6 6 5.4592303749720007e+07
6 35 -2.1797206235880986e+00
6 63 -2.6481604421641500e+00
7 1 -2.5115675885249238e+00
7 7 5.8590353738354884e+07
7 36 -2.2093968272515769e+00
7 60 -2.7020872636704558e+00
8 3 -3.0727477724964962e+00
8 8 5.1215665008322358e+07
8 47 -1.8423747662864889e+00
8 49 -2.6305622861011342e+00
9 5 -3.0412480973816147e+00
9 9 5.3969098350875378e+07
9 46 -2.7118414696444932e+00
9 48 -1.8414736020686366e+00
10 10 5.8805879540092856e+07
10 19 -2.3031093709370567e+00
10 21 -2.4331871190602103e+00
11 11 5.8506311312209487e+07
11 23 -2.3625281751286176e+00
11 32 -2.4300006807451431e+00
12 12 5.8517846724901341e+07
12 24 -2.2831221654824554e+00
12 31 -2.4478112809578234e+00
13 13 5.7097427540482000e+07
13 15 -2.4518448611055121e+00
13 20 -2.3749883522356128e+00
13 30 -2.3531150875165618e+00
14 14 4.7278633561294086e+07
14 33 -2.0249673492952707e+00
14 34 -2.1523037530616307e+00
15 13 -2.4518448611055121e+00
15 15 6.5586864058554992e+07
15 47 -2.7582078970105250e+00
15 48 -2.7966731742246718e+00
16 16 6.6181325897401355e+07
16 21 -2.4761272625213175e+00
16 56 -3.1144736481069382e+00
17 17 5.9582841212728471e+07
17 23 -2.3995383571645528e+00
17 57 -2.8174898056113444e+00
18 18 6.0543384887457676e+07
18 24 -2.5027354029878928e+00
18 58 -2.8380331702396675e+00
19 10 -2.3031093709370567e+00
19 19 5.6669725820026718e+07
19 22 -2.4885247925397964e+00
19 36 -2.4207814758630968e+00
20 3 -2.2786707181149439e+00
20 13 -2.3749883522356128e+00
20 20 5.6099600136914998e+07
20 23 -2.5587435197611494e+00
21 10 -2.4331871190602103e+00
21 16 -2.4761272625213175e+00
21 21 6.2513720467443407e+07
21 46 -2.6744893543333959e+00
22 19 -2.4885247925397964e+00
22 22 6.0510530995459750e+07
22 59 -2.8390006673597776e+00
23 11 -2.3625281751286176e+00
23 17 -2.3995383571645528e+00
23 20 -2.5587435197611494e+00
23 23 5.8047267383961052e+07
24 12 -2.2831221654824554e+00
24 18 -2.5027354029878928e+00
24 24 5.6023349068025887e+07
24 35 -2.4707683599500792e+00
25 2 -2.1345344223984482e+00
25 4 -2.8835222561599974e+00
25 25 5.7425167879701130e+07
25 33 -2.4006063931266119e+00
26 26 6.7499654932071283e+07
26 31 -2.4852093290548627e+00
26 54 -3.1922090596979160e+00
27 27 5.6838233790151671e+07
27 32 -2.2776275988686612e+00
27 53 -2.7525717168775032e+00
28 28 6.5497059760641195e+07
28 33 -2.6459230454600835e+00
28 55 -3.1255221532992490e+00
29 29 6.2591737197267428e+07
29 34 -2.4560347442047612e+00
29 52 -3.0391586810378572e+00
30 5 -2.2920744266260806e+00
30 13 -2.3531150875165618e+00
30 30 5.6468692431210019e+07
30 32 -2.5644641426556256e+00
31 12 -2.4478112809578234e+00
31 26 -2.4852093290548627e+00
31 31 6.2299995039493069e+07
31 49 -2.6330924472246933e+00
32 11 -2.4300006807451431e+00
32 27 -2.2776275988686612e+00
32 30 -2.5644641426556256e+00
32 32 5.6409117379428633e+07
33 14 -2.0249673492952707e+00
33 25 -2.4006063931266119e+00
33 28 -2.6459230454600835e+00
33 33 5.0747762856656879e+07
34 2 -2.4055223670480399e+00
34 14 -2.1523037530616307e+00
34 29 -2.4560347442047612e+00
34 34 5.2825680137315787e+07
35 6 -2.1797206235880986e+00
35 24 -2.4707683599500792e+00
35 35 5.2342642631642058e+07
35 65 -2.8207589253627470e+00
36 7 -2.2093968272515769e+00
36 19 -2.4207814758630968e+00
36 36 5.5744329794096991e+07
36 66 -2.9765312089975819e+00
37 37 5.2344456020127162e+07
37 41 -3.0920150934900614e+00
37 54 -1.7914459777530376e+00
38 38 5.2342711257095769e+07
38 42 -3.0919443256084813e+00
38 53 -1.9119407508172437e+00
39 39 5.2292804519552961e+07
39 40 -3.0919443244207390e+00
39 55 -1.8047444506230468e+00
40 39 -3.0919443244207390e+00
40 40 5.2342710219713554e+07
40 58 -1.9108742032572166e+00
41 37 -3.0920150934900614e+00
41 41 5.2344401247179784e+07
41 57 -1.9098551314905983e+00
42 38 -3.0919443256084813e+00
42 42 5.2292804517758802e+07
42 56 -1.8196056163105296e+00
43 43 5.2291147135198586e+07
43 44 -3.0918736824113493e+00
43 59 -1.9103723958300982e+00
44 43 -3.0918736824113493e+00
44 44 5.2291146446604446e+07
44 52 -1.8180559025267777e+00
45 1 -2.3378181837974692e+00
45 45 5.7346945022263020e+07
45 51 -2.7545104747244955e+00
45 64 -2.1477129618256710e+00
46 9 -2.7118414696444932e+00
46 21 -2.6744893543333959e+00
46 46 4.9823054470525853e+07
46 66 -1.9352698799512100e+00
47 8 -1.8423747662864889e+00
47 15 -2.7582078970105250e+00
47 47 5.1774704754195452e+07
47 50 -2.7278512116895897e+00
48 9 -1.8414736020686366e+00
48 15 -2.7966731742246718e+00
48 48 5.4466755469684318e+07
48 51 -2.7934580923308761e+00
49 8 -2.6305622861011342e+00
49 31 -2.6330924472246933e+00
49 49 4.9383400101188257e+07
49 65 -2.0453486394018801e+00
50 47 -2.7278512116895897e+00
50 50 5.0766981327774309e+07
50 64 -3.0863735318197012e+00
50 65 -1.9767747836745118e+00
51 45 -2.7545104747244955e+00
51 48 -2.7934580923308761e+00
51 51 5.1822298072689690e+07
51 66 -1.9741676585640582e+00
52 29 -3.0391586810378572e+00
52 44 -1.8180559025267777e+00
52 52 4.7356511004568316e+07
52 60 -2.4214117800413018e+00
53 27 -2.7525717168775032e+00
53 38 -1.9119407508172437e+00
53 53 4.2809064262932420e+07
53 61 -2.1662450712608456e+00
54 26 -3.1922090596979160e+00
54 37 -1.7914459777530376e+00
54 54 4.8237512826221816e+07
54 62 -2.4229060565581628e+00
55 28 -3.1255221532992490e+00
55 39 -1.8047444506230468e+00
55 55 4.7732014107913814e+07
55 63 -2.4224279725761959e+00
56 16 -3.1144736481069382e+00
56 42 -1.8196056163105296e+00
56 56 4.6716342149500385e+07
56 61 -2.3151903040570172e+00
57 17 -2.8174898056113444e+00
57 41 -1.9098551314905983e+00
57 57 4.2578389427190937e+07
57 62 -2.0978677220698159e+00
58 18 -2.8380331702396675e+00
58 40 -1.9108742032572166e+00
58 58 4.2387888795846708e+07
58 63 -2.0780128935775255e+00
59 22 -2.8390006673597776e+00
59 43 -1.9103723958300982e+00
59 59 4.2408087126659743e+07
59 60 -2.0655016266791852e+00
60 7 -2.7020872636704558e+00
60 52 -2.4214117800413018e+00
60 59 -2.0655016266791852e+00
60 60 4.5654438416331820e+07
61 5 -2.6455287649576076e+00
61 53 -2.1662450712608456e+00
61 56 -2.3151903040570172e+00
61 61 4.5850677620987341e+07
62 3 -2.5441881070809629e+00
62 54 -2.4229060565581628e+00
62 57 -2.0978677220698159e+00
62 62 4.5351436936171442e+07
63 6 -2.6481604421641500e+00
63 55 -2.4224279725761959e+00
63 58 -2.0780128935775255e+00
63 63 4.4878218594046369e+07
64 4 -1.9990022720669733e+00
64 45 -2.1477129618256710e+00
64 50 -3.0863735318197012e+00
64 64 5.0885108408179954e+07
65 35 -2.8207589253627470e+00
65 49 -2.0453486394018801e+00
65 50 -1.9767747836745118e+00
65 65 4.2247638142033488e+07
66 36 -2.9765312089975819e+00
66 46 -1.9352698799512100e+00
66 51 -1.9741676585640582e+00
66 66 4.2647060502113707e+07
