%%MatrixMarket matrix coordinate real general
66 66 244
1 1 7.3652419711176023e+07
1 2 -3.4409523169655061e+00
1 7 -2.5115675849423873e+00
1 45 -2.3378181827926729e+00
2 1 -3.4409523169655061e+00
2 2 6.3791012260332249e+07
2 25 -2.1345343911350443e+00
2 34 -2.4055220886715465e+00
3 3 5.7925075123702928e+07
3 8 -3.0727481064514177e+00
3 20 -2.2786719419691761e+00
3 62 -2.5441911446949064e+00
4 4 5.7164231304560959e+07
4 6 -2.7976453206958016e+00
4 25 -2.8835222393050879e+00
4 64 -1.9990022758844948e+00
5 5 6.0885368310861878e+07
5 9 -3.0412482627466306e+00
5 30 -2.2920756249956078e+00
5 61 -2.6455304419884405e+00
6 4 -2.7976453206958016e+00
6 6 5.4592447090109058e+07
6 35 -2.1797217747969326e+00
6 63 -2.6481621058022182e+00
7 1 -2.5115675849423873e+00
7 7 5.8590350325993761e+07
7 36 -2.2093968108924891e+00
7 60 -2.7020872167602743e+00
8 3 -3.0727481064514177e+00
8 8 5.1215737920991682e+07
8 47 -1.8423748198821752e+00
8 49 -2.6305635493657156e+00
9 5 -3.0412482627466306e+00
9 9 5.3969103706702985e+07
9 46 -2.7118414581558352e+00
9 48 -1.8414736058554466e+00
10 10 5.8804444521033123e+07
10 19 -2.3031080036395841e+00
10 21 -2.4331857535015349e+00
11 11 5.8606168050221764e+07
11 23 -2.3626376756394301e+00
11 32 -2.4301152930720007e+00
12 12 5.8617542860619083e+07
12 24 -2.2832293657117746e+00
12 31 -2.4479195827158509e+00
13 13 5.7097546248900101e+07
13 15 -2.4518449585092692e+00
13 20 -2.3749895514008079e+00
13 30 -2.3531163338553771e+00
14 14 4.7277074681143656e+07
14 33 -2.0249658077931865e+00
14 34 -2.1523021246964409e+00
15 13 -2.4518449585092692e+00
15 15 6.5586868357494093e+07
15 47 -2.7582079032399847e+00
15 48 -2.7966731783951659e+00
16 16 6.6180045854954928e+07
16 21 -2.4761260701179788e+00
16 56 -3.1144728158892083e+00
17 17 5.9680940569263436e+07
17 23 -2.3996469321732921e+00
17 57 -2.8176375566778300e+00
18 18 6.0640399092545308e+07
18 24 -2.5028483236380743e+00
18 58 -2.8381782930600012e+00
19 10 -2.3031080036395841e+00
19 19 5.6669430903942861e+07
19 22 -2.4885233633155792e+00
19 36 -2.4207812090596685e+00
20 3 -2.2786719419691761e+00
20 13 -2.3749895514008079e+00
20 20 5.6100924482444204e+07
20 23 -2.5587632414008836e+00
21 10 -2.4331857535015349e+00
21 16 -2.4761260701179788e+00
21 21 6.2513438843531013e+07
21 46 -2.6744890754068558e+00
22 19 -2.4885233633155792e+00
22 22 6.0509128037707224e+07
22 59 -2.8389987972410489e+00
23 11 -2.3626376756394301e+00
23 17 -2.3996469321732921e+00
23 20 -2.5587632414008836e+00
23 23 5.8068288595292762e+07
24 12 -2.2832293657117746e+00
24 18 -2.5028483236380743e+00
24 24 5.6044039877018608e+07
24 35 -2.4707880856897915e+00
25 2 -2.1345343911350443e+00
25 4 -2.8835222393050879e+00
25 25 5.7425145768149309e+07
25 33 -2.4006060949609647e+00
26 26 6.7590562489228278e+07
26 31 -2.4853039837970829e+00
26 54 -3.1923456627918410e+00
27 27 5.6938714857642516e+07
27 32 -2.2777374102435903e+00
27 53 -2.7527228852366550e+00
28 28 6.5495775773998365e+07
28 33 -2.6459216042404656e+00
28 55 -3.1255213096212353e+00
29 29 6.2590363594896823e+07
29 34 -2.4560333090126769e+00
29 52 -3.0391568442991961e+00
30 5 -2.2920756249956078e+00
30 13 -2.3531163338553771e+00
30 30 5.6470093137433618e+07
30 32 -2.5644846804162662e+00
31 12 -2.4479195827158509e+00
31 26 -2.4853039837970829e+00
31 31 6.2319753164064579e+07
31 49 -2.6331117594566407e+00
32 11 -2.4301152930720007e+00
32 27 -2.2777374102435903e+00
32 30 -2.5644846804162662e+00
32 32 5.6430654232837953e+07
33 14 -2.0249658077931865e+00
33 25 -2.4006060949609647e+00
33 28 -2.6459216042404656e+00
33 33 5.0747448541768171e+07
34 2 -2.4055220886715465e+00
34 14 -2.1523021246964409e+00
34 29 -2.4560333090126769e+00
34 34 5.2825348917572938e+07
35 6 -2.1797217747969326e+00
35 24 -2.4707880856897915e+00
35 35 5.2343928647291623e+07
35 65 -2.8207605864168519e+00
36 7 -2.2093968108924891e+00
36 19 -2.4207812090596685e+00
36 36 5.5744311806669295e+07
36 66 -2.9765311854898995e+00
37 37 5.2458802370351933e+07
37 41 -3.0923193828341775e+00
37 54 -1.7915500708564014e+00
38 38 5.2441385504995957e+07
38 42 -3.0920935617817489e+00
38 53 -1.9120485635162605e+00
39 39 5.2305658728771992e+07
39 40 -3.0920935081595355e+00
39 55 -1.8047537529091384e+00
40 39 -3.0920935081595355e+00
40 40 5.2441338119771995e+07
40 58 -1.9109810289617026e+00
41 37 -3.0923193828341775e+00
41 41 5.2458469738836445e+07
41 57 -1.9099746215533890e+00
42 38 -3.0920935617817489e+00
42 42 5.2305657439467385e+07
42 56 -1.8196150669134570e+00
43 43 5.2289519242662780e+07
43 44 -3.0918698629534953e+00
43 59 -1.9103708667334507e+00
44 43 -3.0918698629534953e+00
44 44 5.2289515261982188e+07
44 52 -1.8180545175008287e+00
45 1 -2.3378181827926729e+00
45 45 5.7346945004587233e+07
45 51 -2.7545104746442446e+00
45 64 -2.1477129620503961e+00
46 9 -2.7118414581558352e+00
46 21 -2.6744890754068558e+00
46 46 4.9823037789649926e+07
46 66 -1.9352698649822571e+00
47 8 -1.8423748198821752e+00
47 15 -2.7582079032399847e+00
47 47 5.1774707152036309e+07
47 50 -2.7278512190630888e+00
48 9 -1.8414736058554466e+00
48 15 -2.7966731783951659e+00
48 48 5.4466755721608989e+07
48 51 -2.7934580925303587e+00
49 8 -2.6305635493657156e+00
49 31 -2.6331117594566407e+00
49 49 4.9384562330921851e+07
49 65 -2.0453497630832302e+00
50 47 -2.7278512190630888e+00
50 50 5.0766985926926501e+07
50 64 -3.0863735377755201e+00
50 65 -1.9767748881948763e+00
51 45 -2.7545104746442446e+00
51 48 -2.7934580925303587e+00
51 51 5.1822298010522559e+07
51 66 -1.9741676571437672e+00
52 29 -3.0391568442991961e+00
52 44 -1.8180545175008287e+00
52 52 4.7356206236136004e+07
52 60 -2.4214114161592577e+00
53 27 -2.7527228852366550e+00
53 38 -1.9120485635162605e+00
53 53 4.2830782454818487e+07
53 61 -2.1662676533421532e+00
54 26 -3.1923456627918410e+00
54 37 -1.7915500708564014e+00
54 54 4.8257864095654912e+07
54 62 -2.4229305526115881e+00
55 28 -3.1255213096212353e+00
55 39 -1.8047537529091384e+00
55 55 4.7732523467075564e+07
55 63 -2.4224299589260472e+00
56 16 -3.1144728158892083e+00
56 42 -1.8196150669134570e+00
56 56 4.6716859834910892e+07
56 61 -2.3151923342444491e+00
57 17 -2.8176375566778300e+00
57 41 -1.9099746215533890e+00
57 57 4.2600200829960428e+07
57 62 -2.0978913184607269e+00
58 18 -2.8381782930600012e+00
58 40 -1.9109810289617026e+00
58 58 4.2408630309097067e+07
58 63 -2.0780340932199604e+00
59 22 -2.8389987972410489e+00
59 43 -1.9103708667334507e+00
59 59 4.2407779781744309e+07
59 60 -2.0655012973380189e+00
60 7 -2.7020872167602743e+00
60 52 -2.4214114161592577e+00
60 59 -2.0655012973380189e+00
60 60 4.5654395891815707e+07
61 5 -2.6455304419884405e+00
61 53 -2.1662676533421532e+00
61 56 -2.3151923342444491e+00
61 61 4.5852244100204811e+07
62 3 -2.5441911446949064e+00
62 54 -2.4229305526115881e+00
62 57 -2.0978913184607269e+00
62 62 4.5354339859677576e+07
63 6 -2.6481621058022182e+00
63 55 -2.4224299589260472e+00
63 58 -2.0780340932199604e+00
63 63 4.4879662321356274e+07
64 4 -1.9990022758844948e+00
64 45 -2.1477129620503961e+00
64 50 -3.0863735377755201e+00
64 64 5.0885108707599685e+07
65 35 -2.8207605864168519e+00
65 49 -2.0453497630832302e+00
65 50 -1.9767748881948763e+00
65 65 4.2247756594117835e+07
66 36 -2.9765311854898995e+00
66 46 -1.9352698649822571e+00
66 51 -1.9741676571437672e+00
66 66 4.2647058885964073e+07
