%%MatrixMarket matrix coordinate real general
66 66 244
1 1 7.3652413918799058e+07
1 2 -3.4409522617933739e+00
1 7 -2.5115675709177325e+00
1 45 -2.3378181785831340e+00
2 1 -3.4409522617933739e+00
2 2 6.3790962445330456e+07
2 25 -2.1345343243380448e+00
2 34 -2.4055217626031489e+00
3 3 5.7925937840847671e+07
3 8 -3.0727494019289345e+00
3 20 -2.2786749052577902e+00
3 62 -2.5441978729991885e+00
4 4 5.7164265605795167e+07
4 6 -2.7976458795267174e+00
4 25 -2.8835222284939284e+00
4 64 -1.9990023032832547e+00
5 5 6.0885944191533387e+07
5 9 -3.0412489013755666e+00
5 30 -2.2920784050402139e+00
5 61 -2.6455341710251381e+00
6 4 -2.7976458795267174e+00
6 6 5.4592983202487096e+07
6 35 -2.1797244394346107e+00
6 63 -2.6481658172254927e+00
7 1 -2.5115675709177325e+00
7 7 5.8590337311059967e+07
7 36 -2.2093967706672890e+00
7 60 -2.7020871116869887e+00
8 3 -3.0727494019289345e+00
8 8 5.1216040187833913e+07
8 47 -1.8423750473920986e+00
8 49 -2.6305664391321777e+00
9 5 -3.0412489013755666e+00
9 9 5.3969140226566009e+07
9 46 -2.7118414612758039e+00
9 48 -1.8414736323486707e+00
10 10 5.8803681623829342e+07
10 19 -2.3031071340826701e+00
10 21 -2.4331848933369651e+00
11 11 5.8659847367832623e+07
11 23 -2.3627082581178982e+00
11 32 -2.4301891679436283e+00
12 12 5.8670984362642534e+07
12 24 -2.2832981808032820e+00
12 31 -2.4479891590920420e+00
13 13 5.7098002906995781e+07
13 15 -2.4518453427081326e+00
13 20 -2.3749923336800292e+00
13 30 -2.3531191919465626e+00
14 14 4.7276358888308652e+07
14 33 -2.0249649450759750e+00
14 34 -2.1523011993920078e+00
15 13 -2.4518453427081326e+00
15 15 6.5586896978816196e+07
15 47 -2.7582079461806224e+00
15 48 -2.7966732071339990e+00
16 16 6.6179492552171357e+07
16 21 -2.4761254050198791e+00
16 56 -3.1144737285070723e+00
17 17 5.9734459283354633e+07
17 23 -2.3997177569200629e+00
17 57 -2.8177336995260460e+00
18 18 6.0693590141444743e+07
18 24 -2.5029222021325581e+00
18 58 -2.8382719059006787e+00
19 10 -2.3031071340826701e+00
19 19 5.6669094355710030e+07
19 22 -2.4885224362728899e+00
19 36 -2.4207808882483155e+00
20 3 -2.2786749052577902e+00
20 13 -2.3749923336800292e+00
20 20 5.6103820330896378e+07
20 23 -2.5587870490981000e+00
21 10 -2.4331848933369651e+00
21 16 -2.4761254050198791e+00
21 21 6.2513120787850089e+07
21 46 -2.6744887456329440e+00
22 19 -2.4885224362728899e+00
22 22 6.0508363894317456e+07
22 59 -2.8389975862085746e+00
23 11 -2.3627082581178982e+00
23 17 -2.3997177569200629e+00
23 20 -2.5587870490981000e+00
23 23 5.8092309823941827e+07
24 12 -2.2832981808032820e+00
24 18 -2.5029222021325581e+00
24 24 5.6067610888350688e+07
24 35 -2.4708117711934037e+00
25 2 -2.1345343243380448e+00
25 4 -2.8835222284939284e+00
25 25 5.7425099834297702e+07
25 33 -2.4006057584178988e+00
26 26 6.7643018992443219e+07
26 31 -2.4853685682021855e+00
26 54 -3.1924387753362971e+00
27 27 5.6992014548667051e+07
27 32 -2.2778075237050954e+00
27 53 -2.7528181105697351e+00
28 28 6.5495214575703211e+07
28 33 -2.6459207963146536e+00
28 55 -3.1255222012185788e+00
29 29 6.2589599299771108e+07
29 34 -2.4560323587958601e+00
29 52 -3.0391556283847287e+00
30 5 -2.2920784050402139e+00
30 13 -2.3531191919465626e+00
30 30 5.6473125353146084e+07
30 32 -2.5645092283717976e+00
31 12 -2.4479891590920420e+00
31 26 -2.4853685682021855e+00
31 31 6.2342752757027969e+07
31 49 -2.6331354440220784e+00
32 11 -2.4301891679436283e+00
32 27 -2.2778075237050954e+00
32 30 -2.5645092283717976e+00
32 32 5.6455024365430117e+07
33 14 -2.0249649450759750e+00
33 25 -2.4006057584178988e+00
33 28 -2.6459207963146536e+00
33 33 5.0747114491742611e+07
34 2 -2.4055217626031489e+00
34 14 -2.1523011993920078e+00
34 29 -2.4560323587958601e+00
34 34 5.2824986138196446e+07
35 6 -2.1797244394346107e+00
35 24 -2.4708117711934037e+00
35 35 5.2346704131204702e+07
35 65 -2.8207643891142671e+00
36 7 -2.2093967706672890e+00
36 19 -2.4207808882483155e+00
36 36 5.5744272225803442e+07
36 66 -2.9765311307406974e+00
37 37 5.2523539443855643e+07
37 41 -3.0924936177656228e+00
37 54 -1.7916180490423361e+00
38 38 5.2490076040729001e+07
38 42 -3.0921785982405852e+00
38 53 -1.9121138990760815e+00
39 39 5.2319194419364229e+07
39 40 -3.0921784437804440e+00
39 55 -1.8047641769892879e+00
40 39 -3.0921784437804440e+00
40 40 5.2489940777839728e+07
40 58 -1.9110456032024128e+00
41 37 -3.0924936177656228e+00
41 41 5.2523168133306168e+07
41 57 -1.9100527000579826e+00
42 38 -3.0921785982405852e+00
42 42 5.2319195328804828e+07
42 56 -1.8196256682692096e+00
43 43 5.2288620043174356e+07
43 44 -3.0918677521434694e+00
43 59 -1.9103698798459352e+00
44 43 -3.0918677521434694e+00
44 44 5.2288615103976548e+07
44 52 -1.8180536219821719e+00
45 1 -2.3378181785831340e+00
45 45 5.7346944877513096e+07
45 51 -2.7545104742460023e+00
45 64 -2.1477129645827344e+00
46 9 -2.7118414612758039e+00
46 21 -2.6744887456329440e+00
46 46 4.9823003563727498e+07
46 66 -1.9352698319338386e+00
47 8 -1.8423750473920986e+00
47 15 -2.7582079461806224e+00
47 47 5.1774724678336255e+07
47 50 -2.7278512687666288e+00
48 9 -1.8414736323486707e+00
48 15 -2.7966732071339990e+00
48 48 5.4466758442314357e+07
48 51 -2.7934580951004908e+00
49 8 -2.6305664391321777e+00
49 31 -2.6331354440220784e+00
49 49 4.9387085445856661e+07
49 65 -2.0453523669103042e+00
50 47 -2.7278512687666288e+00
50 50 5.0767015563417032e+07
50 64 -3.0863735777875547e+00
50 65 -1.9767752909034391e+00
51 45 -2.7545104742460023e+00
51 48 -2.7934580951004908e+00
51 51 5.1822297740711048e+07
51 66 -1.9741676517743985e+00
52 29 -3.0391556283847287e+00
52 44 -1.8180536219821719e+00
52 52 4.7355860742180020e+07
52 60 -2.4214109615420609e+00
53 27 -2.7528181105697351e+00
53 38 -1.9121138990760815e+00
53 53 4.2854101365272567e+07
53 61 -2.1662934035155863e+00
54 26 -3.1924387753362971e+00
54 37 -1.7916180490423361e+00
54 54 4.8281169690806568e+07
54 62 -2.4229612896541282e+00
55 28 -3.1255222012185788e+00
55 39 -1.8047641769892879e+00
55 55 4.7733896962434486e+07
55 63 -2.4224344249405165e+00
56 16 -3.1144737285070723e+00
56 42 -1.8196256682692096e+00
56 56 4.6718247964305587e+07
56 61 -2.3151968614412568e+00
57 17 -2.8177336995260460e+00
57 41 -1.9100527000579826e+00
57 57 4.2624559761018507e+07
57 62 -2.0979202943305300e+00
58 18 -2.8382719059006787e+00
58 40 -1.9110456032024128e+00
58 58 4.2431026805800624e+07
58 63 -2.0780583212990948e+00
59 22 -2.8389975862085746e+00
59 43 -1.9103698798459352e+00
59 59 4.2407437005431287e+07
59 60 -2.0655008911311499e+00
60 7 -2.7020871116869887e+00
60 52 -2.4214109615420609e+00
60 59 -2.0655008911311499e+00
60 60 4.5654306084002860e+07
61 5 -2.6455341710251381e+00
61 53 -2.1662934035155863e+00
61 56 -2.3151968614412568e+00
61 61 4.5855495834440038e+07
62 3 -2.5441978729991885e+00
62 54 -2.4229612896541282e+00
62 57 -2.0979202943305300e+00
62 62 4.5360431378542133e+07
63 6 -2.6481658172254927e+00
63 55 -2.4224344249405165e+00
63 58 -2.0780583212990948e+00
63 63 4.4882670064364612e+07
64 4 -1.9990023032832547e+00
64 45 -2.1477129645827344e+00
64 50 -3.0863735777875547e+00
64 64 5.0885112011258289e+07
65 35 -2.8207643891142671e+00
65 49 -2.0453523669103042e+00
65 50 -1.9767752909034391e+00
65 65 4.2248201383489065e+07
66 36 -2.9765311307406974e+00
66 46 -1.9352698319338386e+00
66 51 -1.9741676517743985e+00
66 66 4.2647052809514485e+07
