%%MatrixMarket matrix coordinate real general
66 66 244
1 1 7.3652420663314849e+07
1 2 -3.4409523307290675e+00
1 7 -2.5115675873543939e+00
1 45 -2.3378181834830203e+00
2 1 -3.4409523307290675e+00
2 2 6.3791025180562586e+07
2 25 -2.1345344088436065e+00
2 34 -2.4055222126808107e+00
3 3 5.7924922870127082e+07
3 8 -3.0727478819028096e+00
3 20 -2.2786712298297305e+00
3 62 -2.5441894150247522e+00
4 4 5.7164227502942018e+07
4 6 -2.7976452232249662e+00
4 25 -2.8835222478000775e+00
4 64 -1.9990022729346932e+00
5 5 6.0885265879868992e+07
5 9 -3.0412481516598890e+00
5 30 -2.2920749350666045e+00
5 61 -2.6455294861200445e+00
6 4 -2.7976452232249662e+00
6 6 5.4592351362813838e+07
6 35 -2.1797211125036600e+00
6 63 -2.6481611568174070e+00
7 1 -2.5115675873543939e+00
7 7 5.8590352610078983e+07
7 36 -2.2093968204523655e+00
7 60 -2.7020872435494376e+00
8 3 -3.0727478819028096e+00
8 8 5.1215688266286381e+07
8 47 -1.8423747832412334e+00
8 49 -2.6305628256577718e+00
9 5 -3.0412481516598890e+00
9 9 5.3969099603019930e+07
9 46 -2.7118414634952486e+00
9 48 -1.8414736029469183e+00
10 10 5.8804883724039748e+07
10 19 -2.3031084539943154e+00
10 21 -2.4331862021499751e+00
11 11 5.8575459610100880e+07
11 23 -2.3626014863682205e+00
11 32 -2.4300773751519458e+00
12 12 5.8586898903319098e+07
12 24 -2.2831939711597404e+00
12 31 -2.4478838884012406e+00
13 13 5.7097466570894770e+07
13 15 -2.4518448928397523e+00
13 20 -2.3749888615580459e+00
13 30 -2.3531156187416187e+00
14 14 4.7277524167462379e+07
14 33 -2.0249662897054237e+00
14 34 -2.1523026355696655e+00
15 13 -2.4518448928397523e+00
15 15 6.5586865103063650e+07
15 47 -2.7582078985067269e+00
15 48 -2.7966731752260250e+00
16 16 6.6180427401397191e+07
16 21 -2.4761264566394772e+00
16 56 -3.1144728747287567e+00
17 17 5.9650664705464348e+07
17 23 -2.3996109035922322e+00
17 57 -2.8175884340887234e+00
18 18 6.0610391830611914e+07
18 24 -2.5028107887238908e+00
18 58 -2.8381301530201752e+00
19 10 -2.3031084539943154e+00
19 19 5.6669561322799146e+07
19 22 -2.4885238369326332e+00
19 36 -2.4207813289885425e+00
20 3 -2.2786712298297305e+00
20 13 -2.3749888615580459e+00
20 20 5.6100173867647514e+07
20 23 -2.5587543999082820e+00
21 10 -2.4331862021499751e+00
21 16 -2.4761264566394772e+00
21 21 6.2513563543288879e+07
21 46 -2.6744892008432712e+00
22 19 -2.4885238369326332e+00
22 22 6.0509560118539035e+07
22 59 -2.8389994173495681e+00
23 11 -2.3626014863682205e+00
23 17 -2.3996109035922322e+00
23 20 -2.5587543999082820e+00
23 23 5.8059006683090061e+07
24 12 -2.2831939711597404e+00
24 18 -2.5028107887238908e+00
24 24 5.6034910111822873e+07
24 35 -2.4707792484266644e+00
25 2 -2.1345344088436065e+00
25 4 -2.8835222478000775e+00
25 25 5.7425158249107003e+07
25 33 -2.4006062269216146e+00
26 26 6.7561877579488367e+07
26 31 -2.4852720141367990e+00
26 54 -3.1922994199195074e+00
27 27 5.6908030199427642e+07
27 32 -2.2777012840885180e+00
27 53 -2.7526732477059217e+00
28 28 6.5496158735188037e+07
28 33 -2.6459220727703952e+00
28 55 -3.1255213738049012e+00
29 29 6.2590790101500779e+07
29 34 -2.4560337900478131e+00
29 52 -3.0391574584780137e+00
30 5 -2.2920749350666045e+00
30 13 -2.3531156187416187e+00
30 30 5.6469300865349509e+07
30 32 -2.5644754832649905e+00
31 12 -2.4478838884012406e+00
31 26 -2.4852720141367990e+00
31 31 6.2310983819011785e+07
31 49 -2.6331030831558189e+00
32 11 -2.4300773751519458e+00
32 27 -2.2777012840885180e+00
32 30 -2.5644754832649905e+00
32 32 5.6421169741854936e+07
33 14 -2.0249662897054237e+00
33 25 -2.4006062269216146e+00
33 28 -2.6459220727703952e+00
33 33 5.0747584989060462e+07
34 2 -2.4055222126808107e+00
34 14 -2.1523026355696655e+00
34 29 -2.4560337900478131e+00
34 34 5.2825493435837358e+07
35 6 -2.1797211125036600e+00
35 24 -2.4707792484266644e+00
35 35 5.2343201990367167e+07
35 65 -2.8207596336053768e+00
36 7 -2.2093968204523655e+00
36 19 -2.4207813289885425e+00
36 36 5.5744322026657045e+07
36 66 -2.9765311990439525e+00
37 37 5.2422747087838858e+07
37 41 -3.0922231241888554e+00
37 54 -1.7915152887662025e+00
38 38 5.2412020920912825e+07
38 42 -3.0920465046683749e+00
38 53 -1.9120136848033913e+00
39 39 5.2300045782582447e+07
39 40 -3.0920464810098629e+00
39 55 -1.8047496281387312e+00
40 39 -3.0920464810098629e+00
40 40 5.2411999416796766e+07
40 58 -1.9109465225032571e+00
41 37 -3.0922231241888554e+00
41 41 5.2422497614837572e+07
41 57 -1.9099346234146395e+00
42 38 -3.0920465046683749e+00
42 42 5.2300044918040089e+07
42 56 -1.8196108752071098e+00
43 43 5.2290027011453569e+07
43 44 -3.0918710548681414e+00
43 59 -1.9103713757824692e+00
44 43 -3.0918710548681414e+00
44 44 5.2290024092792079e+07
44 52 -1.8180549786769205e+00
45 1 -2.3378181834830203e+00
45 45 5.7346945023187138e+07
45 51 -2.7545104747055063e+00
45 64 -2.1477129618667874e+00
46 9 -2.7118414634952486e+00
46 21 -2.6744892008432712e+00
46 46 4.9823047189963736e+07
46 66 -1.9352698735636125e+00
47 8 -1.8423747832412334e+00
47 15 -2.7582078985067269e+00
47 47 5.1774705318303555e+07
47 50 -2.7278512134793504e+00
48 9 -1.8414736029469183e+00
48 15 -2.7966731752260250e+00
48 48 5.4466755518079534e+07
48 51 -2.7934580923611336e+00
49 8 -2.6305628256577718e+00
49 31 -2.6331030831558189e+00
49 49 4.9383904479063958e+07
49 65 -2.0453491163330022e+00
50 47 -2.7278512134793504e+00
50 50 5.0766982462079599e+07
50 64 -3.0863735332611175e+00
50 65 -1.9767748180160341e+00
51 45 -2.7545104747055063e+00
51 48 -2.7934580923611336e+00
51 51 5.1822298052960120e+07
51 66 -1.9741676580962477e+00
52 29 -3.0391574584780137e+00
52 44 -1.8180549786769205e+00
52 52 4.7356340662361905e+07
52 60 -2.4214115819083157e+00
53 27 -2.7526732477059217e+00
53 38 -1.9120136848033913e+00
53 53 4.2821367426194638e+07
53 61 -2.1662576347488920e+00
54 26 -3.1922994199195074e+00
54 37 -1.7915152887662025e+00
54 54 4.8248866383659668e+07
54 62 -2.4229193724492522e+00
55 28 -3.1255213738049012e+00
55 39 -1.8047496281387312e+00
55 55 4.7732200456415504e+07
55 63 -2.4224288051846123e+00
56 16 -3.1144728747287567e+00
56 42 -1.8196108752071098e+00
56 56 4.6716532449283607e+07
56 61 -2.3151911587184801e+00
57 17 -2.8175884340887234e+00
57 41 -1.9099346234146395e+00
57 57 4.2590627329480641e+07
57 62 -2.0978805940793150e+00
58 18 -2.8381301530201752e+00
58 40 -1.9109465225032571e+00
58 58 4.2399623251082875e+07
58 63 -2.0780246865808576e+00
59 22 -2.8389994173495681e+00
59 43 -1.9103713757824692e+00
59 59 4.2407914674086392e+07
59 60 -2.0655014467291744e+00
60 7 -2.7020872435494376e+00
60 52 -2.4214115819083157e+00
60 59 -2.0655014467291744e+00
60 60 4.5654419836802043e+07
61 5 -2.6455294861200445e+00
61 53 -2.1662576347488920e+00
61 56 -2.3151911587184801e+00
61 61 4.5851366278949641e+07
62 3 -2.5441894150247522e+00
62 54 -2.4229193724492522e+00
62 57 -2.0978805940793150e+00
62 62 4.5352708989756003e+07
63 6 -2.6481611568174070e+00
63 55 -2.4224288051846123e+00
63 58 -2.0780246865808576e+00
63 63 4.4878852695717841e+07
64 4 -1.9990022729346932e+00
64 45 -2.1477129618667874e+00
64 50 -3.0863735332611175e+00
64 64 5.0885108458903491e+07
65 35 -2.8207596336053768e+00
65 49 -2.0453491163330022e+00
65 50 -1.9767748180160341e+00
65 65 4.2247677430024095e+07
66 36 -2.9765311990439525e+00
66 46 -1.9352698735636125e+00
66 51 -1.9741676580962477e+00
66 66 4.2647059969076343e+07
