%%MatrixMarket matrix coordinate real general
66 66 244
1 1 7.3652352200008690e+07
1 2 -3.4409519454693118e+00
1 7 -2.5115674341719676e+00
1 45 -2.3378181372115368e+00
2 1 -3.4409519454693118e+00
2 2 6.3790705368985690e+07
2 25 -2.1345340299379449e+00
2 34 -2.4055207770983933e+00
3 3 5.7933898449767910e+07
3 8 -3.0727618626365292e+00
3 20 -2.2786932823432227e+00
3 62 -2.5442344034791486e+00
4 4 5.7164877544081390e+07
4 6 -2.7976511792668832e+00
4 25 -2.8835226839667167e+00
4 64 -1.9990028296010225e+00
5 5 6.0891146228263415e+07
5 9 -3.0412549902918813e+00
5 30 -2.2920944788758968e+00
5 61 -2.6455544223712875e+00
6 4 -2.7976511792668832e+00
6 6 5.4597782526606694e+07
6 35 -2.1797398211494921e+00
6 63 -2.6481860360791547e+00
7 1 -2.5115674341719676e+00
7 7 5.8590215856393412e+07
7 36 -2.2093965148960133e+00
7 60 -2.7020865380945800e+00
8 3 -3.0727618626365292e+00
8 8 5.1219308973237805e+07
8 47 -1.8423776420319822e+00
8 49 -2.6305832638430173e+00
9 5 -3.0412549902918813e+00
9 9 5.3969782782454073e+07
9 46 -2.7118420246953625e+00
9 48 -1.8414741286696144e+00
10 10 5.8802435360750884e+07
10 19 -2.3031053834627868e+00
10 21 -2.4331832791826593e+00
11 11 5.8749379257719018e+07
11 23 -2.3628545103348029e+00
11 32 -2.4303416823593267e+00
12 12 5.8759345626611769e+07
12 24 -2.2834396619955819e+00
12 31 -2.4481334020270782e+00
13 13 5.7102340765256122e+07
13 15 -2.4518491946563215e+00
13 20 -2.3750086632089200e+00
13 30 -2.3531355659726456e+00
14 14 4.7275381556547076e+07
14 33 -2.0249635330322735e+00
14 34 -2.1522995272930756e+00
15 13 -2.4518491946563215e+00
15 15 6.5587431812281355e+07
15 47 -2.7582088019204121e+00
15 48 -2.7966737834331603e+00
16 16 6.6179909002208896e+07
16 21 -2.4761251283747527e+00
16 56 -3.1144824988815198e+00
17 17 5.9827727711946927e+07
17 23 -2.3998679270254923e+00
17 57 -2.8179355442941105e+00
18 18 6.0786016811479971e+07
18 24 -2.5030780555179275e+00
18 58 -2.8384627320924891e+00
19 10 -2.3031053834627868e+00
19 19 5.6668128501482755e+07
19 22 -2.4885204932863432e+00
19 36 -2.4207798824340596e+00
20 3 -2.2786932823432227e+00
20 13 -2.3750086632089200e+00
20 20 5.6119263667711735e+07
20 23 -2.5588627960219679e+00
21 10 -2.4331832791826593e+00
21 16 -2.4761251283747527e+00
21 21 6.2512339242486872e+07
21 46 -2.6744879144451086e+00
22 19 -2.4885204932863432e+00
22 22 6.0507024031750999e+07
22 59 -2.8389950777451576e+00
23 11 -2.3628545103348029e+00
23 17 -2.3998679270254923e+00
23 20 -2.5588627960219679e+00
23 23 5.8162498541878618e+07
24 12 -2.2834396619955819e+00
24 18 -2.5030780555179275e+00
24 24 5.6136015878164701e+07
24 35 -2.4708862777630305e+00
25 2 -2.1345340299379449e+00
25 4 -2.8835226839667167e+00
25 25 5.7424937131801687e+07
25 33 -2.4006049568162466e+00
26 26 6.7741528407305762e+07
26 31 -2.4855122451881462e+00
26 54 -3.1926454224911520e+00
27 27 5.7080336942390040e+07
27 32 -2.2779517217301701e+00
27 53 -2.7530070757075000e+00
28 28 6.5495560166041881e+07
28 33 -2.6459204365202571e+00
28 55 -3.1255308554451440e+00
29 29 6.2588221214106448e+07
29 34 -2.4560303676629278e+00
29 52 -3.0391530335880161e+00
30 5 -2.2920944788758968e+00
30 13 -2.3531355659726456e+00
30 30 5.6488881982954890e+07
30 32 -2.5645862643672892e+00
31 12 -2.4481334020270782e+00
31 26 -2.4855122451881462e+00
31 31 6.2411721112754740e+07
31 49 -2.6332116057763417e+00
32 11 -2.4303416823593267e+00
32 27 -2.2779517217301701e+00
32 30 -2.5645862643672892e+00
32 32 5.6525127548780076e+07
33 14 -2.0249635330322735e+00
33 25 -2.4006049568162466e+00
33 28 -2.6459204365202571e+00
33 33 5.0746371569776788e+07
34 2 -2.4055207770983933e+00
34 14 -2.1522995272930756e+00
34 29 -2.4560303676629278e+00
34 34 5.2824005452751070e+07
35 6 -2.1797398211494921e+00
35 24 -2.4708862777630305e+00
35 35 5.2361111790766388e+07
35 65 -2.8207860284559363e+00
36 7 -2.2093965148960133e+00
36 19 -2.4207798824340596e+00
36 36 5.5744059468204118e+07
36 66 -2.9765308148034753e+00
37 37 5.2633280423554510e+07
37 41 -3.0927960059982649e+00
37 54 -1.7917563554734290e+00
38 38 5.2560670635795832e+07
38 42 -3.0923254692489701e+00
38 53 -1.9122372960503615e+00
39 39 5.2351205924170591e+07
39 40 -3.0923249156815000e+00
39 55 -1.8047919665902081e+00
40 39 -3.0923249156815000e+00
40 40 5.2560217809248202e+07
40 58 -1.9111675644193951e+00
41 37 -3.0927960059982649e+00
41 41 5.2633606795326769e+07
41 57 -1.9102102856276275e+00
42 38 -3.0923254692489701e+00
42 42 5.2351251977645941e+07
42 56 -1.8196539898625874e+00
43 43 5.2287138159846552e+07
43 44 -3.0918642778219674e+00
43 59 -1.9103679355747105e+00
44 43 -3.0918642778219674e+00
44 44 5.2287138032205731e+07
44 52 -1.8180518413767872e+00
45 1 -2.3378181372115368e+00
45 45 5.7346948484908693e+07
45 51 -2.7545104802563536e+00
45 64 -2.1477130548470633e+00
46 9 -2.7118420246953625e+00
46 21 -2.6744879144451086e+00
46 46 4.9822897927028023e+07
46 66 -1.9352697029064536e+00
47 8 -1.8423776420319822e+00
47 15 -2.7582088019204121e+00
47 47 5.1775109128573664e+07
47 50 -2.7278522188136507e+00
48 9 -1.8414741286696144e+00
48 15 -2.7966737834331603e+00
48 48 5.4466851493244968e+07
48 51 -2.7934581950493182e+00
49 8 -2.6305832638430173e+00
49 31 -2.6332116057763417e+00
49 49 4.9400310027515247e+07
49 65 -2.0453674458893780e+00
50 47 -2.7278522188136507e+00
50 50 5.0767532647583991e+07
50 64 -3.0863743377918222e+00
50 65 -1.9767791340546144e+00
51 45 -2.7545104802563536e+00
51 48 -2.7934581950493182e+00
51 51 5.1822300151887290e+07
51 66 -1.9741676107561921e+00
52 29 -3.0391530335880161e+00
52 44 -1.8180518413767872e+00
52 52 4.7354873074664310e+07
52 60 -2.4214094770468853e+00
53 27 -2.7530070757075000e+00
53 38 -1.9122372960503615e+00
53 53 4.2915893131257191e+07
53 61 -2.1663683764852175e+00
54 26 -3.1926454224911520e+00
54 37 -1.7917563554734290e+00
54 54 4.8349963638721414e+07
54 62 -2.4230636683591129e+00
55 28 -3.1255308554451440e+00
55 39 -1.8047919665902081e+00
55 55 4.7741479938630983e+07
55 63 -2.4224569427549878e+00
56 16 -3.1144824988815198e+00
56 42 -1.8196539898625874e+00
56 56 4.6725883713599071e+07
56 61 -2.3152195106479767e+00
57 17 -2.8179355442941105e+00
57 41 -1.9102102856276275e+00
57 57 4.2693617261146553e+07
57 62 -2.0980141073509313e+00
58 18 -2.8384627320924891e+00
58 40 -1.9111675644193951e+00
58 58 4.2490908346974209e+07
58 63 -2.0781291109314437e+00
59 22 -2.8389950777451576e+00
59 43 -1.9103679355747105e+00
59 59 4.2406485422436714e+07
59 60 -2.0654995890479366e+00
60 7 -2.7020865380945800e+00
60 52 -2.4214094770468853e+00
60 59 -2.0654995890479366e+00
60 60 4.5653866948775515e+07
61 5 -2.6455544223712875e+00
61 53 -2.1663683764852175e+00
61 56 -2.3152195106479767e+00
61 61 4.5871112028332420e+07
62 3 -2.5442344034791486e+00
62 54 -2.4230636683591129e+00
62 57 -2.0980141073509313e+00
62 62 4.5390236744505152e+07
63 6 -2.6481860360791547e+00
63 55 -2.4224569427549878e+00
63 58 -2.0781291109314437e+00
63 63 4.4897219402514853e+07
64 4 -1.9990028296010225e+00
64 45 -2.1477130548470633e+00
64 50 -3.0863743377918222e+00
64 64 5.0885221830789976e+07
65 35 -2.8207860284559363e+00
65 49 -2.0453674458893780e+00
65 50 -1.9767791340546144e+00
65 65 4.2252224407026343e+07
66 36 -2.9765308148034753e+00
66 46 -1.9352697029064536e+00
66 51 -1.9741676107561921e+00
66 66 4.2647002105575524e+07
