%%MatrixMarket matrix coordinate real general
66 66 244
1 1 7.3652417842110902e+07
1 2 -3.4409522962639159e+00
1 7 -2.5115675803333106e+00
1 45 -2.3378181814325210e+00
2 1 -3.4409522962639159e+00
2 2 6.3790993264326744e+07
2 25 -2.1345343653765410e+00
2 34 -2.4055219473213989e+00
3 3 5.7925361780596241e+07
3 8 -3.0727485336125819e+00
3 20 -2.2786730383270215e+00
3 62 -2.5441937019372562e+00
4 4 5.7164240893326506e+07
4 6 -2.7976455054436808e+00
4 25 -2.8835222312480782e+00
4 64 -1.9990022834476231e+00
5 5 6.0885560296431758e+07
5 9 -3.0412484736479555e+00
5 30 -2.2920766669401842e+00
5 61 -2.6455318571868860e+00
6 4 -2.7976455054436808e+00
6 6 5.4592626103070833e+07
6 35 -2.1797227739238028e+00
6 63 -2.6481635131617169e+00
7 1 -2.5115675803333106e+00
7 7 5.8590346012883872e+07
7 36 -2.2093967960826064e+00
7 60 -2.7020871769772743e+00
8 3 -3.0727485336125819e+00
8 8 5.1215835363698870e+07
8 47 -1.8423748925912997e+00
8 49 -2.6305646344030666e+00
9 5 -3.0412484736479555e+00
9 9 5.3969113962980099e+07
9 46 -2.7118414551061520e+00
9 48 -1.8414736132175300e+00
10 10 5.8804067560328357e+07
10 19 -2.3031075892867583e+00
10 21 -2.4331853422035783e+00
11 11 5.8632631466800772e+07
11 23 -2.3626712410363200e+00
11 32 -2.4301504363859032e+00
12 12 5.8643914945522070e+07
12 24 -2.2832621264630366e+00
12 31 -2.4479526651040007e+00
13 13 5.7097697197232403e+07
13 15 -2.4518450843872683e+00
13 20 -2.3749905930925594e+00
13 30 -2.3531174081627046e+00
14 14 4.7276710300450869e+07
14 33 -2.0249653855975049e+00
14 34 -2.1523016743719072e+00
15 13 -2.4518450843872683e+00
15 15 6.5586876389222682e+07
15 47 -2.7582079151265302e+00
15 48 -2.7966731863514904e+00
16 16 6.6179745666965321e+07
16 21 -2.4761257341282645e+00
16 56 -3.1144730521298443e+00
17 17 5.9707195600512646e+07
17 23 -2.3996804933811742e+00
17 57 -2.8176830500075130e+00
18 18 6.0666468200928695e+07
18 24 -2.5028832990422480e+00
18 58 -2.8382227083059486e+00
19 10 -2.3031075892867583e+00
19 19 5.6669283907094352e+07
19 22 -2.4885229239193403e+00
19 36 -2.4207810708537774e+00
20 3 -2.2786730383270215e+00
20 13 -2.3749905930925594e+00
20 20 5.6102028032894202e+07
20 23 -2.5587735395764248e+00
21 10 -2.4331853422035783e+00
21 16 -2.4761257341282645e+00
21 21 6.2513298906522252e+07
21 46 -2.6744889318645026e+00
22 19 -2.4885229239193403e+00
22 22 6.0508753282374360e+07
22 59 -2.8389982225596917e+00
23 11 -2.3626712410363200e+00
23 17 -2.3996804933811742e+00
23 20 -2.5587735395764248e+00
23 23 5.8078780130895041e+07
24 12 -2.2832621264630366e+00
24 18 -2.5028832990422480e+00
24 24 5.6054343599507987e+07
24 35 -2.4707983465727601e+00
25 2 -2.1345343653765410e+00
25 4 -2.8835222312480782e+00
25 25 5.7425127828307107e+07
25 33 -2.4006059468688670e+00
26 26 6.7615985558709815e+07
26 31 -2.4853342845708841e+00
26 54 -3.1923893525400326e+00
27 27 5.6965040398154579e+07
27 32 -2.2777708116635105e+00
27 53 -2.7527683324886403e+00
28 28 6.5495473014832459e+07
28 33 -2.6459211963907747e+00
28 55 -3.1255215380137980e+00
29 29 6.2589990513808005e+07
29 34 -2.4560328596226504e+00
29 52 -3.0391562701136450e+00
30 5 -2.2920766669401842e+00
30 13 -2.3531174081627046e+00
30 30 5.6471252869883604e+07
30 32 -2.5644953231814651e+00
31 12 -2.4479526651040007e+00
31 26 -2.4853342845708841e+00
31 31 6.2329750950486541e+07
31 49 -2.6331219583986796e+00
32 11 -2.4301504363859032e+00
32 27 -2.2777708116635105e+00
32 30 -2.5644953231814651e+00
32 32 5.6441323895159088e+07
33 14 -2.0249653855975049e+00
33 25 -2.4006059468688670e+00
33 28 -2.6459211963907747e+00
33 33 5.0747299300361276e+07
34 2 -2.4055219473213989e+00
34 14 -2.1523016743719072e+00
34 29 -2.4560328596226504e+00
34 34 5.2825188829030350e+07
35 6 -2.1797227739238028e+00
35 24 -2.4707983465727601e+00
35 35 5.2344990790870100e+07
35 65 -2.8207620166281537e+00
36 7 -2.2093967960826064e+00
36 19 -2.4207810708537774e+00
36 36 5.5744296752836943e+07
36 66 -2.9765311650031636e+00
37 37 5.2490474173461989e+07
37 41 -3.0924043517203428e+00
37 54 -1.7915823744877568e+00
38 38 5.2465849571599431e+07
38 42 -3.0921350028850703e+00
38 53 -1.9120799874451166e+00
39 39 5.2311731345853865e+07
39 40 -3.0921349103728542e+00
39 55 -1.8047583243042835e+00
40 39 -3.0921349103728542e+00
40 40 5.2465767228399843e+07
40 58 -1.9110121069831831e+00
41 37 -3.0924043517203428e+00
41 41 5.2490098109924719e+07
41 57 -1.9100116849459940e+00
42 38 -3.0921350028850703e+00
42 42 5.2311730323788896e+07
42 56 -1.8196197146278092e+00
43 43 5.2289077295255296e+07
43 44 -3.0918688254419964e+00
43 59 -1.9103703964007774e+00
44 43 -3.0918688254419964e+00
44 44 5.2289072627439611e+07
44 52 -1.8180540910463532e+00
45 1 -2.3378181814325210e+00
45 45 5.7346944960971415e+07
45 51 -2.7545104745111728e+00
45 64 -2.1477129626484635e+00
46 9 -2.7118414551061520e+00
46 21 -2.6744889318645026e+00
46 46 4.9823024345209554e+07
46 66 -1.9352698523016545e+00
47 8 -1.8423748925912997e+00
47 15 -2.7582079151265302e+00
47 47 5.1774711896103382e+07
47 50 -2.7278512329320979e+00
48 9 -1.8414736132175300e+00
48 15 -2.7966731863514904e+00
48 48 5.4466756368809268e+07
48 51 -2.7934580931160227e+00
49 8 -2.6305646344030666e+00
49 31 -2.6331219583986796e+00
49 49 4.9385525613059759e+07
49 65 -2.0453507384631338e+00
50 47 -2.7278512329320979e+00
50 50 5.0766994343174987e+07
50 64 -3.0863735489663320e+00
50 65 -1.9767750212243824e+00
51 45 -2.7545104745111728e+00
51 48 -2.7934580931160227e+00
51 51 5.1822297921501108e+07
51 66 -1.9741676553502570e+00
52 29 -3.0391562701136450e+00
52 44 -1.8180540910463532e+00
52 52 4.7356055136502638e+07
52 60 -2.4214112220454971e+00
53 27 -2.7527683324886403e+00
53 38 -1.9120799874451166e+00
53 53 4.2841106722984225e+07
53 61 -2.1662788533762090e+00
54 26 -3.1923893525400326e+00
54 37 -1.7915823744877568e+00
54 54 4.8268024254796848e+07
54 62 -2.4229436851724260e+00
55 28 -3.1255215380137980e+00
55 39 -1.8047583243042835e+00
55 55 4.7733033669393539e+07
55 63 -2.4224316657509912e+00
56 16 -3.1144730521298443e+00
56 42 -1.8196197146278092e+00
56 56 4.6717375914296396e+07
56 61 -2.3151940673725053e+00
57 17 -2.8176830500075130e+00
57 41 -1.9100116849459940e+00
57 57 4.2610874460829712e+07
57 62 -2.0979036930007675e+00
58 18 -2.8382227083059486e+00
58 40 -1.9110121069831831e+00
58 58 4.2418534306135148e+07
58 63 -2.0780446365294178e+00
59 22 -2.8389982225596917e+00
59 43 -1.9103703964007774e+00
59 59 4.2407629206947058e+07
59 60 -2.0655011233298102e+00
60 7 -2.7020871769772743e+00
60 52 -2.4214112220454971e+00
60 59 -2.0655011233298102e+00
60 60 4.5654361265751280e+07
61 5 -2.6455318571868860e+00
61 53 -2.1662788533762090e+00
61 56 -2.3151940673725053e+00
61 61 4.5853504028021783e+07
62 3 -2.5441937019372562e+00
62 54 -2.4229436851724260e+00
62 57 -2.0979036930007675e+00
62 62 4.5356692965317838e+07
63 6 -2.6481635131617169e+00
63 55 -2.4224316657509912e+00
63 58 -2.0780446365294178e+00
63 63 4.4880826506693207e+07
64 4 -1.9990022834476231e+00
64 45 -2.1477129626484635e+00
64 50 -3.0863735489663320e+00
64 64 5.0885109501111031e+07
65 35 -2.8207620166281537e+00
65 49 -2.0453507384631338e+00
65 50 -1.9767750212243824e+00
65 65 4.2247904854534365e+07
66 36 -2.9765311650031636e+00
66 46 -1.9352698523016545e+00
66 51 -1.9741676553502570e+00
66 66 4.2647056855209611e+07
