%%MatrixMarket matrix coordinate real general
66 66 244
1 1 7.3652421112778246e+07
1 2 -3.4409523413654952e+00
1 7 -2.5115675885471918e+00
1 45 -2.3378181838004415e+00
2 1 -3.4409523413654952e+00
2 2 6.3791035451675899e+07
2 25 -2.1345344230265844e+00
2 34 -2.4055223843600255e+00
3 3 5.7924846347771011e+07
3 8 -3.0727477704921231e+00
3 20 -2.2786706959445282e+00
3 62 -2.5441880469106066e+00
4 4 5.7164226355892591e+07
4 6 -2.7976451746124025e+00
4 25 -2.8835222565953682e+00
4 64 -1.9990022720632894e+00
5 5 6.0885214115778878e+07
5 9 -3.0412480963829429e+00
5 30 -2.2920744039331939e+00
5 61 -2.6455287318140694e+00
6 4 -2.7976451746124025e+00
6 6 5.4592302852915652e+07
6 35 -2.1797206017218027e+00
6 63 -2.6481604094075504e+00
7 1 -2.5115675885471918e+00
7 7 5.8590353761820614e+07
7 36 -2.2093968275452438e+00
7 60 -2.7020872645887044e+00
8 3 -3.0727477704921231e+00
8 8 5.1215664604050122e+07
8 47 -1.8423747659950620e+00
8 49 -2.6305622616126589e+00
9 5 -3.0412480963829429e+00
9 9 5.3969098346438304e+07
9 46 -2.7118414699887543e+00
9 48 -1.8414736020645406e+00
10 10 5.8806145949303932e+07
10 19 -2.3031095960956560e+00
10 21 -2.4331873449600474e+00
11 11 5.8487955719840519e+07
11 23 -2.3625102965045932e+00
11 32 -2.4299820064773980e+00
12 12 5.8499521535887003e+07
12 24 -2.2831046413035048e+00
12 31 -2.4477935117381500e+00
13 13 5.7097426818692513e+07
13 15 -2.4518448605302665e+00
13 20 -2.3749883294158280e+00
13 30 -2.3531150635585258e+00
14 14 4.7278949634548567e+07
14 33 -2.0249676266497367e+00
14 34 -2.1523040447802493e+00
15 13 -2.4518448605302665e+00
15 15 6.5586864053913236e+07
15 47 -2.7582078970013919e+00
15 48 -2.7966731742188946e+00
16 16 6.6181565515990987e+07
16 21 -2.4761274589768019e+00
16 56 -3.1144739118604221e+00
17 17 5.9564843931137271e+07
17 23 -2.3995206793203279e+00
17 57 -2.8174658129406698e+00
18 18 6.0525639525746576e+07
18 24 -2.5027170422435971e+00
18 58 -2.8380095246032773e+00
19 10 -2.3031095960956560e+00
19 19 5.6669744461335346e+07
19 22 -2.4885250261733183e+00
19 36 -2.4207814920626070e+00
20 3 -2.2786706959445282e+00
20 13 -2.3749883294158280e+00
20 20 5.6099573409763068e+07
20 23 -2.5587423075149429e+00
21 10 -2.4331873449600474e+00
21 16 -2.4761274589768019e+00
21 21 6.2513738136920616e+07
21 46 -2.6744893711572777e+00
22 19 -2.4885250261733183e+00
22 22 6.0510790044656947e+07
22 59 -2.8390009721109810e+00
23 11 -2.3625102965045932e+00
23 17 -2.3995206793203279e+00
23 20 -2.5587423075149429e+00
23 23 5.8045928104062043e+07
24 12 -2.2831046413035048e+00
24 18 -2.5027170422435971e+00
24 24 5.6022028502441190e+07
24 35 -2.4707671447247801e+00
25 2 -2.1345344230265844e+00
25 4 -2.8835222565953682e+00
25 25 5.7425168326711707e+07
25 33 -2.4006064118815034e+00
26 26 6.7483505688012168e+07
26 31 -2.4851943032631549e+00
26 54 -3.1921874485369344e+00
27 27 5.6819519340355270e+07
27 32 -2.2776094703938434e+00
27 53 -2.7525467180975416e+00
28 28 6.5497300581494786e+07
28 33 -2.6459232811178577e+00
28 55 -3.1255224185303283e+00
29 29 6.2591987839343995e+07
29 34 -2.4560349731208033e+00
29 52 -3.0391589762721183e+00
30 5 -2.2920744039331939e+00
30 13 -2.3531150635585258e+00
30 30 5.6468663957542636e+07
30 32 -2.5644628737430137e+00
31 12 -2.4477935117381500e+00
31 26 -2.4851943032631549e+00
31 31 6.2298753871473230e+07
31 49 -2.6330912727891480e+00
32 11 -2.4299820064773980e+00
32 27 -2.2776094703938434e+00
32 30 -2.5644628737430137e+00
32 32 5.6407735679076947e+07
33 14 -2.0249676266497367e+00
33 25 -2.4006064118815034e+00
33 28 -2.6459232811178577e+00
33 33 5.0747783558518685e+07
34 2 -2.4055223843600255e+00
34 14 -2.1523040447802493e+00
34 29 -2.4560349731208033e+00
34 34 5.2825701777147360e+07
35 6 -2.1797206017218027e+00
35 24 -2.4707671447247801e+00
35 35 5.2342616380417489e+07
35 65 -2.8207588934205177e+00
36 7 -2.2093968275452438e+00
36 19 -2.4207814920626070e+00
36 36 5.5744330154974364e+07
36 66 -2.9765312094412888e+00
37 37 5.2324312239100948e+07
37 41 -3.0919615237553590e+00
37 54 -1.7914293049235166e+00
38 38 5.2323645174534678e+07
38 42 -3.0919179286330105e+00
38 53 -1.9119223890237944e+00
39 39 5.2292076306784131e+07
39 40 -3.0919179284173843e+00
39 55 -1.8047439436957358e+00
40 39 -3.0919179284173843e+00
40 40 5.2323645004100800e+07
40 58 -1.9108559595878332e+00
41 37 -3.0919615237553590e+00
41 41 5.2324290211574912e+07
41 57 -1.9098360485238881e+00
42 38 -3.0919179286330105e+00
42 42 5.2292076341632783e+07
42 56 -1.8196051015808210e+00
43 43 5.2291439509738289e+07
43 44 -3.0918743676149747e+00
43 59 -1.9103726413360176e+00
44 43 -3.0918743676149747e+00
44 44 5.2291439178672023e+07
44 52 -1.8180561249545206e+00
45 1 -2.3378181838004415e+00
45 45 5.7346945019912034e+07
45 51 -2.7545104747239280e+00
45 64 -2.1477129618245443e+00
46 9 -2.7118414699887543e+00
46 21 -2.6744893711572777e+00
46 46 4.9823054811107129e+07
46 66 -1.9352698802366486e+00
47 8 -1.8423747659950620e+00
47 15 -2.7582078970013919e+00
47 47 5.1774704749042884e+07
47 50 -2.7278512116776983e+00
48 9 -1.8414736020645406e+00
48 15 -2.7966731742188946e+00
48 48 5.4466755468045361e+07
48 51 -2.7934580923309706e+00
49 8 -2.6305622616126589e+00
49 31 -2.6330912727891480e+00
49 49 4.9383376544570632e+07
49 65 -2.0453486181030636e+00
50 47 -2.7278512116776983e+00
50 50 5.0766981321645543e+07
50 64 -3.0863735318132863e+00
50 65 -1.9767747830413922e+00
51 45 -2.7545104747239280e+00
51 48 -2.7934580923309706e+00
51 51 5.1822298074438855e+07
51 66 -1.9741676585732140e+00
52 29 -3.0391589762721183e+00
52 44 -1.8180561249545206e+00
52 52 4.7356530411359854e+07
52 60 -2.4214118013601142e+00
53 27 -2.7525467180975416e+00
53 38 -1.9119223890237944e+00
53 53 4.2807613136992186e+07
53 61 -2.1662436266769451e+00
54 26 -3.1921874485369344e+00
54 37 -1.7914293049235166e+00
54 54 4.8236217641446196e+07
54 62 -2.4229046129300875e+00
55 28 -3.1255224185303283e+00
55 39 -1.8047439436957358e+00
55 55 4.7732016265192509e+07
55 63 -2.4224279445896086e+00
56 16 -3.1144739118604221e+00
56 42 -1.8196051015808210e+00
56 56 4.6716344030121252e+07
56 61 -2.3151902743058614e+00
57 17 -2.8174658129406698e+00
57 41 -1.9098360485238881e+00
57 57 4.2576974293072172e+07
57 62 -2.0978663052046729e+00
58 18 -2.8380095246032773e+00
58 40 -1.9108559595878332e+00
58 58 4.2386508744527474e+07
58 63 -2.0780115393576075e+00
59 22 -2.8390009721109810e+00
59 43 -1.9103726413360176e+00
59 59 4.2408106923966862e+07
59 60 -2.0655016461852251e+00
60 7 -2.7020872645887044e+00
60 52 -2.4214118013601142e+00
60 59 -2.0655016461852251e+00
60 60 4.5654439292604335e+07
61 5 -2.6455287318140694e+00
61 53 -2.1662436266769451e+00
61 56 -2.3151902743058614e+00
61 61 4.5850644581062511e+07
62 3 -2.5441880469106066e+00
62 54 -2.4229046129300875e+00
62 57 -2.0978663052046729e+00
62 62 4.5351376373956375e+07
63 6 -2.6481604094075504e+00
63 55 -2.4224279445896086e+00
63 58 -2.0780115393576075e+00
63 63 4.4878188236330822e+07
64 4 -1.9990022720632894e+00
64 45 -2.1477129618245443e+00
64 50 -3.0863735318132863e+00
64 64 5.0885108409060143e+07
65 35 -2.8207588934205177e+00
65 49 -2.0453486181030636e+00
65 50 -1.9767747830413922e+00
65 65 4.2247637403198972e+07
66 36 -2.9765312094412888e+00
66 46 -1.9352698802366486e+00
66 51 -1.9741676585732140e+00
66 66 4.2647060511240624e+07
