%%MatrixMarket matrix coordinate real general
66 66 244
1 1 7.3652400338536724e+07
1 2 -3.4409521716238949e+00
1 7 -2.5115675395588641e+00
1 45 -2.3378181688887545e+00
2 1 -3.4409521716238949e+00
2 2 6.3790885147706211e+07
2 25 -2.1345342260211613e+00
2 34 -2.4055214022259994e+00
3 3 5.7927809479832165e+07
3 8 -3.0727522725227678e+00
3 20 -2.2786799443320969e+00
3 62 -2.5442084974603936e+00
4 4 5.7164373757622585e+07
4 6 -2.7976471095453155e+00
4 25 -2.8835222748075480e+00
4 64 -1.9990023926644751e+00
5 5 6.0887181988776311e+07
5 9 -3.0412503110203972e+00
5 30 -2.2920829610318632e+00
5 61 -2.6455400654329866e+00
6 4 -2.7976471095453155e+00
6 6 5.4594130381004624e+07
6 35 -2.1797288009541629e+00
6 63 -2.6481716981331522e+00
7 1 -2.5115675395588641e+00
7 7 5.8590308862780079e+07
7 36 -2.2093967012719737e+00
7 60 -2.7020869446435394e+00
8 3 -3.0727522725227678e+00
8 8 5.1216751461937577e+07
8 47 -1.8423755962290991e+00
8 49 -2.6305711649352537e+00
9 5 -3.0412503110203972e+00
9 9 5.3969254432772957e+07
9 46 -2.7118415338931352e+00
9 48 -1.8414737175638469e+00
10 10 5.8803117098450996e+07
10 19 -2.3031064011896905e+00
10 21 -2.4331841849366085e+00
11 11 5.8699941207286999e+07
11 23 -2.3627686609126437e+00
11 32 -2.4302523028393281e+00
12 12 5.8710711904045679e+07
12 24 -2.2833568228687384e+00
12 31 -2.4480486329433049e+00
13 13 5.7099008420022801e+07
13 15 -2.4518462105405270e+00
13 20 -2.3749969167361429e+00
13 30 -2.3531238442079925e+00
14 14 4.7275886053812936e+07
14 33 -2.0249642909197787e+00
14 34 -2.1523004726767625e+00
15 13 -2.4518462105405270e+00
15 15 6.5586988130600594e+07
15 47 -2.7582080874394332e+00
15 48 -2.7966733018054950e+00
16 16 6.6179329786639705e+07
16 21 -2.4761250327254247e+00
16 56 -3.1144760100667330e+00
17 17 5.9775382160379708e+07
17 23 -2.3997792274254217e+00
17 57 -2.8178167056612033e+00
18 18 6.0734266275017984e+07
18 24 -2.5029861522213830e+00
18 58 -2.8383514648846679e+00
19 10 -2.3031064011896905e+00
19 19 5.6668732580924615e+07
19 22 -2.4885216378598463e+00
19 36 -2.4207805264730653e+00
20 3 -2.2786799443320969e+00
20 13 -2.3749969167361429e+00
20 20 5.6108349232870616e+07
20 23 -2.5588140860269681e+00
21 10 -2.4331841849366085e+00
21 16 -2.4761250327254247e+00
21 21 6.2512795243285231e+07
21 46 -2.6744883978670075e+00
22 19 -2.4885216378598463e+00
22 22 6.0507778008599520e+07
22 59 -2.8389965493490767e+00
23 11 -2.3627686609126437e+00
23 17 -2.3997792274254217e+00
23 20 -2.5588140860269681e+00
23 23 5.8118327754425652e+07
24 12 -2.2833568228687384e+00
24 18 -2.5029861522213830e+00
24 24 5.6093057860728711e+07
24 35 -2.4708385297323510e+00
25 2 -2.1345342260211613e+00
25 4 -2.8835222748075480e+00
25 25 5.7425036438759126e+07
25 33 -2.4006054155204510e+00
26 26 6.7684955237857386e+07
26 31 -2.4854262296555070e+00
26 54 -3.1925218277699190e+00
27 27 5.7031613017395958e+07
27 32 -2.2778672110852587e+00
27 53 -2.7528976457223386e+00
28 28 6.5495034374891520e+07
28 33 -2.6459203410070593e+00
28 55 -3.1255244483049038e+00
29 29 6.2589002980822019e+07
29 34 -2.4560315377214752e+00
29 52 -3.0391545687291774e+00
30 5 -2.2920829610318632e+00
30 13 -2.3531238442079925e+00
30 30 5.6477811428763844e+07
30 32 -2.5645369263362601e+00
31 12 -2.4480486329433049e+00
31 26 -2.4854262296555070e+00
31 31 6.2368023221051395e+07
31 49 -2.6331624925152397e+00
32 11 -2.4302523028393281e+00
32 27 -2.2778672110852587e+00
32 30 -2.5645369263362601e+00
32 32 5.6481203061148129e+07
33 14 -2.0249642909197787e+00
33 25 -2.4006054155204510e+00
33 28 -2.6459203410070593e+00
33 33 5.0746790541151099e+07
34 2 -2.4055214022259994e+00
34 14 -2.1523004726767625e+00
34 29 -2.4560315377214752e+00
34 34 5.2824609360625736e+07
35 6 -2.1797288009541629e+00
35 24 -2.4708385297323510e+00
35 35 5.2350987640655786e+07
35 65 -2.8207705616880481e+00
36 7 -2.2093967012719737e+00
36 19 -2.4207805264730653e+00
36 36 5.5744209969852172e+07
36 66 -2.9765310407171133e+00
37 37 5.2572853892398894e+07
37 41 -3.0926283839687665e+00
37 54 -1.7916758827508996e+00
38 38 5.2523673865955137e+07
38 42 -3.0922440336093047e+00
38 53 -1.9121669252246203e+00
39 39 5.2332273814745739e+07
39 40 -3.0922437369465277e+00
39 55 -1.8047748896018252e+00
40 39 -3.0922437369465277e+00
40 40 5.2523423600904949e+07
40 58 -1.9110979826315693e+00
41 37 -3.0926283839687665e+00
41 41 5.2572642250377342e+07
41 57 -1.9101189200888411e+00
42 38 -3.0922440336093047e+00
42 42 5.2332284310244247e+07
42 56 -1.8196365758617334e+00
43 43 5.2287946616884924e+07
43 44 -3.0918661722377125e+00
43 59 -1.9103690546098058e+00
44 43 -3.0918661722377125e+00
44 44 5.2287942560825005e+07
44 52 -1.8180528700346936e+00
45 1 -2.3378181688887545e+00
45 45 5.7346944828839473e+07
45 51 -2.7545104738105870e+00
45 64 -2.1477129760685516e+00
46 9 -2.7118415338931352e+00
46 21 -2.6744883978670075e+00
46 46 4.9822957899128482e+07
46 66 -1.9352697838555970e+00
47 8 -1.8423755962290991e+00
47 15 -2.7582080874394332e+00
47 47 5.1774785296569839e+07
47 50 -2.7278514289655127e+00
48 9 -1.8414737175638469e+00
48 15 -2.7966733018054950e+00
48 48 5.4466770483886331e+07
48 51 -2.7934581073147036e+00
49 8 -2.6305711649352537e+00
49 31 -2.6331624925152397e+00
49 49 4.9390998683867194e+07
49 65 -2.0453566340710592e+00
50 47 -2.7278514289655127e+00
50 50 5.0767106951160289e+07
50 64 -3.0863737062549279e+00
50 65 -1.9767761793238177e+00
51 45 -2.7545104738105870e+00
51 48 -2.7934581073147036e+00
51 51 5.1822297356986761e+07
51 66 -1.9741676405988711e+00
52 29 -3.0391545687291774e+00
52 44 -1.8180528700346936e+00
52 52 4.7355490558086112e+07
52 60 -2.4214104352423478e+00
53 27 -2.7528976457223386e+00
53 38 -1.9121669252246203e+00
53 53 4.2878022068220988e+07
53 61 -2.1663212582688165e+00
54 26 -3.1925218277699190e+00
54 37 -1.7916758827508996e+00
54 54 4.8306526912307695e+07
54 62 -2.4229971824754979e+00
55 28 -3.1255244483049038e+00
55 39 -1.8047748896018252e+00
55 55 4.7736131136468783e+07
55 63 -2.4224412597381031e+00
56 16 -3.1144760100667330e+00
56 42 -1.8196365758617334e+00
56 56 4.6720501342979133e+07
56 61 -2.3152037569011905e+00
57 17 -2.8178167056612033e+00
57 41 -1.9101189200888411e+00
57 57 4.2650475658532888e+07
57 62 -2.0979535728353853e+00
58 18 -2.8383514648846679e+00
58 40 -1.9110979826315693e+00
58 58 4.2454115933049411e+07
58 63 -2.0780845845078608e+00
59 22 -2.8389965493490767e+00
59 43 -1.9103690546098058e+00
59 59 4.2407075509918302e+07
59 60 -2.0655004258171412e+00
60 7 -2.7020869446435394e+00
60 52 -2.4214104352423478e+00
60 59 -2.0655004258171412e+00
60 60 4.5654171174147382e+07
61 5 -2.6455400654329866e+00
61 53 -2.1663212582688165e+00
61 56 -2.3152037569011905e+00
61 61 4.5860320752742261e+07
62 3 -2.5442084974603936e+00
62 54 -2.4229971824754979e+00
62 57 -2.0979535728353853e+00
62 62 4.5369563868984297e+07
63 6 -2.6481716981331522e+00
63 55 -2.4224412597381031e+00
63 58 -2.0780845845078608e+00
63 63 4.4887149487870641e+07
64 4 -1.9990023926644751e+00
64 45 -2.1477129760685516e+00
64 50 -3.0863737062549279e+00
64 64 5.0885126480493665e+07
65 35 -2.8207705616880481e+00
65 49 -2.0453566340710592e+00
65 50 -1.9767761793238177e+00
65 65 4.2249157705425426e+07
66 36 -2.9765310407171133e+00
66 46 -1.9352697838555970e+00
66 51 -1.9741676405988711e+00
66 66 4.2647039992002554e+07
