%%MatrixMarket matrix coordinate real general
66 66 244
1 1 7.3652355565881297e+07
1 2 -3.4409519591281326e+00
1 7 -2.5115674413827467e+00
1 45 -2.3378181392784265e+00
2 1 -3.4409519591281326e+00
2 2 6.3790715767865643e+07
2 25 -2.1345340397811174e+00
2 34 -2.4055208089981650e+00
3 3 5.7933487630832225e+07
3 8 -3.0727612072093677e+00
3 20 -2.2786924508562652e+00
3 62 -2.5442328656228486e+00
4 4 5.7164838323982380e+07
4 6 -2.7976509018913975e+00
4 25 -2.8835226479715459e+00
4 64 -1.9990027948297455e+00
5 5 6.0890880362747714e+07
5 9 -3.0412546709061119e+00
5 30 -2.2920937764967881e+00
5 61 -2.6455535570747752e+00
6 4 -2.7976509018913975e+00
6 6 5.4597538327559099e+07
6 35 -2.1797391492017364e+00
6 63 -2.6481851697552479e+00
7 1 -2.5115674413827467e+00
7 7 5.8590222144977294e+07
7 36 -2.2093965265834035e+00
7 60 -2.7020865623949728e+00
8 3 -3.0727612072093677e+00
8 8 5.1219127977999143e+07
8 47 -1.8423774946463665e+00
8 49 -2.6305825179283135e+00
9 5 -3.0412546709061119e+00
9 9 5.3969741755390875e+07
9 46 -2.7118419831869867e+00
9 48 -1.8414740961095402e+00
10 10 5.8802464358867355e+07
10 19 -2.3031054303112151e+00
10 21 -2.4331833172238002e+00
11 11 5.8747213810479783e+07
11 23 -2.3628504670425814e+00
11 32 -2.4303374962356830e+00
12 12 5.8757223474695094e+07
12 24 -2.2834357758429209e+00
12 31 -2.4481294206954844e+00
13 13 5.7102113541547887e+07
13 15 -2.4518489872972165e+00
13 20 -2.3750079404237789e+00
13 30 -2.3531348513006254e+00
14 14 4.7275401530983806e+07
14 33 -2.0249635626401514e+00
14 34 -2.1522995694181435e+00
15 13 -2.4518489872972165e+00
15 15 6.5587396406122699e+07
15 47 -2.7582087440304419e+00
15 48 -2.7966737442722085e+00
16 16 6.6179853937937371e+07
16 21 -2.4761251005778453e+00
16 56 -3.1144820948989356e+00
17 17 5.9825374714607358e+07
17 23 -2.3998637022755047e+00
17 57 -2.8179299392105275e+00
18 18 6.0783717134867728e+07
18 24 -2.5030737396001532e+00
18 58 -2.8384576064430527e+00
19 10 -2.3031054303112151e+00
19 19 5.6668158680540353e+07
19 22 -2.4885205471418175e+00
19 36 -2.4207799158623957e+00
20 3 -2.2786924508562652e+00
20 13 -2.3750079404237789e+00
20 20 5.6118611812663063e+07
20 23 -2.5588602274887839e+00
21 10 -2.4331833172238002e+00
21 16 -2.4761251005778453e+00
21 21 6.2512358018443778e+07
21 46 -2.6744879332670983e+00
22 19 -2.4885205471418175e+00
22 22 6.0507057740535863e+07
22 59 -2.8389951465468819e+00
23 11 -2.3628504670425814e+00
23 17 -2.3998637022755047e+00
23 20 -2.5588602274887839e+00
23 23 5.8160258851211764e+07
24 12 -2.2834357758429209e+00
24 18 -2.5030737396001532e+00
24 24 5.6133847590207033e+07
24 35 -2.4708837804668886e+00
25 2 -2.1345340397811174e+00
25 4 -2.8835226479715459e+00
25 25 5.7424940661969192e+07
25 33 -2.4006049741880191e+00
26 26 6.7738922875520498e+07
26 31 -2.4855081368265002e+00
26 54 -3.1926395347018852e+00
27 27 5.7078212083502807e+07
27 32 -2.2779477826918830e+00
27 53 -2.7530020605864864e+00
28 28 6.5495508553806216e+07
28 33 -2.6459204045224176e+00
28 55 -3.1255304561641815e+00
29 29 6.2588256499332041e+07
29 34 -2.4560304223745364e+00
29 52 -3.0391531061903296e+00
30 5 -2.2920937764967881e+00
30 13 -2.3531348513006254e+00
30 30 5.6488228644159675e+07
30 32 -2.5645836932138693e+00
31 12 -2.4481294206954844e+00
31 26 -2.4855081368265002e+00
31 31 6.2409489811680555e+07
31 49 -2.6332090370222003e+00
32 11 -2.4303374962356830e+00
32 27 -2.2779477826918830e+00
32 30 -2.5645836932138693e+00
32 32 5.6522919636538036e+07
33 14 -2.0249635626401514e+00
33 25 -2.4006049741880191e+00
33 28 -2.6459204045224176e+00
33 33 5.0746387660904415e+07
34 2 -2.4055208089981650e+00
34 14 -2.1522995694181435e+00
34 29 -2.4560304223745364e+00
34 34 5.2824034938053913e+07
35 6 -2.1797391492017364e+00
35 24 -2.4708837804668886e+00
35 35 5.2360513808624856e+07
35 65 -2.8207850888944028e+00
36 7 -2.2093965265834035e+00
36 19 -2.4207799158623957e+00
36 36 5.5744068446798883e+07
36 66 -2.9765308284097278e+00
37 37 5.2630694110449009e+07
37 41 -3.0927888551710629e+00
37 54 -1.7917526783797242e+00
38 38 5.2559176445227213e+07
38 42 -3.0923219822251453e+00
38 53 -1.9122341375795251e+00
39 39 5.2350340606847450e+07
39 40 -3.0923214414389379e+00
39 55 -1.8047911355013162e+00
40 39 -3.0923214414389379e+00
40 40 5.2558733664438523e+07
40 58 -1.9111644453500649e+00
41 37 -3.0927888551710629e+00
41 41 5.2630988294319145e+07
41 57 -1.9102061285519607e+00
42 38 -3.0923219822251453e+00
42 42 5.2350384309679359e+07
42 56 -1.8196531417105810e+00
43 43 5.2287172260561757e+07
43 44 -3.0918643576673381e+00
43 59 -1.9103679862493839e+00
44 43 -3.0918643576673381e+00
44 44 5.2287171894867569e+07
44 52 -1.8180518882794532e+00
45 1 -2.3378181392784265e+00
45 45 5.7346948018388219e+07
45 51 -2.7545104793643609e+00
45 64 -2.1477130477539692e+00
46 9 -2.7118419831869867e+00
46 21 -2.6744879332670983e+00
46 46 4.9822899260688648e+07
46 66 -1.9352697059960562e+00
47 8 -1.8423774946463665e+00
47 15 -2.7582087440304419e+00
47 47 5.1775082348280199e+07
47 50 -2.7278521554883919e+00
48 9 -1.8414740961095402e+00
48 15 -2.7966737442722085e+00
48 48 5.4466844244692437e+07
48 51 -2.7934581870175590e+00
49 8 -2.6305825179283135e+00
49 31 -2.6332090370222003e+00
49 49 4.9399758020804346e+07
49 65 -2.0453667855622708e+00
50 47 -2.7278521554883919e+00
50 50 5.0767499328957573e+07
50 64 -3.0863742871939008e+00
50 65 -1.9767789321293043e+00
51 45 -2.7545104793643609e+00
51 48 -2.7934581870175590e+00
51 51 5.1822299726364031e+07
51 66 -1.9741676124170293e+00
52 29 -3.0391531061903296e+00
52 44 -1.8180518882794532e+00
52 52 4.7354903941976503e+07
52 60 -2.4214095272148533e+00
53 27 -2.7530020605864864e+00
53 38 -1.9122341375795251e+00
53 53 4.2914050868796177e+07
53 61 -2.1663659772136681e+00
54 26 -3.1926395347018852e+00
54 37 -1.7917526783797242e+00
54 54 4.8347757105547614e+07
54 62 -2.4230601799771807e+00
55 28 -3.1255304561641815e+00
55 39 -1.8047911355013162e+00
55 55 4.7741164824109681e+07
55 63 -2.4224560278888903e+00
56 16 -3.1144820948989356e+00
56 42 -1.8196531417105810e+00
56 56 4.6725567017328016e+07
56 61 -2.3152185954930720e+00
57 17 -2.8179299392105275e+00
57 41 -1.9102061285519607e+00
57 57 4.2691459977740996e+07
57 62 -2.0980109479882829e+00
58 18 -2.8384576064430527e+00
58 40 -1.9111644453500649e+00
58 58 4.2489113420692481e+07
58 63 -2.0781268477616477e+00
59 22 -2.8389951465468819e+00
59 43 -1.9103679862493839e+00
59 59 4.2406514537831225e+07
59 60 -2.0654996325721591e+00
60 7 -2.7020865623949728e+00
60 52 -2.4214095272148533e+00
60 59 -2.0654996325721591e+00
60 60 4.5653884392640471e+07
61 5 -2.6455535570747752e+00
61 53 -2.1663659772136681e+00
61 56 -2.3152185954930720e+00
61 61 4.5870493832877941e+07
62 3 -2.5442328656228486e+00
62 54 -2.4230601799771807e+00
62 57 -2.0980109479882829e+00
62 62 4.5389048743021384e+07
63 6 -2.6481851697552479e+00
63 55 -2.4224560278888903e+00
63 58 -2.0781268477616477e+00
63 63 4.4896640436725430e+07
64 4 -1.9990027948297455e+00
64 45 -2.1477130477539692e+00
64 50 -3.0863742871939008e+00
64 64 5.0885213379376933e+07
65 35 -2.8207850888944028e+00
65 49 -2.0453667855622708e+00
65 50 -1.9767789321293043e+00
65 65 4.2252018710966811e+07
66 36 -2.9765308284097278e+00
66 46 -1.9352697059960562e+00
66 51 -1.9741676124170293e+00
66 66 4.2647004472722873e+07
